/*--------------------------------*- C++ -*----------------------------------*\
| =========                 |                                                 |
| \\      /  F ield         | OpenFOAM: The Open Source CFD Toolbox           |
|  \\    /   O peration     | Version:  2312                                  |
|   \\  /    A nd           | Website:  www.openfoam.com                      |
|    \\/     M anipulation  |                                                 |
\*---------------------------------------------------------------------------*/
FoamFile
{
    version     2.0;
    format      ascii;
    arch        "LSB;label=32;scalar=64";
    class       volScalarField;
    location    "0.65";
    object      p;
}
// * * * * * * * * * * * * * * * * * * * * * * * * * * * * * * * * * * * * * //

dimensions      [0 2 -2 0 0 0 0];

internalField   nonuniform List<scalar> 
5600
(
-1.23048e-08
0.000474
0.000305715
0.000441885
0.000366797
0.000531142
0.00050862
0.000649687
0.000676167
0.000807812
0.000863485
0.00100139
0.00108604
0.001209
0.00131893
0.0014577
0.00158321
0.00172231
0.00186317
0.00201695
0.00217929
0.00235042
0.00252792
0.00271823
0.00291566
0.00312571
0.00334102
0.00356839
0.0038022
0.00405072
0.0043106
0.00458953
0.00488227
0.00518619
0.00548892
0.00578085
0.0060689
0.00635138
0.00656539
0.00653599
2.63256e-06
0.000470889
0.000307596
0.000439296
0.00036942
0.000527441
0.000511227
0.000645478
0.000679008
0.000803135
0.000865526
0.000996332
0.00108695
0.00120381
0.00131835
0.00145251
0.00158032
0.00171685
0.00185825
0.00201273
0.002174
0.00234409
0.00251967
0.00270645
0.00290229
0.00310897
0.00332352
0.00354819
0.00378099
0.00402324
0.00427099
0.0045193
0.00476142
0.00499861
0.00523272
0.00545395
0.00563537
0.00573388
0.00567813
0.00534433
5.00793e-06
0.000469192
0.000308581
0.000438166
0.000370491
0.000525709
0.000512006
0.000643556
0.000679433
0.000801212
0.00086567
0.000994584
0.00108648
0.00120211
0.00131686
0.00145077
0.00157816
0.00171431
0.00185517
0.00200859
0.00216922
0.00233858
0.0025126
0.0026981
0.00289195
0.00309695
0.0033085
0.00352891
0.00375404
0.00398515
0.00421793
0.0044477
0.00466908
0.00488547
0.00509704
0.00529225
0.00544335
0.00551341
0.00544075
0.00511824
9.01957e-06
0.000464895
0.000310937
0.000434561
0.000373636
0.000520757
0.000515301
0.000638222
0.000682855
0.000795306
0.000868009
0.000988323
0.00108722
0.00119566
0.00131584
0.00144544
0.00157394
0.00170914
0.00184908
0.00200149
0.0021614
0.00232792
0.00250078
0.0026825
0.00287384
0.00307441
0.00328257
0.00349734
0.00371391
0.00392617
0.00413006
0.00432923
0.00452682
0.00471973
0.00489632
0.00503854
0.00512118
0.00511041
0.0049539
0.00455839
1.26322e-05
0.000461041
0.000312902
0.000432057
0.00037582
0.000517106
0.000516793
0.000634292
0.000683663
0.000791671
0.000868065
0.00098524
0.00108602
0.00119225
0.00131248
0.00144203
0.00156925
0.0017032
0.00184227
0.00199345
0.00215165
0.00231586
0.0024862
0.00266461
0.0028519
0.003047
0.00324737
0.00345071
0.00365295
0.0038499
0.00403629
0.00421438
0.00438957
0.00455845
0.00470729
0.00481812
0.00486926
0.00483285
0.00466311
0.00427278
1.76187e-05
0.00045485
0.000316357
0.000427156
0.000379957
0.00051057
0.000520979
0.000627631
0.000687175
0.000784676
0.000869202
0.000979017
0.00108378
0.00118893
0.001308
0.001436
0.00156241
0.00169506
0.0018331
0.00198242
0.00213872
0.00229973
0.00246683
0.00264063
0.00282241
0.00301035
0.00320158
0.0033915
0.00357377
0.00374621
0.00391362
0.00407967
0.0042418
0.00439199
0.00451779
0.00460365
0.00462975
0.0045684
0.00437452
0.00396171
2.25338e-05
0.000448413
0.000319572
0.000423097
0.000383299
0.000504712
0.000522995
0.000622013
0.000688216
0.00078013
0.000868161
0.000976084
0.00108005
0.00118417
0.00130223
0.00142923
0.00155454
0.00168568
0.00182191
0.00196909
0.00212274
0.00227997
0.00244252
0.0026104
0.00278456
0.00296246
0.00314014
0.00331287
0.00347612
0.00363178
0.00378593
0.00393983
0.00408783
0.00422107
0.00432885
0.00439834
0.00441209
0.00434398
0.00414827
0.00373461
2.88421e-05
0.000439494
0.000324388
0.000416673
0.000388612
0.000496434
0.000527585
0.000614151
0.000689387
0.0007743
0.000865127
0.000973284
0.00107499
0.00117771
0.00129493
0.00142119
0.00154457
0.00167407
0.00180774
0.00195239
0.0021028
0.00225559
0.00241214
0.00257219
0.00273576
0.00290032
0.00306116
0.00321347
0.00336003
0.00350568
0.00365082
0.00379328
0.00392711
0.00404563
0.00413973
0.00419925
0.00420887
0.0041447
0.00396264
0.00357451
3.53948e-05
0.000429665
0.000329105
0.000410897
0.000392797
0.000488545
0.000529151
0.000607828
0.000689207
0.000771165
0.000860967
0.000968502
0.00106919
0.00117039
0.00128649
0.00141121
0.0015328
0.00165979
0.00179081
0.00193178
0.00207855
0.00222578
0.00237556
0.00252607
0.00267542
0.00281902
0.00295856
0.00309707
0.00323433
0.00336984
0.00350257
0.00363232
0.00375724
0.00387455
0.00397796
0.00405743
0.00409504
0.00405942
0.00388912
0.00346061
4.3388e-05
0.0004172
0.00033516
0.000403193
0.000399002
0.000478773
0.000532902
0.000600036
0.000685258
0.000768068
0.000856698
0.00096197
0.00106259
0.0011613
0.00127651
0.0013988
0.00151887
0.00164217
0.00177064
0.00190655
0.00204891
0.00218826
0.00232747
0.0024637
0.0025953
0.00272471
0.00285424
0.00298266
0.00310676
0.00322265
0.00332734
0.00342068
0.00350631
0.00359156
0.00367976
0.00376174
0.00383552
0.00392748
0.0041091
0.00452004
5.19306e-05
0.000403125
0.000341365
0.000395845
0.000402949
0.000469675
0.000532225
0.000597458
0.000681367
0.000763033
0.000850268
0.000954679
0.00105424
0.00115088
0.00126426
0.00138444
0.00150193
0.00162128
0.00174599
0.00187636
0.00201237
0.00214179
0.00226463
0.00238398
0.00250493
0.00262707
0.00274764
0.00286275
0.00297018
0.00306994
0.00316444
0.00325867
0.00335821
0.00346249
0.00356156
0.0036501
0.00373683
0.00384906
0.00404037
0.00441186
6.19539e-05
0.000386313
0.000347807
0.000388482
0.000408338
0.000462248
0.000526005
0.000593337
0.000677637
0.00075737
0.000842655
0.000946177
0.00104391
0.00113868
0.00124932
0.00136757
0.00148164
0.00159642
0.00171568
0.00183876
0.00196433
0.00208049
0.00218881
0.00229827
0.00241215
0.00252652
0.00263681
0.00274042
0.0028373
0.00293087
0.00302692
0.00312774
0.00322612
0.00331453
0.00339171
0.00346533
0.00355261
0.00368314
0.0039075
0.00432168
7.26429e-05
0.000367859
0.0003542
0.000380683
0.00040852
0.000458971
0.000520251
0.000587501
0.000672182
0.000751228
0.000834035
0.000936161
0.00103176
0.00112406
0.00123176
0.00134735
0.00145756
0.00156634
0.00167852
0.0017919
0.00190367
0.00200771
0.00210843
0.00221009
0.00231278
0.00241321
0.00251179
0.00261282
0.0027182
0.00282329
0.00292203
0.00301064
0.00308825
0.00315706
0.00322219
0.0032938
0.00338839
0.00353145
0.00376728
0.00418363
8.482e-05
0.00034607
0.000359222
0.000377936
0.000406191
0.000454999
0.000514563
0.000579793
0.000663996
0.000743396
0.000823908
0.000924397
0.00101751
0.00110678
0.0012111
0.0013232
0.00142855
0.00152897
0.00163071
0.00173235
0.00183429
0.00193201
0.00202787
0.00212435
0.00222277
0.00231963
0.00241169
0.0024984
0.00258133
0.00266486
0.0027533
0.00284303
0.00292498
0.00299553
0.00305995
0.00313033
0.00322399
0.00336644
0.00360101
0.00401416
9.74833e-05
0.000325348
0.000360584
0.00037419
0.000401233
0.000449842
0.000509378
0.000572927
0.000655268
0.000733525
0.000811379
0.000910216
0.0010009
0.00108639
0.00118673
0.00129412
0.00139248
0.00148211
0.00157282
0.00166673
0.00176259
0.00185337
0.00194054
0.00202595
0.002112
0.00219917
0.00228821
0.0023811
0.00247423
0.00256239
0.00264137
0.0027101
0.0027699
0.00282488
0.00288136
0.00294889
0.00304198
0.0031843
0.00341853
0.00383178
0.000111113
0.000304062
0.000356805
0.000372056
0.000397605
0.000444694
0.000503196
0.00056465
0.000644845
0.000721537
0.00079629
0.000893095
0.000981239
0.00106201
0.0011575
0.00125829
0.00134754
0.00142688
0.00151025
0.00159794
0.00168699
0.00176889
0.00184563
0.00192212
0.00200331
0.00209175
0.00218439
0.00227608
0.00236067
0.00243506
0.00249801
0.00255134
0.00259845
0.00264458
0.00269621
0.00276223
0.00285579
0.00299927
0.00323441
0.00364796
0.000124959
0.000284642
0.000348343
0.000368671
0.00039313
0.000438455
0.00049578
0.00055485
0.000632531
0.000707752
0.000778809
0.00087268
0.000957914
0.00103286
0.00112203
0.00121461
0.00129489
0.00136693
0.00144423
0.00152524
0.00160699
0.00168253
0.00175318
0.00182395
0.0018976
0.0019758
0.00205744
0.00214101
0.00221958
0.00228779
0.00234368
0.00238965
0.00243031
0.0024714
0.00251948
0.00258321
0.00267546
0.00281818
0.00305288
0.00346623
0.000138773
0.000265547
0.00033546
0.000364167
0.000388893
0.000432053
0.000487569
0.000544114
0.000618424
0.000691494
0.000758237
0.000847977
0.000929614
0.00099754
0.00107894
0.00116383
0.0012382
0.00130416
0.00137464
0.00144774
0.00151975
0.00158536
0.00164628
0.00171086
0.00178379
0.0018653
0.00194741
0.00202314
0.00208815
0.00214214
0.00218664
0.00222458
0.00225964
0.00229674
0.00234193
0.0024035
0.00249411
0.0026356
0.00286942
0.00328229
0.000152496
0.000249147
0.000316961
0.000357238
0.000383882
0.000424897
0.000478377
0.000532041
0.000602105
0.000672452
0.000734065
0.000818073
0.00089548
0.000954595
0.00102789
0.00110808
0.00117842
0.00123793
0.00129981
0.00136505
0.00142947
0.00148903
0.00154408
0.00160189
0.0016668
0.00173994
0.00181603
0.00188632
0.00194469
0.00199062
0.00202689
0.00205779
0.00208763
0.00212105
0.00216366
0.00222333
0.00231249
0.00245284
0.00268583
0.00309829
0.000162985
0.000235203
0.000298939
0.000345793
0.000376267
0.000416322
0.000467917
0.000518561
0.000583911
0.00065068
0.000705103
0.000780367
0.00085438
0.0009083
0.000974074
0.00104865
0.00111385
0.00116624
0.001219
0.00127618
0.00133321
0.00138582
0.0014339
0.00148497
0.00154476
0.00161395
0.00168471
0.00174777
0.00179793
0.00183579
0.00186506
0.00189039
0.00191605
0.00194644
0.00198684
0.00204488
0.00213278
0.00227219
0.00250453
0.00291667
0.000170277
0.000225882
0.000280384
0.000328274
0.000365014
0.000405947
0.000455786
0.000502838
0.000562187
0.000624887
0.000673242
0.000739295
0.000809406
0.000858305
0.000915196
0.000982778
0.00104222
0.00108785
0.00113166
0.00118061
0.00123094
0.00127817
0.00132166
0.00136771
0.00142233
0.00148625
0.00155085
0.00160611
0.0016474
0.00167671
0.00169901
0.00171939
0.00174189
0.00177033
0.00180939
0.00186633
0.00195326
0.00209181
0.00232349
0.00273534
0.000174661
0.000216386
0.000262849
0.000309239
0.000349285
0.000391751
0.000440453
0.000484265
0.000537672
0.000596035
0.000638948
0.000694648
0.000758895
0.000803093
0.000850436
0.000909871
0.000963569
0.001003
0.00103844
0.00107899
0.00112293
0.00116597
0.00120678
0.0012505
0.00130205
0.00136002
0.00141574
0.00146087
0.00149243
0.00151356
0.00152966
0.00154591
0.001566
0.00159322
0.00163163
0.00168805
0.00177438
0.00191229
0.00214344
0.00255506
0.000175728
0.000207186
0.000246542
0.00028962
0.000328635
0.000371934
0.000420901
0.000462349
0.000509818
0.000563573
0.000601737
0.000646203
0.000702734
0.000742627
0.00078046
0.000830458
0.000878178
0.000912279
0.000940313
0.000973009
0.00101119
0.00105142
0.00109145
0.00113401
0.00118107
0.00123038
0.00127523
0.00130984
0.00133272
0.00134728
0.00135871
0.00137193
0.00139034
0.00141678
0.00145485
0.00151102
0.00159698
0.00173441
0.00196513
0.00237658
0.000173327
0.000197332
0.000230155
0.00026918
0.000305637
0.000347096
0.000395717
0.00043578
0.000478197
0.000526681
0.000560888
0.000594893
0.000641317
0.000676789
0.000706068
0.000745166
0.000786002
0.00081556
0.000837815
0.000863921
0.000897219
0.000935573
0.000975667
0.0010167
0.00105747
0.00109621
0.00112924
0.00115372
0.00116938
0.00117928
0.0011878
0.00119914
0.00121635
0.00124206
0.00127971
0.00133557
0.00142122
0.00155831
0.00178872
0.00220006
0.000167166
0.000186239
0.000213449
0.000248223
0.000281212
0.000318119
0.000363881
0.000402485
0.000440675
0.000484304
0.000515564
0.000541373
0.000576563
0.0006061
0.000628207
0.000655973
0.000687894
0.000712846
0.000731015
0.000752401
0.000782259
0.000819631
0.000859333
0.000896632
0.000929253
0.000956892
0.000978815
0.000994482
0.00100448
0.00101125
0.00101814
0.00102843
0.00104478
0.00106971
0.00110677
0.00116219
0.00124752
0.00138436
0.00161468
0.00202612
0.000157635
0.00017277
0.000195262
0.00022567
0.000255237
0.0002876
0.000328468
0.000362839
0.000395556
0.000433577
0.000462105
0.000483704
0.000509452
0.000531506
0.000547391
0.000565117
0.000586937
0.000605701
0.00062034
0.000638782
0.000666354
0.000702042
0.000738391
0.000769653
0.000794006
0.000812421
0.000825782
0.00083479
0.000840456
0.000844749
0.000850246
0.00085958
0.000875126
0.000899341
0.000935774
0.000990711
0.00107571
0.00121231
0.00144242
0.00185382
0.000144475
0.000156636
0.000174999
0.000200857
0.000226648
0.000253663
0.000289456
0.000319718
0.000346072
0.000377269
0.000401009
0.000418888
0.000438153
0.000452903
0.000463047
0.000473667
0.000486987
0.000499295
0.000509782
0.000524822
0.000548774
0.000580313
0.000611717
0.000637011
0.000654799
0.000666728
0.000674388
0.000678819
0.000681126
0.000683102
0.000687053
0.0006953
0.000710001
0.00073351
0.000769386
0.000823932
0.000908733
0.00104535
0.00127573
0.00168763
0.000127358
0.000137197
0.000151848
0.000173027
0.000194955
0.000216467
0.000246486
0.000272793
0.000292976
0.000317689
0.00033608
0.000347984
0.000361251
0.000368737
0.000371455
0.00037497
0.000380953
0.000386846
0.000392059
0.000402917
0.000423708
0.000452004
0.000478901
0.000498242
0.000509562
0.000515668
0.000518919
0.000520334
0.000520562
0.000520867
0.000523275
0.000530056
0.000543445
0.000565866
0.000600904
0.00065485
0.00073929
0.000875768
0.00110622
0.00151846
0.000107111
0.000114367
0.000125296
0.000141489
0.000159504
0.0001758
0.000199287
0.000221738
0.000236284
0.000254435
0.000268912
0.00027521
0.000283621
0.000288019
0.00028594
0.000283945
0.000285018
0.000286977
0.000287569
0.00029195
0.00030569
0.000327888
0.0003498
0.000363921
0.000369251
0.000369408
0.000368103
0.00036691
0.000366043
0.000365814
0.000367478
0.000373032
0.000384902
0.000405834
0.00043962
0.000492545
0.000576026
0.000711503
0.000940902
0.00135209
8.15725e-05
8.73759e-05
9.5519e-05
0.000107118
0.000120938
0.000132447
0.000148468
0.000165821
0.000174836
0.000184488
0.000193224
0.000192293
0.000191015
0.000188287
0.000179078
0.000168444
0.000161667
0.00015962
0.000159547
0.000163276
0.00017431
0.000191789
0.000209296
0.000220274
0.00022296
0.000220016
0.000215228
0.000210966
0.000208128
0.000207129
0.000208949
0.000215278
0.000228388
0.000251036
0.000287061
0.000342705
0.000429245
0.000567903
0.000800438
0.00121473
5.45271e-05
5.49543e-05
5.94656e-05
6.73971e-05
7.86406e-05
8.67867e-05
9.67907e-05
0.000109016
0.00011518
0.000119254
0.000126041
0.000125891
0.000123161
0.0001211
0.000115002
0.000105134
9.49167e-05
8.5713e-05
7.49501e-05
6.20252e-05
5.04978e-05
4.51759e-05
4.87229e-05
5.94424e-05
7.07414e-05
7.66839e-05
7.55489e-05
6.85733e-05
5.80658e-05
4.61705e-05
3.5203e-05
2.77059e-05
2.66788e-05
3.55483e-05
5.87991e-05
0.000103149
0.000180195
0.000311334
0.000538574
0.000950268
1.89319e-05
2.13078e-05
2.36288e-05
2.60545e-05
2.99996e-05
3.23601e-05
3.47459e-05
3.96087e-05
4.03554e-05
3.59764e-05
3.22064e-05
2.35351e-05
9.39694e-06
-5.06135e-06
-2.10808e-05
-3.89922e-05
-5.58841e-05
-6.76505e-05
-7.30728e-05
-7.28331e-05
-6.78587e-05
-6.0167e-05
-5.25541e-05
-4.85234e-05
-5.00983e-05
-5.67055e-05
-6.56061e-05
-7.37391e-05
-7.88481e-05
-7.98838e-05
-7.6351e-05
-6.7639e-05
-5.2379e-05
-2.81103e-05
9.27828e-06
6.6575e-05
0.000155562
0.00029777
0.000535112
0.000955588
-2.63123e-05
-1.92183e-05
-1.43628e-05
-1.28072e-05
-1.34159e-05
-1.65682e-05
-2.01572e-05
-2.00505e-05
-1.94353e-05
-2.15161e-05
-2.35835e-05
-2.69638e-05
-3.44555e-05
-4.25933e-05
-5.10981e-05
-6.09365e-05
-7.22287e-05
-8.34052e-05
-9.41703e-05
-0.000105595
-0.000118518
-0.000132648
-0.000147377
-0.000162772
-0.000179684
-0.000199048
-0.0002212
-0.000245956
-0.000273147
-0.000302925
-0.000335933
-0.000373231
-0.000416435
-0.000467992
-0.00053194
-0.000615138
-0.000729658
-0.000897492
-0.0011611
-0.0016091
-6.23591e-05
-6.28097e-05
-6.59932e-05
-7.14864e-05
-7.90401e-05
-8.65119e-05
-9.39599e-05
-0.000102501
-0.000112089
-0.000125501
-0.000141646
-0.000160071
-0.000181924
-0.000204881
-0.000226525
-0.00024584
-0.000261488
-0.000271265
-0.000274051
-0.000272901
-0.000272541
-0.000276084
-0.00028365
-0.000293597
-0.000303907
-0.000313065
-0.000320088
-0.000324272
-0.00032504
-0.00032191
-0.000314396
-0.000301789
-0.000282813
-0.000255175
-0.000214896
-0.000155158
-6.40549e-05
8.00969e-05
0.000319261
0.000741365
-0.000110552
-0.000110748
-0.00011371
-0.000117968
-0.000124838
-0.000132909
-0.000139297
-0.000146845
-0.000154911
-0.000163721
-0.000173274
-0.00018366
-0.000195987
-0.000209557
-0.000223389
-0.000237826
-0.000253803
-0.000271604
-0.000290815
-0.000311284
-0.000333328
-0.00035737
-0.000383556
-0.000411827
-0.000442151
-0.000474454
-0.000508685
-0.000544798
-0.000582798
-0.000622825
-0.000665302
-0.000711068
-0.00076159
-0.000819298
-0.00088821
-0.000975116
-0.00109187
-0.00126013
-0.00152186
-0.00196499
-0.000162528
-0.00016607
-0.000175332
-0.00018774
-0.000202828
-0.000220996
-0.000237821
-0.000255539
-0.000275403
-0.000297234
-0.000320632
-0.000344759
-0.000369467
-0.000393163
-0.000413308
-0.0004277
-0.000435994
-0.000440548
-0.000444829
-0.000451296
-0.000460802
-0.000472809
-0.000485938
-0.000498491
-0.00050909
-0.000516931
-0.000521695
-0.000523317
-0.000521785
-0.000516947
-0.000508392
-0.000495297
-0.000476222
-0.000448752
-0.000408862
-0.000349741
-0.000259513
-0.000116517
0.000121202
0.000541595
-0.000213934
-0.000215604
-0.000221382
-0.000230195
-0.000240438
-0.000253946
-0.000267099
-0.000279597
-0.000293077
-0.000307774
-0.000323423
-0.000339409
-0.0003562
-0.000373991
-0.000392594
-0.000411754
-0.000431732
-0.000453035
-0.000476023
-0.000500757
-0.000527151
-0.000555151
-0.000584799
-0.00061621
-0.000649323
-0.000683975
-0.000719987
-0.000757251
-0.000795793
-0.000835845
-0.000877916
-0.000922912
-0.000972331
-0.00102862
-0.00109582
-0.00118073
-0.00129523
-0.00146099
-0.00171999
-0.00216021
-0.000281689
-0.000287465
-0.000300112
-0.000318973
-0.000340627
-0.000365315
-0.000391311
-0.000417063
-0.000442672
-0.000468415
-0.000493842
-0.000516925
-0.000535794
-0.000549575
-0.000559141
-0.000566741
-0.00057448
-0.000583756
-0.000595031
-0.000607907
-0.000621327
-0.000634072
-0.000645113
-0.000653837
-0.000660109
-0.000664054
-0.000665793
-0.000665332
-0.000662504
-0.000656969
-0.00064815
-0.000635121
-0.000616382
-0.000589483
-0.000550376
-0.000492237
-0.000403175
-0.000261531
-2.53494e-05
0.000393321
-0.00032852
-0.000329592
-0.000334357
-0.000344346
-0.000357984
-0.000373922
-0.000391593
-0.000410193
-0.000429103
-0.000449426
-0.000472275
-0.000496131
-0.000518168
-0.000537223
-0.000554199
-0.000570272
-0.000586161
-0.000602245
-0.000619101
-0.000637288
-0.00065713
-0.000678561
-0.000701416
-0.000725623
-0.000751215
-0.000778245
-0.000806775
-0.00083684
-0.000868546
-0.000902145
-0.000938177
-0.00097758
-0.0010219
-0.00107362
-0.0011368
-0.00121828
-0.00132994
-0.00149348
-0.00175093
-0.00219038
-0.000415132
-0.000421557
-0.000435098
-0.000456487
-0.000484023
-0.00051411
-0.000545329
-0.000575837
-0.000602991
-0.000626546
-0.000647454
-0.000665469
-0.000680058
-0.000691396
-0.00070057
-0.000708138
-0.00071421
-0.0007187
-0.000721921
-0.000724191
-0.00072567
-0.000726144
-0.000725351
-0.000723067
-0.000719293
-0.000714109
-0.000707602
-0.00069972
-0.000690287
-0.000678951
-0.000665158
-0.000647991
-0.000625965
-0.000596637
-0.000555976
-0.000497177
-0.000408408
-0.000268091
-3.44282e-05
0.000380286
0.00629818
0.00637021
0.00664756
0.00682195
0.00681574
0.00663448
0.00633778
0.00599602
0.00566111
0.0053612
0.00510707
0.0048985
0.00472779
0.00458408
0.00445684
0.00433761
0.0042206
0.00410237
0.00398145
0.00385771
0.00373198
0.00360548
0.00347956
0.00335526
0.00323329
0.00311377
0.0029965
0.00288083
0.00276598
0.00265113
0.00253543
0.00241829
0.00229901
0.00217734
0.0020528
0.00192536
0.00179455
0.00166014
0.00152141
0.00137765
0.001228
0.00107092
0.000905209
0.000728555
0.000539381
0.000334933
0.000113991
-0.000126677
-0.000389606
-0.000685154
-0.00101173
-0.00136784
-0.00176888
-0.00223049
-0.00277778
-0.00339693
-0.00407998
-0.00482557
-0.00558857
-0.00632178
-0.00692674
-0.00726878
-0.0072831
-0.00701923
-0.00661891
-0.00618791
-0.00577828
-0.00547658
-0.00531754
-0.00522073
-0.00517203
-0.0051925
-0.00525732
-0.00533217
-0.00540901
-0.00549852
-0.00559043
-0.00568978
-0.00579635
-0.00589441
-0.00600165
-0.00611043
-0.00620801
-0.00631556
-0.00641898
-0.0065033
-0.00658754
-0.00667105
-0.00674237
-0.00680339
-0.00686174
-0.00691827
-0.00696836
-0.00701363
-0.00706358
-0.00711324
-0.00716355
-0.00721332
-0.00726442
-0.00731061
0.00497297
0.00504646
0.00549827
0.00593891
0.00620345
0.00625222
0.00611007
0.00584916
0.00554611
0.00525449
0.00500123
0.0047948
0.00463151
0.00449979
0.00438608
0.00427912
0.00417159
0.00405986
0.00394305
0.00382184
0.00369789
0.00357289
0.00344846
0.00332564
0.00320513
0.00308695
0.00297086
0.00285619
0.00274218
0.00262802
0.00251288
0.00239618
0.00227721
0.00215575
0.00203128
0.00190399
0.00177335
0.0016392
0.00150072
0.00135723
0.00120782
0.00105097
0.000885449
0.000709033
0.000520151
0.000316091
9.56835e-05
-0.000144494
-0.000406367
-0.000701115
-0.00102651
-0.00138108
-0.00178062
-0.00223881
-0.00278168
-0.00339518
-0.00407079
-0.00480771
-0.00556233
-0.00628886
-0.0068908
-0.0072342
-0.00725345
-0.00699511
-0.00660078
-0.00617537
-0.00576833
-0.00546742
-0.00530976
-0.00521403
-0.0051658
-0.00518693
-0.00525223
-0.00532728
-0.00540449
-0.00549457
-0.00558698
-0.00568675
-0.0057937
-0.00589208
-0.00599971
-0.00610882
-0.00620663
-0.00631445
-0.00641811
-0.00650259
-0.00658698
-0.00667063
-0.00674204
-0.00680314
-0.00686155
-0.00691813
-0.00696825
-0.00701354
-0.00706351
-0.00711318
-0.00716351
-0.0072133
-0.0072644
-0.00731059
0.004781
0.00488578
0.00537951
0.00586514
0.0061707
0.00625243
0.00613089
0.00587695
0.0055701
0.00526878
0.00500423
0.0047876
0.00461719
0.00448199
0.00436762
0.0042614
0.00415473
0.00404318
0.00392558
0.00380277
0.00367674
0.0035496
0.00342326
0.00329896
0.00317739
0.00305854
0.00294201
0.00282701
0.00271271
0.00259823
0.00248279
0.0023658
0.00224664
0.0021251
0.00200067
0.00187322
0.00174213
0.00160735
0.00146812
0.00132394
0.00117376
0.0010163
0.000850161
0.000673339
0.000484384
0.000280293
6.04792e-05
-0.000179725
-0.00044082
-0.000733465
-0.00105706
-0.00140965
-0.00180707
-0.00226017
-0.00279232
-0.00339269
-0.00405216
-0.00476603
-0.00549308
-0.00619177
-0.00677488
-0.0071199
-0.0071615
-0.00693342
-0.00656443
-0.00615824
-0.00576616
-0.00547306
-0.00531699
-0.00522099
-0.00517183
-0.00519117
-0.00525499
-0.00532925
-0.00540567
-0.00549492
-0.00558664
-0.00568599
-0.0057927
-0.00589081
-0.0059982
-0.00610719
-0.00620492
-0.00631273
-0.00641646
-0.00650104
-0.00658559
-0.00666941
-0.00674101
-0.00680229
-0.00686087
-0.0069176
-0.00696787
-0.00701328
-0.00706333
-0.00711307
-0.00716344
-0.00721327
-0.00726443
-0.00731063
0.00418454
0.00426866
0.00475746
0.00526438
0.00561429
0.00575879
0.00570868
0.00552278
0.00527274
0.00501499
0.00478237
0.00458854
0.00443506
0.00431434
0.00421426
0.00412271
0.00403057
0.00393252
0.00382665
0.00371338
0.00359478
0.0034734
0.00335173
0.0032315
0.00311373
0.00299858
0.00288562
0.00277392
0.00266248
0.0025504
0.00243687
0.00232143
0.00220348
0.00208295
0.0019593
0.00183264
0.00170226
0.00156819
0.00142949
0.00128581
0.00113593
0.000978726
0.000812753
0.000636079
0.00044748
0.000243626
2.4468e-05
-0.000215606
-0.000475781
-0.000765947
-0.00108787
-0.00143838
-0.00183286
-0.00227991
-0.00279996
-0.0033848
-0.00402448
-0.00471411
-0.0054129
-0.00608306
-0.00664753
-0.0069929
-0.00705568
-0.00685654
-0.0065129
-0.0061292
-0.00575281
-0.00546647
-0.00531164
-0.00521698
-0.00516875
-0.0051878
-0.00525051
-0.00532382
-0.00540019
-0.00548973
-0.0055816
-0.00568107
-0.00578792
-0.00588624
-0.00599392
-0.00610322
-0.00620114
-0.00630908
-0.00641308
-0.006498
-0.00658284
-0.00666694
-0.00673886
-0.00680044
-0.0068593
-0.00691629
-0.0069668
-0.00701242
-0.00706266
-0.00711255
-0.00716303
-0.007213
-0.0072643
-0.00731055
0.00391804
0.00402082
0.00453478
0.00506987
0.00544882
0.00562194
0.00559813
0.00543419
0.00520072
0.00495436
0.00472893
0.00453926
0.00438817
0.00426949
0.004172
0.00408379
0.00399541
0.00390094
0.00379791
0.00368643
0.00356852
0.003447
0.00332473
0.00320383
0.00308557
0.00297019
0.00285722
0.00274559
0.00263414
0.00252181
0.00240782
0.00229174
0.00217312
0.00205196
0.0019278
0.00180073
0.00167004
0.00153565
0.00139654
0.00125232
0.00110183
0.000943915
0.000777403
0.000600086
0.000411331
0.000207236
-1.16909e-05
-0.000251366
-0.000511026
-0.000799033
-0.00111925
-0.0014673
-0.0018579
-0.00229865
-0.00280635
-0.00337433
-0.00399404
-0.00465837
-0.00532769
-0.00596759
-0.00650971
-0.00685079
-0.00693148
-0.00676457
-0.00645289
-0.00609465
-0.00573831
-0.00546353
-0.00531258
-0.00522002
-0.00517258
-0.00519016
-0.00525085
-0.005323
-0.00539875
-0.00548758
-0.00557876
-0.00567763
-0.00578408
-0.0058821
-0.00598949
-0.00609867
-0.00619653
-0.00630434
-0.00640838
-0.00649352
-0.00657858
-0.00666294
-0.00673528
-0.00679732
-0.00685657
-0.00691396
-0.0069649
-0.00701092
-0.00706146
-0.00711162
-0.00716231
-0.0072125
-0.00726402
-0.0073104
0.00359197
0.00368635
0.00419593
0.00473194
0.00511669
0.00529998
0.00528966
0.00514122
0.00492434
0.00469515
0.00448709
0.00431463
0.00418026
0.00407742
0.00399459
0.00391973
0.00384335
0.00375965
0.00366628
0.0035635
0.0034535
0.0033393
0.00322385
0.00310935
0.00299701
0.0028871
0.00277904
0.00267183
0.00256422
0.00245529
0.00234416
0.00223063
0.00211423
0.00199515
0.00187286
0.00174753
0.00161839
0.00148534
0.00134743
0.00120411
0.00105447
0.000897113
0.000731344
0.000554523
0.000366651
0.000163335
-5.45281e-05
-0.000292853
-0.000551519
-0.000836554
-0.00115389
-0.00149873
-0.00188446
-0.002318
-0.00281237
-0.00336268
-0.00396126
-0.00459965
-0.00523954
-0.00584879
-0.00636894
-0.00670671
-0.00680651
-0.00667258
-0.00639167
-0.00605943
-0.00572325
-0.00545909
-0.00531021
-0.00521818
-0.00517147
-0.00518819
-0.00524712
-0.00531788
-0.0053931
-0.0054818
-0.00557282
-0.00567149
-0.00577783
-0.00587585
-0.00598325
-0.00609262
-0.00619057
-0.00629827
-0.0064025
-0.00648805
-0.0065734
-0.0066581
-0.00673091
-0.00679345
-0.00685312
-0.00691096
-0.00696237
-0.00700887
-0.00705975
-0.00711026
-0.0071612
-0.00721172
-0.00726349
-0.00731006
0.00336239
0.00345658
0.00396514
0.00449676
0.00487544
0.00505315
0.00504063
0.0048961
0.00469025
0.00447848
0.00429268
0.00414503
0.00403543
0.00395468
0.00388955
0.00382765
0.00376026
0.00368275
0.00359397
0.00349524
0.00338946
0.00327987
0.00316925
0.00305944
0.00295125
0.00284466
0.002739
0.00263334
0.00252666
0.00241823
0.00230738
0.002194
0.00207771
0.00195872
0.00183649
0.00171117
0.00158197
0.00144876
0.00131063
0.00116694
0.00101699
0.000859133
0.000693077
0.000515889
0.000327936
0.000124798
-9.28635e-05
-0.000330201
-0.000588204
-0.000870735
-0.00118507
-0.00152707
-0.00190736
-0.00233289
-0.00281431
-0.00334642
-0.00392344
-0.00453622
-0.00514682
-0.00572601
-0.006225
-0.00655875
-0.00667418
-0.00657103
-0.0063223
-0.00601709
-0.00570212
-0.00545045
-0.00530565
-0.00521625
-0.00517112
-0.00518743
-0.00524482
-0.00531454
-0.00538945
-0.00547782
-0.00556842
-0.0056666
-0.00577258
-0.00587036
-0.0059775
-0.00608681
-0.00618468
-0.00629217
-0.00639645
-0.00648229
-0.00656787
-0.00665281
-0.00672609
-0.00678915
-0.00684926
-0.00690756
-0.00695951
-0.00700653
-0.0070578
-0.00710871
-0.00715994
-0.0072108
-0.00726288
-0.00730968
0.00322651
0.00334264
0.00386673
0.00439178
0.0047445
0.00488198
0.00482617
0.00464917
0.00442894
0.00421953
0.00404702
0.00391904
0.00383075
0.00376884
0.003718
0.00366581
0.00360476
0.00353182
0.00344727
0.00335361
0.00325421
0.00315221
0.00304983
0.00294822
0.00284762
0.00274762
0.00264741
0.00254621
0.00244323
0.00233804
0.00223019
0.00211968
0.00200619
0.00188983
0.00177015
0.00164706
0.00151997
0.00138849
0.00125202
0.00110964
0.000960992
0.000804203
0.000639258
0.000463172
0.000276323
7.47179e-05
-0.000141657
-0.000376761
-0.000632887
-0.000912169
-0.00122213
-0.00156007
-0.00193351
-0.0023498
-0.0028176
-0.00333061
-0.00388519
-0.00447183
-0.00505346
-0.00560332
-0.00608102
-0.00640938
-0.00653903
-0.00646687
-0.00625116
-0.00597398
-0.00568111
-0.00544263
-0.00530218
-0.00521461
-0.00517063
-0.00518606
-0.00524186
-0.00531031
-0.00538433
-0.00547216
-0.00556235
-0.00566012
-0.00576587
-0.0058635
-0.00597046
-0.00607986
-0.0061778
-0.00628512
-0.00638954
-0.00647579
-0.00656166
-0.00664694
-0.00672076
-0.00678439
-0.00684499
-0.00690381
-0.00695634
-0.00700394
-0.00705561
-0.00710696
-0.00715851
-0.00720975
-0.00726213
-0.00730918
0.00303746
0.00309083
0.00354129
0.00400172
0.00431359
0.00444233
0.00441069
0.00428069
0.00411623
0.00396036
0.00383302
0.00373859
0.00367073
0.00361774
0.00356865
0.0035161
0.00345615
0.00338755
0.00331093
0.003228
0.00314078
0.00305095
0.00295961
0.00286727
0.00277398
0.00267949
0.00258336
0.00248526
0.00238476
0.00228174
0.00217589
0.00206726
0.00195551
0.0018407
0.00172234
0.00160033
0.00147412
0.00134324
0.00120728
0.00106518
0.000916787
0.000760184
0.000595408
0.000419672
0.000233078
3.23443e-05
-0.000183337
-0.000416865
-0.00067125
-0.000947946
-0.00125342
-0.00158714
-0.00195402
-0.0023603
-0.00281457
-0.00330875
-0.00384033
-0.0044012
-0.00495484
-0.00547605
-0.00593242
-0.00625534
-0.00639768
-0.00635464
-0.00617218
-0.00592369
-0.00565353
-0.00542932
-0.00529452
-0.00520996
-0.00516789
-0.00518308
-0.00523747
-0.00530483
-0.00537857
-0.00546621
-0.00555609
-0.00565354
-0.0057591
-0.00585663
-0.00596342
-0.00607286
-0.00617081
-0.00627791
-0.00638243
-0.00646906
-0.00655521
-0.00664079
-0.00671515
-0.00677938
-0.00684048
-0.00689984
-0.00695297
-0.00700118
-0.00705329
-0.00710509
-0.00715698
-0.00720864
-0.00726135
-0.00730868
0.00491379
0.0048332
0.00434516
0.00383914
0.00347538
0.0032891
0.0032588
0.00332321
0.00341805
0.00349919
0.00354544
0.00355138
0.00352235
0.00346954
0.00340388
0.00333302
0.00326135
0.00319065
0.00312092
0.00305113
0.00297988
0.00290597
0.00282861
0.00274748
0.00266262
0.00257429
0.00248279
0.00238844
0.00229134
0.00219164
0.00208915
0.00198385
0.00187536
0.00176355
0.00164799
0.00152844
0.00140449
0.00127559
0.00114145
0.00100099
0.000854087
0.000699001
0.000535588
0.000361468
0.000176308
-2.2458e-05
-0.000236176
-0.000467189
-0.000718402
-0.000991615
-0.00129144
-0.00161945
-0.00197874
-0.00237347
-0.00281337
-0.00328834
-0.00379607
-0.0043309
-0.00485708
-0.00535027
-0.00578568
-0.00610253
-0.0062558
-0.00624021
-0.00609085
-0.00587191
-0.00562525
-0.00541624
-0.00528796
-0.00520637
-0.00516591
-0.00518053
-0.00523353
-0.00529994
-0.00537302
-0.00546021
-0.00554967
-0.00564661
-0.0057519
-0.00584923
-0.00595574
-0.00606521
-0.00616318
-0.00627002
-0.00637465
-0.00646171
-0.00654815
-0.00663408
-0.00670904
-0.00677391
-0.00683556
-0.0068955
-0.0069493
-0.00699817
-0.00705075
-0.00710304
-0.00715532
-0.0072074
-0.00726045
-0.00730807
0.00473213
0.00458845
0.00402476
0.00345208
0.00304585
0.0028496
0.00284232
0.00295257
0.00310195
0.00323493
0.00332379
0.00336008
0.00334793
0.00330028
0.00323255
0.00315764
0.00308366
0.00301427
0.00295
0.00288919
0.00282917
0.00276735
0.00270171
0.0026311
0.00255512
0.00247403
0.00238834
0.00229878
0.0022058
0.00210985
0.0020109
0.001909
0.00180376
0.00169498
0.00158221
0.00146514
0.00134337
0.00121634
0.00108379
0.000944732
0.000799015
0.000645117
0.000482771
0.000309939
0.000126034
-7.11449e-05
-0.000282927
-0.000511733
-0.000759718
-0.00102942
-0.00132384
-0.00164534
-0.00199713
-0.00238003
-0.00280502
-0.00326142
-0.00374522
-0.00425409
-0.00475393
-0.0052203
-0.00563484
-0.00594523
-0.00610806
-0.00611769
-0.00600107
-0.00581237
-0.00559011
-0.00539724
-0.00527655
-0.00519896
-0.00516077
-0.00517542
-0.00522743
-0.00529303
-0.00536578
-0.0054528
-0.00554203
-0.00563863
-0.00574372
-0.00584096
-0.00594729
-0.00605684
-0.0061549
-0.00626154
-0.0063663
-0.00645384
-0.00654064
-0.00662693
-0.00670251
-0.00676809
-0.00683032
-0.00689088
-0.00694538
-0.00699495
-0.00704805
-0.00710086
-0.00715354
-0.00720608
-0.00725951
-0.00730745
0.00467457
0.00455597
0.0040073
0.00342417
0.00298481
0.00273799
0.00267446
0.00273766
0.00285799
0.0029805
0.00307316
0.00312259
0.00312746
0.00309571
0.00304
0.00297287
0.00290384
0.00283833
0.00277821
0.00272283
0.00266984
0.00261628
0.00255949
0.00249772
0.00243006
0.00235643
0.00227718
0.00219309
0.00210474
0.00201279
0.00191744
0.00181889
0.00171684
0.00161114
0.00150133
0.00138707
0.00126795
0.00114336
0.00101301
0.000875975
0.000732084
0.00057995
0.000419333
0.000248329
6.64566e-05
-0.000128597
-0.000337606
-0.00056351
-0.000807458
-0.0010726
-0.00136108
-0.00167468
-0.00201809
-0.00238845
-0.00279733
-0.00323517
-0.00369498
-0.00417754
-0.00465194
-0.00509253
-0.00548654
-0.00579011
-0.00596113
-0.00599386
-0.00590888
-0.00575077
-0.00555348
-0.00537742
-0.00526534
-0.00519231
-0.00515645
-0.00517086
-0.00522181
-0.00528679
-0.00535904
-0.00544572
-0.00553459
-0.00563066
-0.00573551
-0.00583261
-0.00593858
-0.00604818
-0.00614629
-0.00625264
-0.00635753
-0.00644554
-0.00653267
-0.00661933
-0.00669557
-0.00676187
-0.00682471
-0.00688592
-0.00694118
-0.00699149
-0.00704512
-0.00709849
-0.00715162
-0.00720463
-0.00725844
-0.00730672
0.00452723
0.00439925
0.00383638
0.00323554
0.00277709
0.00251144
0.00243149
0.002483
0.00259764
0.00272048
0.00281877
0.00287821
0.00289601
0.00287801
0.00283495
0.00277826
0.00271712
0.00265741
0.00260182
0.00255061
0.00250227
0.00245442
0.00240448
0.00235042
0.00229085
0.00222523
0.00215348
0.00207611
0.00199365
0.00190684
0.00181603
0.00172158
0.00162338
0.00152132
0.00141501
0.00130403
0.00118802
0.00106631
0.000938708
0.000804269
0.000662899
0.000513163
0.000354946
0.000186315
7.05003e-06
-0.000185337
-0.000391169
-0.000613512
-0.000853174
-0.0011129
-0.00139526
-0.00170027
-0.00203434
-0.00239232
-0.00278427
-0.00320369
-0.00364022
-0.00409636
-0.00454617
-0.00496244
-0.00533618
-0.00563236
-0.0058104
-0.00586375
-0.00580889
-0.00568149
-0.00551003
-0.00535175
-0.00524923
-0.00518171
-0.00514876
-0.00516338
-0.0052137
-0.00527832
-0.00535032
-0.00543685
-0.00552554
-0.00562125
-0.00572598
-0.00582303
-0.00592877
-0.00603846
-0.00613672
-0.00624285
-0.00634788
-0.00643645
-0.00652399
-0.00661106
-0.00668802
-0.00675513
-0.00681863
-0.00688056
-0.00693662
-0.00698772
-0.00704197
-0.00709591
-0.00714952
-0.00720306
-0.00725728
-0.00730593
0.00435406
0.00422267
0.00365562
0.00305089
0.00258923
0.00232103
0.00223901
0.00228875
0.00240194
0.00252391
0.00262222
0.00268278
0.00270286
0.00268816
0.00264904
0.00259652
0.00253945
0.00248358
0.00243163
0.00238407
0.00233966
0.0022963
0.00225153
0.00220331
0.00215006
0.00209097
0.0020257
0.00195449
0.00187772
0.00179603
0.00170985
0.00161956
0.00152526
0.00142682
0.00132404
0.00121642
0.00110371
0.000985115
0.000860521
0.000728871
0.000590177
0.000442972
0.000287292
0.000121205
-5.52835e-05
-0.000244647
-0.000447087
-0.000665314
-0.000900375
-0.00115403
-0.00142966
-0.00172576
-0.00204929
-0.00239482
-0.00276944
-0.00316994
-0.00358426
-0.0040141
-0.00444004
-0.00483375
-0.00518779
-0.00547628
-0.0056603
-0.00573212
-0.0057054
-0.00560844
-0.00546336
-0.00532358
-0.00523168
-0.0051706
-0.00514107
-0.00515593
-0.00520555
-0.00527
-0.00534176
-0.00542813
-0.00551666
-0.00561187
-0.00571642
-0.00581341
-0.00591877
-0.00602853
-0.00612691
-0.00623273
-0.00633789
-0.00642701
-0.00651494
-0.00660242
-0.00668012
-0.00674804
-0.00681224
-0.00687489
-0.0069318
-0.00698375
-0.00703861
-0.00709319
-0.00714732
-0.00720137
-0.00725601
-0.00730505
0.00417218
0.00404025
0.00347168
0.00286517
0.00240155
0.00213122
0.00204698
0.00209458
0.00220592
0.00232651
0.00242404
0.00248452
0.00250526
0.002492
0.00245503
0.00240526
0.00235141
0.00229911
0.002251
0.00220751
0.00216743
0.00212866
0.00208882
0.00204584
0.00199815
0.00194484
0.00188547
0.00182012
0.00174907
0.00167279
0.00159174
0.00150621
0.00141641
0.00132217
0.00122344
0.00111966
0.00101069
0.000895701
0.000774575
0.000646272
0.000510778
0.000366756
0.000214179
5.13538e-05
-0.000121797
-0.000307372
-0.00050582
-0.000719179
-0.000948953
-0.00119589
-0.0014639
-0.0017507
-0.00206262
-0.00239539
-0.00275258
-0.00313357
-0.00352659
-0.00393064
-0.00433277
-0.00470556
-0.00504055
-0.00532056
-0.00550967
-0.00559788
-0.00559709
-0.00552959
-0.00541107
-0.0052904
-0.0052099
-0.00515608
-0.00513055
-0.00514595
-0.00519516
-0.00525975
-0.00533147
-0.00541776
-0.00550621
-0.00560101
-0.00570549
-0.00580251
-0.00590756
-0.00601741
-0.00611599
-0.00622156
-0.00632686
-0.00641663
-0.00650503
-0.00659295
-0.00667146
-0.0067403
-0.00680524
-0.00686868
-0.00692652
-0.00697938
-0.00703494
-0.00709017
-0.00714486
-0.0071995
-0.0072546
-0.00730405
0.00398783
0.00385525
0.00328552
0.00267756
0.00221237
0.00194042
0.00185464
0.0019009
0.00201121
0.00213116
0.00222849
0.00228926
0.00231083
0.0022989
0.00226376
0.00221626
0.00216508
0.00211577
0.00207096
0.00203104
0.00199479
0.00196009
0.00192458
0.00188618
0.00184333
0.00179505
0.00174089
0.00168081
0.00161504
0.00154393
0.0014679
0.00138717
0.00130198
0.00121214
0.00111762
0.00101791
0.000912867
0.000801716
0.000684315
0.000559689
0.000427772
0.000287352
0.000138343
-2.07496e-05
-0.000190076
-0.000371369
-0.000565274
-0.000773279
-0.000997113
-0.00123691
-0.00149651
-0.00177365
-0.00207338
-0.00239279
-0.00273297
-0.0030941
-0.00346664
-0.00384605
-0.0042245
-0.00457777
-0.0048948
-0.00516575
-0.00535902
-0.0054619
-0.00548442
-0.00544519
-0.00535349
-0.00525264
-0.00518455
-0.00513895
-0.00511832
-0.00513479
-0.00518365
-0.00524853
-0.00532039
-0.00540679
-0.00549539
-0.00558978
-0.00569416
-0.00579128
-0.00589595
-0.00600589
-0.00610471
-0.00620999
-0.00631543
-0.00640584
-0.00649471
-0.00658309
-0.00666243
-0.0067322
-0.00679794
-0.00686219
-0.00692099
-0.00697481
-0.00703107
-0.00708702
-0.00714231
-0.00719753
-0.0072531
-0.00730299
0.00380604
0.00367283
0.00310176
0.00249234
0.00202583
0.00175275
0.00166612
0.00171183
0.00182188
0.00194182
0.0020394
0.00210065
0.00212295
0.00211199
0.00207806
0.00203201
0.00198254
0.00193523
0.0018927
0.00185536
0.00182199
0.00179047
0.00175843
0.00172377
0.00168493
0.00164091
0.00159123
0.0015358
0.00147479
0.00140849
0.00133723
0.00126121
0.00118059
0.00109523
0.00100505
0.000909598
0.000808679
0.000701631
0.000588236
0.000467625
0.00033967
0.000203262
5.83165e-05
-9.65715e-05
-0.000261499
-0.000438025
-0.000626744
-0.000828885
-0.0010461
-0.00127826
-0.0015288
-0.00179572
-0.00208293
-0.00238819
-0.0027117
-0.00305291
-0.00340518
-0.00376164
-0.00411697
-0.00445201
-0.0047525
-0.00501364
-0.00520982
-0.00532543
-0.0053685
-0.00535595
-0.00529092
-0.00521036
-0.00515548
-0.00511889
-0.00510387
-0.00512178
-0.00517045
-0.00523592
-0.00530808
-0.00539462
-0.0054834
-0.00557738
-0.00568172
-0.00577901
-0.0058833
-0.00599333
-0.00609242
-0.00619741
-0.00630297
-0.00639411
-0.0064835
-0.00657236
-0.00665258
-0.00672339
-0.00678995
-0.00685508
-0.00691492
-0.00696976
-0.00702682
-0.0070835
-0.00713944
-0.00719532
-0.00725139
-0.00730172
0.00362191
0.00348817
0.00291607
0.00230556
0.0018381
0.0015643
0.00147721
0.00152273
0.0016328
0.00175293
0.00185084
0.00191258
0.0019355
0.00192531
0.00189231
0.0018474
0.00179928
0.00175356
0.0017129
0.00167771
0.00164679
0.00161802
0.00158901
0.00155765
0.00152235
0.0014821
0.00143639
0.00138511
0.0013284
0.00126651
0.00119973
0.00112824
0.00105215
0.000971334
0.000885648
0.00079466
0.00069816
0.000595496
0.000486488
0.000370248
0.00024672
0.000114768
-2.55796e-05
-0.000175729
-0.000335684
-0.000506862
-0.000689805
-0.00088546
-0.00109545
-0.00131934
-0.00156028
-0.00181634
-0.00209077
-0.0023814
-0.00268851
-0.0030102
-0.00334225
-0.00367735
-0.00401016
-0.00432745
-0.00461293
-0.00486395
-0.00506159
-0.00518865
-0.00524993
-0.00526182
-0.00522292
-0.00516287
-0.00512193
-0.00509518
-0.00508668
-0.00510682
-0.00515552
-0.00522161
-0.00529418
-0.00538101
-0.00547033
-0.00556405
-0.00566835
-0.00576591
-0.00586982
-0.00597994
-0.00607943
-0.00618416
-0.00628985
-0.00638174
-0.00647171
-0.00656108
-0.00664224
-0.00671412
-0.0067816
-0.00684762
-0.00690856
-0.0069645
-0.00702235
-0.00707985
-0.00713648
-0.007193
-0.0072496
-0.00730043
0.00343779
0.00330362
0.00273064
0.00211926
0.00165111
0.00137683
0.00128951
0.001335
0.00144521
0.0015656
0.00166387
0.00172606
0.00174953
0.00173999
0.00170777
0.00166377
0.00161674
0.00157231
0.00153316
0.00149973
0.00147082
0.00144434
0.00141788
0.00138935
0.00135712
0.00132019
0.00127802
0.00123051
0.00117774
0.00111996
0.00105741
0.000990247
0.00091856
0.000842189
0.00076101
0.000674535
0.000582593
0.000484472
0.000380086
0.000268476
0.000149693
2.25573e-05
-0.000112797
-0.000257717
-0.000412204
-0.000577428
-0.000754032
-0.00094255
-0.00114476
-0.00135978
-0.00159071
-0.00183542
-0.00209689
-0.00237278
-0.00266348
-0.00296649
-0.00327854
-0.00359363
-0.00390515
-0.00420498
-0.00447707
-0.00471792
-0.00491546
-0.00505263
-0.00512971
-0.00516357
-0.00514987
-0.00511049
-0.00508404
-0.00506787
-0.00506673
-0.00508976
-0.00513866
-0.00520564
-0.00527886
-0.00536613
-0.00545615
-0.00554963
-0.00565397
-0.00575194
-0.00585547
-0.00596569
-0.0060656
-0.00617006
-0.00627587
-0.00636856
-0.00645915
-0.00654902
-0.00663114
-0.00670417
-0.00677257
-0.00683955
-0.00690163
-0.00695872
-0.00701747
-0.00707579
-0.00713315
-0.00719042
-0.00724753
-0.00729883
0.00325602
0.00312138
0.00254753
0.00193532
0.0014665
0.00119178
0.00110423
0.00114969
0.00126001
0.00138061
0.00147917
0.00154172
0.00156562
0.00155658
0.00152496
0.00148168
0.00143551
0.0013921
0.00135415
0.00132214
0.00129488
0.00127028
0.00124596
0.00121981
0.00119021
0.00115615
0.00111709
0.0010729
0.00102369
0.00096965
0.00091104
0.000847941
0.000780482
0.000708416
0.000631684
0.000549702
0.000462379
0.000368914
0.000269314
0.000162578
4.88026e-05
-7.31417e-05
-0.000203165
-0.000342372
-0.000490966
-0.000649674
-0.00081946
-0.00100027
-0.00119421
-0.00139988
-0.0016204
-0.00185346
-0.00210174
-0.00236294
-0.00263721
-0.00292237
-0.00321493
-0.00351098
-0.00380275
-0.00408544
-0.00434508
-0.00457625
-0.00477203
-0.00491777
-0.0050087
-0.00506171
-0.00507198
-0.00505302
-0.00504141
-0.00503653
-0.00504336
-0.00507029
-0.00511997
-0.00518794
-0.00526192
-0.00534956
-0.00544057
-0.0055341
-0.00563849
-0.00573698
-0.00584017
-0.00595042
-0.00605085
-0.00615508
-0.00626099
-0.00635452
-0.00644579
-0.00653621
-0.00661934
-0.00669359
-0.00676301
-0.00683098
-0.00689429
-0.00695264
-0.0070123
-0.00707152
-0.00712967
-0.00718768
-0.0072454
-0.00729725
0.0030746
0.0029396
0.00236501
0.00175206
0.00128265
0.00100754
0.000919802
0.000965253
0.00107569
0.00119651
0.00129535
0.00135824
0.00138254
0.00137397
0.00134289
0.00130024
0.00125481
0.00121229
0.00117538
0.00114459
0.00111875
0.00109578
0.00107331
0.00104924
0.00102195
0.00099042
0.000954133
0.000912925
0.000866939
0.000816323
0.000761363
0.000702077
0.000638626
0.000570705
0.000498299
0.000420779
0.000338076
0.000249375
0.000154672
5.30462e-05
-5.55011e-05
-0.000171899
-0.000296271
-0.000429349
-0.000571653
-0.00072341
-0.000885911
-0.00105861
-0.00124377
-0.00143979
-0.00164944
-0.00187072
-0.00210555
-0.00235225
-0.00261024
-0.00287818
-0.00315212
-0.00342977
-0.00370345
-0.00396936
-0.00421711
-0.00443936
-0.00463202
-0.00478458
-0.0048878
-0.00495722
-0.0049895
-0.00499065
-0.00499407
-0.00500092
-0.00501652
-0.0050483
-0.00509918
-0.00516831
-0.0052432
-0.00533139
-0.00542363
-0.00551728
-0.00562178
-0.00572099
-0.00582385
-0.00593416
-0.00603518
-0.00613921
-0.00624521
-0.00633962
-0.00643162
-0.00652264
-0.00660683
-0.00668237
-0.00675285
-0.00682189
-0.00688645
-0.00694609
-0.00700675
-0.0070669
-0.00712587
-0.00718466
-0.00724292
-0.00729524
0.00289431
0.002759
0.00218376
0.00157016
0.00110026
0.000824816
0.000736946
0.000782425
0.000893013
0.00101405
0.00111318
0.0011764
0.00120108
0.00119294
0.00116235
0.00112026
0.0010755
0.00103374
0.000997744
0.000968003
0.000943391
0.000921827
0.000900972
0.000878702
0.000853439
0.000824126
0.000790288
0.000751733
0.00070864
0.000661126
0.000609508
0.000553769
0.000494091
0.000430148
0.00036193
0.000288817
0.000210693
0.000126808
3.7054e-05
-5.93169e-05
-0.000162485
-0.000273097
-0.000391547
-0.000518173
-0.000653809
-0.000798264
-0.000953043
-0.00111732
-0.00129325
-0.00147938
-0.00167787
-0.00188727
-0.0021086
-0.002341
-0.0025831
-0.00283436
-0.00309069
-0.00335063
-0.00360756
-0.00385759
-0.00409358
-0.00430784
-0.00449645
-0.00465374
-0.00476785
-0.00485097
-0.00490315
-0.00492375
-0.00494206
-0.00496112
-0.00498579
-0.00502335
-0.00507623
-0.00514673
-0.00522283
-0.00531143
-0.00540499
-0.00549914
-0.0056038
-0.00570387
-0.00580656
-0.00591685
-0.00601852
-0.00612244
-0.00622851
-0.00632383
-0.00641664
-0.00650827
-0.00659353
-0.00667043
-0.00674204
-0.00681212
-0.00687804
-0.00693908
-0.00700076
-0.00706191
-0.00712177
-0.00718142
-0.00724039
-0.00729332
0.00271581
0.00258023
0.00200439
0.0013902
0.000919847
0.000644128
0.000556154
0.000601676
0.000712411
0.000833666
0.000933053
0.000996581
0.0010216
0.00101385
0.000983686
0.000942091
0.000897902
0.000856821
0.000821612
0.00079279
0.00076925
0.000748917
0.000729473
0.000708794
0.000685318
0.000657983
0.000626331
0.00059017
0.000549691
0.000505021
0.000456477
0.000404057
0.000347916
0.000287773
0.000223563
0.000154749
8.11154e-05
2.04065e-06
-8.27403e-05
-0.000173773
-0.000271429
-0.000376099
-0.000488387
-0.000608374
-0.000737017
-0.000873978
-0.00102066
-0.00117634
-0.00134272
-0.0015188
-0.00170594
-0.00190342
-0.0021114
-0.00232966
-0.00255645
-0.00279152
-0.0030313
-0.00327426
-0.00351548
-0.00375065
-0.00397494
-0.00418168
-0.00436586
-0.0045258
-0.0046493
-0.00474408
-0.00481354
-0.00485258
-0.00488554
-0.0049168
-0.00495108
-0.00499521
-0.00505089
-0.00512313
-0.00520059
-0.00528965
-0.00538473
-0.00547954
-0.00558442
-0.00568558
-0.00578817
-0.00589846
-0.00600088
-0.00610473
-0.00621089
-0.00630715
-0.00640081
-0.00649312
-0.00657949
-0.00665782
-0.00673063
-0.00680187
-0.00686915
-0.00693164
-0.00699444
-0.00705661
-0.0071174
-0.00717789
-0.00723741
-0.00729081
0.00253932
0.0024035
0.00182711
0.00121239
0.000741628
0.000465664
0.000377612
0.000423191
0.000534078
0.000655542
0.00075518
0.000818989
0.000844328
0.00083692
0.000807156
0.000766011
0.000722346
0.000681874
0.000647379
0.000619384
0.000596808
0.00057758
0.000559404
0.000540159
0.000518293
0.000492753
0.000463085
0.00042911
0.000391026
0.000348982
0.000303288
0.000253977
0.000201171
0.000144644
8.42742e-05
1.96204e-05
-4.96252e-05
-0.000123964
-0.000203789
-0.000289494
-0.000381577
-0.000480263
-0.000586249
-0.000699504
-0.000820963
-0.000950299
-0.00108869
-0.00123562
-0.00139231
-0.00155822
-0.00173405
-0.00191956
-0.00211445
-0.00231877
-0.00253087
-0.00275043
-0.00297462
-0.00320166
-0.00342794
-0.00364947
-0.00386214
-0.00406147
-0.0042412
-0.00440171
-0.00453303
-0.00463756
-0.00472157
-0.00477778
-0.00482476
-0.0048683
-0.00491228
-0.00496356
-0.00502303
-0.00509729
-0.00517656
-0.00526608
-0.00536254
-0.00545839
-0.00556357
-0.00566592
-0.00576865
-0.00587893
-0.00598212
-0.00608599
-0.00619224
-0.00628944
-0.00638402
-0.00647705
-0.00656455
-0.0066444
-0.0067185
-0.00679086
-0.0068596
-0.00692368
-0.00698763
-0.00705089
-0.00711269
-0.00717413
-0.00723443
-0.00728849
0.00236547
0.00222945
0.00165257
0.00103735
0.000566231
0.000290062
0.000201965
0.000247626
0.000358685
0.000480372
0.000580268
0.000644364
0.000670017
0.000662954
0.000633577
0.00059287
0.00054971
0.00050982
0.000475999
0.000448783
0.000427103
0.000408904
0.000391896
0.000373973
0.000353587
0.0003297
0.000301854
0.000269897
0.000234018
0.000194407
0.000151355
0.000104949
5.5274e-05
2.17007e-06
-5.45371e-05
-0.000115203
-0.000180197
-0.000249931
-0.000324869
-0.000405324
-0.000491826
-0.00058455
-0.000684155
-0.000790652
-0.000904811
-0.00102647
-0.00115646
-0.00129459
-0.00144158
-0.00159729
-0.00176199
-0.00193565
-0.00211788
-0.00230864
-0.00250668
-0.00271134
-0.00292067
-0.00313278
-0.00334493
-0.00355383
-0.00375547
-0.00394733
-0.00412278
-0.00428248
-0.00441958
-0.00453246
-0.00462826
-0.00469992
-0.00476044
-0.00481585
-0.00486958
-0.00492846
-0.00499249
-0.00506933
-0.0051508
-0.00524086
-0.00533877
-0.0054358
-0.00554136
-0.00564509
-0.00574814
-0.00585844
-0.00596249
-0.00606642
-0.00617279
-0.00627094
-0.00636645
-0.00646028
-0.00654894
-0.00663033
-0.00670576
-0.00677933
-0.00684951
-0.00691515
-0.00698034
-0.0070447
-0.00710755
-0.00716992
-0.00723082
-0.00728536
0.00219332
0.00205718
0.00147992
0.000864317
0.000392905
0.000116572
2.84472e-05
7.41972e-05
0.000185427
0.000307338
0.000407494
0.000471877
0.000497845
0.000491127
0.00046213
0.000421853
0.000379183
0.000339858
0.000306687
0.000280222
0.000259401
0.000242186
0.000226293
0.000209632
0.000190656
0.000168343
0.000142235
0.000112201
7.84249e-05
4.11292e-05
5.95585e-07
-4.30466e-05
-8.97278e-05
-0.000139561
-0.000192741
-0.000249573
-0.000310444
-0.00037572
-0.000445875
-0.000521197
-0.000602196
-0.000689043
-0.000782319
-0.00088208
-0.000988955
-0.00110289
-0.00122451
-0.00135376
-0.00149115
-0.00163666
-0.00179043
-0.00195244
-0.00212237
-0.00230005
-0.00248457
-0.00267517
-0.00287026
-0.00306834
-0.0032669
-0.00346374
-0.00365491
-0.00383894
-0.00401015
-0.00416811
-0.00430919
-0.00442912
-0.00453441
-0.00461946
-0.00469231
-0.00475919
-0.00482265
-0.00488934
-0.00495878
-0.00503858
-0.00512274
-0.00521363
-0.00531277
-0.00541123
-0.00551726
-0.00562248
-0.00572613
-0.00583654
-0.00594156
-0.0060457
-0.00615218
-0.0062513
-0.00634785
-0.00644254
-0.00653239
-0.00661546
-0.00669242
-0.00676721
-0.00683893
-0.00690634
-0.00697284
-0.00703837
-0.00710229
-0.00716565
-0.00722738
-0.00728257
0.00202755
0.00189152
0.0013141
0.00069823
0.000226573
-4.9941e-05
-0.000138151
-9.23853e-05
1.89442e-05
0.000141014
0.000241369
0.000305981
0.000332203
0.000325763
0.000297076
0.000257147
0.000214879
0.000176022
0.000143396
0.000117566
9.7482e-05
8.11175e-05
6.61954e-05
5.06412e-05
3.29105e-05
1.20014e-05
-1.25469e-05
-4.08401e-05
-7.26987e-05
-0.00010787
-0.000146077
-0.000187164
-0.000231076
-0.000277897
-0.000327825
-0.000381129
-0.00043818
-0.000499315
-0.000564979
-0.000635459
-0.000711206
-0.000792422
-0.000879581
-0.000972819
-0.00107262
-0.00117904
-0.00129253
-0.00141314
-0.00154124
-0.00167685
-0.00182009
-0.00197089
-0.00212906
-0.00229431
-0.002466
-0.00264341
-0.00282519
-0.00301022
-0.00319616
-0.00338163
-0.00356292
-0.00373904
-0.00390564
-0.00406113
-0.00420407
-0.00432946
-0.00444215
-0.00453837
-0.00462257
-0.0047002
-0.00477303
-0.00484755
-0.0049228
-0.00500599
-0.00509327
-0.00518531
-0.0052856
-0.00538552
-0.00549197
-0.00559874
-0.00570319
-0.00581372
-0.0059198
-0.00602424
-0.00613082
-0.0062308
-0.00632826
-0.00642387
-0.00651489
-0.0065996
-0.00667803
-0.00675409
-0.00682729
-0.00689645
-0.00696436
-0.00703106
-0.0070962
-0.00716061
-0.00722301
-0.00727873
0.00185879
0.00172278
0.00114512
0.000529073
5.73951e-05
-0.000218954
-0.000306818
-0.000260565
-0.000148652
-2.59395e-05
7.5098e-05
0.000140426
0.000167393
0.000161731
0.000133857
9.47876e-05
5.34292e-05
1.5543e-05
-1.60461e-05
-4.07653e-05
-5.96618e-05
-7.47532e-05
-8.83158e-05
-0.000102416
-0.000118598
-0.000137855
-0.000160644
-0.000187058
-0.000216914
-0.000249936
-0.000285841
-0.000324442
-0.000365669
-0.00040958
-0.000456357
-0.000506246
-0.000559598
-0.000616732
-0.000678066
-0.000743882
-0.000814591
-0.000890401
-0.000971719
-0.0010587
-0.00115175
-0.00125098
-0.00135672
-0.00146907
-0.0015883
-0.00171448
-0.0018477
-0.0019879
-0.0021349
-0.00228848
-0.00244807
-0.00261315
-0.00278246
-0.00295526
-0.00312946
-0.00330404
-0.00347607
-0.00364433
-0.00380601
-0.00395869
-0.00410211
-0.00423168
-0.0043502
-0.00445572
-0.0045499
-0.00463742
-0.0047193
-0.00480142
-0.00488302
-0.00497004
-0.0050609
-0.00515485
-0.00525633
-0.00535795
-0.00546491
-0.00557323
-0.00567887
-0.0057897
-0.0058971
-0.00600215
-0.00610889
-0.00620978
-0.00630832
-0.00640499
-0.00649729
-0.00658369
-0.00666381
-0.00674113
-0.00681587
-0.00688691
-0.00695621
-0.00702416
-0.00709039
-0.0071558
-0.00721906
-0.0072754
0.00169149
0.00155463
0.000975993
0.000359207
-0.00011291
-0.000389414
-0.000477204
-0.000430739
-0.000318548
-0.000195531
-9.41709e-05
-2.84982e-05
-1.156e-06
-6.40156e-06
-3.38043e-05
-7.23365e-05
-0.000113082
-0.000150269
-0.000181066
-0.000204887
-0.000222776
-0.000236738
-0.000249049
-0.000261766
-0.000276433
-0.000294036
-0.000315033
-0.000339504
-0.000367263
-0.000398018
-0.000431478
-0.000467438
-0.000505819
-0.000546661
-0.000590132
-0.000636462
-0.000685979
-0.000738993
-0.000795886
-0.000856944
-0.000922532
-0.000992867
-0.00106829
-0.00114898
-0.00123527
-0.00132728
-0.00142531
-0.00152944
-0.00163993
-0.00175682
-0.00188023
-0.0020101
-0.00214631
-0.00228868
-0.00243672
-0.00259007
-0.00274762
-0.00290882
-0.00307198
-0.00323621
-0.00339932
-0.00355991
-0.00371617
-0.00386559
-0.00400805
-0.00414009
-0.0042628
-0.00437529
-0.00447779
-0.00457391
-0.00466409
-0.00475335
-0.00484121
-0.00493217
-0.00502655
-0.0051227
-0.00522533
-0.00532859
-0.00543597
-0.0055457
-0.00565264
-0.00576364
-0.00587228
-0.00597809
-0.00608504
-0.00618675
-0.00628623
-0.00638402
-0.00647757
-0.0065657
-0.00664757
-0.00672628
-0.00680254
-0.0068755
-0.00694646
-0.00701567
-0.00708326
-0.00714985
-0.00721386
-0.00727079
0.00155649
0.00142108
0.000843613
0.000227746
-0.000243608
-0.000519449
-0.000606624
-0.000559551
-0.000446751
-0.000323136
-0.000221204
-0.000154994
-0.000127152
-0.000131929
-0.000158882
-0.00019697
-0.000237268
-0.000274001
-0.000304338
-0.000327697
-0.000345124
-0.000358627
-0.000370478
-0.000382728
-0.000396911
-0.000413993
-0.000434416
-0.000458232
-0.000485231
-0.000515089
-0.000547489
-0.000582198
-0.000619118
-0.000658267
-0.000699799
-0.000743927
-0.000790958
-0.000841183
-0.00089496
-0.000952558
-0.00101432
-0.00108044
-0.00115123
-0.00122683
-0.00130756
-0.00139351
-0.00148497
-0.00158201
-0.00168485
-0.00179355
-0.00190822
-0.00202885
-0.00215534
-0.00228759
-0.0024252
-0.0025679
-0.00271481
-0.00286543
-0.00301848
-0.00317311
-0.00332777
-0.00348111
-0.00363191
-0.00377803
-0.00391903
-0.00405261
-0.00417853
-0.00429656
-0.0044061
-0.00450972
-0.00460763
-0.00470357
-0.0047978
-0.00489319
-0.00499138
-0.00509054
-0.00519467
-0.0052999
-0.00540795
-0.00551888
-0.00562734
-0.00573865
-0.00584851
-0.00595535
-0.00606277
-0.00616523
-0.00626551
-0.00636439
-0.00645924
-0.00654902
-0.0066327
-0.00671269
-0.00679035
-0.00686522
-0.00693767
-0.00700814
-0.00707683
-0.00714443
-0.00720928
-0.00726677
0.00129209
0.00115678
0.000580278
-3.25855e-05
-0.000498847
-0.000767708
-0.000846519
-0.000790657
-0.000669544
-0.000538621
-0.000430568
-0.00035942
-0.000327662
-0.000329178
-0.000353104
-0.000388056
-0.000424913
-0.000457837
-0.000484035
-0.000503017
-0.000515966
-0.000525031
-0.000532606
-0.000540819
-0.00055124
-0.000564828
-0.000581994
-0.000602733
-0.000626766
-0.000653699
-0.000683156
-0.000714856
-0.000748668
-0.000784589
-0.000822756
-0.000863359
-0.000906678
-0.000952975
-0.00100259
-0.00105577
-0.00111284
-0.00117398
-0.00123947
-0.00130944
-0.00138416
-0.00146372
-0.00154837
-0.00163819
-0.00173338
-0.00183399
-0.00194014
-0.00205185
-0.00216902
-0.00229157
-0.00241915
-0.00255161
-0.00268825
-0.0028287
-0.00297198
-0.00311742
-0.0032638
-0.00341
-0.00355495
-0.00369705
-0.00383556
-0.00396894
-0.00409649
-0.00421797
-0.00433276
-0.00444226
-0.00454679
-0.00464867
-0.00474879
-0.00484872
-0.00495055
-0.005053
-0.00515879
-0.0052661
-0.00537508
-0.00548699
-0.00559717
-0.00570902
-0.00582009
-0.00592819
-0.00603643
-0.00613993
-0.00624097
-0.00634105
-0.00643738
-0.00652899
-0.00661468
-0.00669627
-0.00677547
-0.00685235
-0.00692673
-0.00699858
-0.00706871
-0.0071376
-0.00720329
-0.00726144
0.0013029
0.00117122
0.00059751
-1.51605e-05
-0.000484545
-0.000760136
-0.000848959
-0.000804986
-0.000695908
-0.000575826
-0.00047665
-0.000412051
-0.000384503
-0.00038831
-0.000413365
-0.000449108
-0.000487097
-0.000521943
-0.000551011
-0.000573753
-0.000591115
-0.0006049
-0.000617143
-0.000629659
-0.000643799
-0.000660398
-0.000679835
-0.000702141
-0.000727136
-0.000754538
-0.000784088
-0.000815589
-0.000848971
-0.000884256
-0.000921588
-0.000961152
-0.00100322
-0.00104802
-0.00109584
-0.00114687
-0.00120136
-0.00125949
-0.00132147
-0.00138743
-0.00145762
-0.00153215
-0.00161125
-0.00169503
-0.00178368
-0.00187728
-0.00197594
-0.00207973
-0.00218857
-0.00230248
-0.00242116
-0.00254456
-0.0026721
-0.00280354
-0.00293806
-0.00307517
-0.00321387
-0.0033533
-0.00349253
-0.00363034
-0.003766
-0.00389831
-0.00402659
-0.0041503
-0.00426906
-0.00438327
-0.00449332
-0.00460048
-0.0047057
-0.00481007
-0.0049152
-0.00502086
-0.00512844
-0.00523756
-0.00534772
-0.00546021
-0.00557178
-0.00568413
-0.005796
-0.00590508
-0.00601409
-0.00611861
-0.00622016
-0.00632094
-0.0064185
-0.00651163
-0.00659923
-0.00668215
-0.0067625
-0.0068412
-0.00691715
-0.0069903
-0.00706149
-0.00713136
-0.00719789
-0.00725654
-0.00197854
-0.00186231
-0.00130606
-0.000712612
-0.000263595
-9.07288e-06
5.83001e-05
-7.26411e-06
-0.000138028
-0.000280042
-0.00040162
-0.000489316
-0.00054093
-0.000562515
-0.000564398
-0.0005572
-0.000549281
-0.000545905
-0.000549638
-0.000561024
-0.000579168
-0.000602376
-0.000628763
-0.000656695
-0.000685021
-0.000713112
-0.000740806
-0.000768284
-0.00079595
-0.000824289
-0.000853792
-0.000884858
-0.000917811
-0.000952858
-0.000990159
-0.0010298
-0.00107186
-0.00111642
-0.0011636
-0.00121349
-0.00126629
-0.00132215
-0.0013813
-0.00144392
-0.00151025
-0.00158048
-0.0016548
-0.0017334
-0.00181642
-0.00190402
-0.00199623
-0.0020932
-0.00219485
-0.00230125
-0.00241214
-0.00252754
-0.002647
-0.00277035
-0.00289697
-0.00302647
-0.00315813
-0.0032912
-0.00342501
-0.00355851
-0.00369115
-0.0038218
-0.00395003
-0.00407501
-0.00419653
-0.00431451
-0.00442908
-0.00454111
-0.00465103
-0.00475999
-0.00486879
-0.00497791
-0.00508808
-0.00519933
-0.00531142
-0.00542503
-0.0055382
-0.00565173
-0.00576475
-0.00587521
-0.0059854
-0.00609159
-0.00619425
-0.00629599
-0.00639499
-0.00649
-0.00657994
-0.00666478
-0.00674661
-0.00682726
-0.00690537
-0.00698005
-0.0070527
-0.00712392
-0.00719134
-0.0072507
0.00108962
0.000958342
0.000384647
-0.000228442
-0.000698671
-0.000975534
-0.00106586
-0.00102335
-0.000915507
-0.000796367
-0.000697863
-0.000633716
-0.000606393
-0.000610204
-0.000635107
-0.000670643
-0.00070849
-0.000743356
-0.000772628
-0.000795714
-0.000813474
-0.000827604
-0.000840039
-0.000852516
-0.000866341
-0.000882322
-0.000900834
-0.000921915
-0.000945399
-0.000971016
-0.000998513
-0.00102769
-0.00105845
-0.0010908
-0.00112483
-0.00116069
-0.00119857
-0.00123869
-0.00128126
-0.00132648
-0.00137456
-0.00142566
-0.00147998
-0.00153766
-0.00159887
-0.00166376
-0.00173248
-0.00180519
-0.00188198
-0.00196304
-0.00204839
-0.00213819
-0.00223237
-0.00233106
-0.00243406
-0.0025414
-0.00265277
-0.00276804
-0.00288678
-0.00300861
-0.00313308
-0.0032595
-0.00338744
-0.00351594
-0.00364465
-0.0037725
-0.00389919
-0.00402391
-0.00414634
-0.00426633
-0.00438361
-0.00449889
-0.00461212
-0.00472434
-0.00483593
-0.00494743
-0.00505952
-0.00517215
-0.00528536
-0.00539967
-0.00551349
-0.0056276
-0.00574118
-0.00585223
-0.00596301
-0.00607022
-0.00617375
-0.006276
-0.0063756
-0.00647174
-0.00656365
-0.00665007
-0.00673278
-0.00681492
-0.00689467
-0.00697074
-0.00704437
-0.00711653
-0.00718478
-0.00724459
-0.00232824
-0.0022069
-0.00164375
-0.00104198
-0.000584009
-0.000320449
-0.000244507
-0.000302417
-0.000426563
-0.000562838
-0.000679286
-0.000762212
-0.000809201
-0.000825971
-0.000822651
-0.000809843
-0.000796035
-0.000786663
-0.000784448
-0.000790071
-0.000802746
-0.000820844
-0.0008425
-0.000866057
-0.000890308
-0.000914558
-0.000938569
-0.000962447
-0.00098653
-0.00101126
-0.00103709
-0.00106441
-0.00109352
-0.00112465
-0.00115792
-0.00119342
-0.00123121
-0.00127133
-0.00131383
-0.00135879
-0.00140631
-0.00145652
-0.00150954
-0.00156555
-0.00162469
-0.00168714
-0.00175303
-0.00182256
-0.00189582
-0.00197298
-0.00205408
-0.00213928
-0.00222857
-0.00232202
-0.00241956
-0.00252117
-0.00262671
-0.00273602
-0.00284889
-0.00296492
-0.00308392
-0.00320522
-0.00332863
-0.00345326
-0.00357891
-0.00370468
-0.00383024
-0.00395499
-0.0040784
-0.00420043
-0.00432048
-0.00443915
-0.00455607
-0.004672
-0.00478717
-0.00490192
-0.00501684
-0.00513198
-0.00524723
-0.0053633
-0.00547877
-0.00559413
-0.00570925
-0.00582157
-0.00593354
-0.00604261
-0.00614769
-0.00625144
-0.00635223
-0.00644955
-0.00654404
-0.00663301
-0.00671708
-0.00680082
-0.00688282
-0.00696059
-0.00703566
-0.00710914
-0.00717831
-0.00723881
0.00088834
0.000755809
0.000180637
-0.000433639
-0.000904438
-0.00118108
-0.00127041
-0.00122638
-0.00111681
-0.000996016
-0.000896095
-0.000830844
-0.000802759
-0.000806176
-0.000830971
-0.000866525
-0.000904334
-0.000938962
-0.000967736
-0.000990058
-0.00100682
-0.00101978
-0.00103094
-0.00104209
-0.00105458
-0.00106923
-0.00108642
-0.00110616
-0.00112826
-0.00115241
-0.0011783
-0.00120571
-0.0012345
-0.00126463
-0.00129617
-0.00132925
-0.00136404
-0.00140073
-0.00143951
-0.00148056
-0.00152405
-0.00157014
-0.00161895
-0.00167063
-0.00172529
-0.00178308
-0.00184409
-0.00190847
-0.00197632
-0.00204778
-0.00212294
-0.0022019
-0.00228472
-0.00237145
-0.00246212
-0.00255668
-0.00265512
-0.00275723
-0.002863
-0.00297203
-0.00308426
-0.00319912
-0.00331649
-0.00343571
-0.00355652
-0.00367831
-0.00380061
-0.00392311
-0.00404508
-0.0041666
-0.00428689
-0.0044064
-0.00452462
-0.00464204
-0.00475874
-0.00487495
-0.00499101
-0.00510715
-0.0052231
-0.00533953
-0.00545555
-0.00557094
-0.0056864
-0.00579916
-0.00591105
-0.00602106
-0.00612694
-0.00623124
-0.00633276
-0.00643019
-0.00652594
-0.0066172
-0.00670221
-0.00678663
-0.00687015
-0.00694948
-0.00702555
-0.0070999
-0.00716992
-0.00723093
-0.00252108
-0.00239793
-0.00183273
-0.00122911
-0.000769771
-0.000505477
-0.000429429
-0.00048765
-0.000612228
-0.000748798
-0.000865238
-0.000947759
-0.000993889
-0.00100936
-0.00100442
-0.000989802
-0.000974164
-0.000963074
-0.000959317
-0.000963584
-0.000975052
-0.000992026
-0.00101256
-0.00103493
-0.00105787
-0.00108066
-0.00110303
-0.0011251
-0.0011472
-0.00116981
-0.00119337
-0.00121831
-0.00124492
-0.00127343
-0.00130395
-0.00133656
-0.00137127
-0.00140811
-0.00144711
-0.00148831
-0.00153177
-0.0015776
-0.00162589
-0.00167678
-0.0017304
-0.0017869
-0.00184639
-0.00190902
-0.0019749
-0.00204414
-0.00211686
-0.00219312
-0.00227302
-0.00235656
-0.00244385
-0.0025348
-0.00262948
-0.00272772
-0.00282955
-0.00293467
-0.00304306
-0.00315433
-0.00326831
-0.00338461
-0.00350286
-0.00362277
-0.00374373
-0.00386566
-0.00398771
-0.00411006
-0.00423185
-0.00435336
-0.00447407
-0.00459418
-0.00471369
-0.00483264
-0.00495126
-0.00506971
-0.00518785
-0.00530591
-0.00542373
-0.00554044
-0.00565702
-0.0057714
-0.00588418
-0.00599582
-0.00610364
-0.00620914
-0.00631222
-0.00641078
-0.00650815
-0.00660237
-0.00668933
-0.00677458
-0.00685988
-0.00694114
-0.00701837
-0.00709364
-0.00716444
-0.00722603
0.000738619
0.000604993
2.86137e-05
-0.000586651
-0.00105801
-0.00133464
-0.00142339
-0.00137838
-0.00126769
-0.00114586
-0.00104514
-0.000979414
-0.000951243
-0.000954929
-0.000980234
-0.0010164
-0.00105477
-0.00108979
-0.00111871
-0.00114092
-0.00115732
-0.00116973
-0.00118023
-0.00119068
-0.00120247
-0.00121646
-0.00123301
-0.00125215
-0.00127364
-0.00129715
-0.00132234
-0.00134894
-0.00137678
-0.0014058
-0.00143605
-0.00146762
-0.00150069
-0.00153542
-0.00157198
-0.00161054
-0.00165124
-0.00169421
-0.00173956
-0.00178739
-0.0018378
-0.00189087
-0.00194672
-0.00200542
-0.00206711
-0.00213186
-0.00219979
-0.00227097
-0.00234553
-0.00242348
-0.00250494
-0.00258987
-0.00267836
-0.00277031
-0.00286575
-0.00296451
-0.00306653
-0.00317162
-0.00327955
-0.00339017
-0.00350303
-0.00361807
-0.00373463
-0.00385278
-0.00397169
-0.0040915
-0.00421147
-0.00433165
-0.00445168
-0.00457138
-0.00469089
-0.00480991
-0.00492881
-0.00504737
-0.00516573
-0.00528375
-0.00540154
-0.00551831
-0.00563424
-0.00574893
-0.0058616
-0.00597339
-0.00608183
-0.00618688
-0.0062907
-0.00638999
-0.00648726
-0.00658313
-0.00667183
-0.00675793
-0.00684434
-0.00692725
-0.0070059
-0.00708213
-0.00715383
-0.00721605
-0.00255131
-0.00242839
-0.00186389
-0.00126175
-0.000804698
-0.000543513
-0.000471245
-0.000533555
-0.000662153
-0.000802427
-0.000922137
-0.00100746
-0.00105591
-0.00107336
-0.00107022
-0.00105744
-0.00104381
-0.001035
-0.00103384
-0.001041
-0.00105555
-0.0010757
-0.00109939
-0.00112478
-0.00115055
-0.00117594
-0.00120066
-0.00122484
-0.00124883
-0.00127312
-0.0012982
-0.00132447
-0.00135224
-0.00138172
-0.00141301
-0.00144613
-0.0014811
-0.00151789
-0.0015565
-0.00159694
-0.00163927
-0.00168356
-0.0017299
-0.0017784
-0.00182921
-0.00188243
-0.00193821
-0.00199665
-0.00205789
-0.002122
-0.00218913
-0.00225933
-0.00233271
-0.00240932
-0.00248925
-0.00257251
-0.00265916
-0.00274919
-0.00284258
-0.00293931
-0.00303925
-0.00314238
-0.0032484
-0.00335731
-0.00346867
-0.00358248
-0.00369816
-0.0038157
-0.0039345
-0.00405444
-0.0041751
-0.00429611
-0.00441745
-0.0045385
-0.00465962
-0.0047803
-0.00490091
-0.0050213
-0.00514114
-0.00526066
-0.00537916
-0.00549724
-0.00561418
-0.00573026
-0.00584447
-0.00595648
-0.00606663
-0.00617273
-0.00627752
-0.00637874
-0.00647591
-0.00657305
-0.00666451
-0.00675084
-0.00683757
-0.00692215
-0.00700166
-0.00707822
-0.00715038
-0.00721298
0.000721521
0.000585009
5.3271e-06
-0.00061359
-0.00108864
-0.00136875
-0.00146055
-0.00141812
-0.00130965
-0.0011899
-0.00109132
-0.00102797
-0.00100252
-0.00100935
-0.00103818
-0.00107811
-0.00112035
-0.00115917
-0.00119168
-0.00121723
-0.00123671
-0.00125197
-0.00126513
-0.00127812
-0.00129237
-0.00130876
-0.0013277
-0.00134919
-0.00137299
-0.00139875
-0.00142608
-0.00145467
-0.00148434
-0.00151497
-0.00154658
-0.00157926
-0.00161314
-0.00164837
-0.00168513
-0.00172354
-0.00176376
-0.00180588
-0.00185001
-0.00189623
-0.00194462
-0.00199524
-0.00204819
-0.00210354
-0.0021614
-0.00222182
-0.00228494
-0.00235082
-0.00241958
-0.00249128
-0.00256602
-0.00264385
-0.00272484
-0.00280902
-0.00289641
-0.00298702
-0.00308078
-0.0031777
-0.00327761
-0.0033805
-0.0034861
-0.00359435
-0.00370492
-0.00381764
-0.00393219
-0.00404823
-0.00416549
-0.00428358
-0.00440244
-0.00452163
-0.00464123
-0.00476096
-0.0048805
-0.00500001
-0.00511879
-0.00523756
-0.00535552
-0.00547307
-0.00558975
-0.005705
-0.0058191
-0.00593061
-0.00604069
-0.00614776
-0.00625215
-0.00635429
-0.0064525
-0.00654951
-0.00664311
-0.00673178
-0.00681894
-0.00690491
-0.00698666
-0.00706433
-0.00713734
-0.00720076
)
;

boundaryField
{
    zeroGradient
    {
        type            zeroGradient;
    }
    inlet
    {
        type            zeroGradient;
    }
    fixedWalls
    {
        type            zeroGradient;
    }
    frontAndBack
    {
        type            empty;
    }
}


// ************************************************************************* //
