/*--------------------------------*- C++ -*----------------------------------*\
| =========                 |                                                 |
| \\      /  F ield         | OpenFOAM: The Open Source CFD Toolbox           |
|  \\    /   O peration     | Version:  2312                                  |
|   \\  /    A nd           | Website:  www.openfoam.com                      |
|    \\/     M anipulation  |                                                 |
\*---------------------------------------------------------------------------*/
FoamFile
{
    version     2.0;
    format      ascii;
    arch        "LSB;label=32;scalar=64";
    class       volScalarField;
    location    "0.5";
    object      p;
}
// * * * * * * * * * * * * * * * * * * * * * * * * * * * * * * * * * * * * * //

dimensions      [0 2 -2 0 0 0 0];

internalField   nonuniform List<scalar> 
5600
(
9.76533e-09
0.000470566
0.000302627
0.000445741
0.000374238
0.000535727
0.000518449
0.000664317
0.000690639
0.000835262
0.000893531
0.00103045
0.00111421
0.00125734
0.00137331
0.00149765
0.00162959
0.00178274
0.00193134
0.00208135
0.00224663
0.00242748
0.00261466
0.00281229
0.0030133
0.00323265
0.00346079
0.00370203
0.00394403
0.00419988
0.00447089
0.0047659
0.0050762
0.00539601
0.00571234
0.00601613
0.00631614
0.00661244
0.00684166
0.00682466
2.58413e-06
0.000467653
0.000304592
0.000442941
0.000376669
0.000532112
0.000521168
0.000660169
0.000692855
0.0008294
0.000895684
0.00102439
0.00111494
0.00125172
0.00137143
0.00149241
0.00162639
0.00177748
0.00192663
0.0020763
0.00224144
0.00242067
0.00260637
0.00280003
0.00299931
0.00321501
0.00344173
0.00368001
0.00392133
0.00416937
0.0044249
0.00468536
0.00494285
0.00519515
0.00544146
0.00567155
0.00585962
0.00596346
0.00591126
0.00557756
4.91406e-06
0.000466006
0.000305654
0.00044172
0.000377672
0.000530273
0.000521758
0.000658487
0.000693413
0.000827393
0.000896015
0.00102251
0.00111432
0.00125
0.00136966
0.00149002
0.00162391
0.00177496
0.00192329
0.00207189
0.00223622
0.00241514
0.00259891
0.00279156
0.00298887
0.00320241
0.00342578
0.00365917
0.00389256
0.00412965
0.00437048
0.00461285
0.00484969
0.00508029
0.0053024
0.00550497
0.00566185
0.00573696
0.005668
0.00534617
8.83134e-06
0.000461878
0.000308135
0.000437902
0.000380684
0.000525398
0.000525141
0.000653156
0.000696019
0.000820319
0.000898216
0.00101537
0.001115
0.00124293
0.00136777
0.00148446
0.0016196
0.00176991
0.00191734
0.00206428
0.00222807
0.0024043
0.00258638
0.00277585
0.00296956
0.00317841
0.00339827
0.00362498
0.00384904
0.00406553
0.00427519
0.00448557
0.00469778
0.0049035
0.0050882
0.0052344
0.00531881
0.00530892
0.00515234
0.00475519
1.23823e-05
0.0004581
0.000310192
0.000435261
0.000382702
0.000521609
0.000526414
0.000649458
0.000697043
0.000816414
0.000898401
0.00101159
0.00111347
0.00123959
0.00136403
0.00148019
0.00161449
0.00176384
0.00191041
0.00205572
0.00221756
0.00239183
0.00257124
0.00275724
0.00294692
0.00314963
0.00336137
0.00357642
0.00378573
0.00398504
0.00417517
0.0043649
0.00455557
0.0047367
0.00489216
0.00500576
0.00505854
0.00502358
0.00485467
0.00446362
1.72779e-05
0.00045203
0.00031377
0.000430166
0.000386741
0.000515121
0.00053068
0.000642656
0.000699625
0.000808517
0.000899761
0.00100486
0.00111097
0.00123604
0.00135872
0.00147397
0.00160726
0.00175537
0.00190121
0.00204418
0.00220357
0.00237556
0.00255119
0.00273252
0.00291643
0.00311096
0.00331239
0.00351235
0.00370001
0.00387508
0.00404898
0.00422717
0.00440284
0.0045627
0.00469247
0.00477819
0.00480251
0.00473964
0.00454466
0.00413052
2.21238e-05
0.000445674
0.000317073
0.000425925
0.000389852
0.000509111
0.000532628
0.000637088
0.00070056
0.000803331
0.000898399
0.0010006
0.00110685
0.00123104
0.00135249
0.00146667
0.00159874
0.00174576
0.00188972
0.00203028
0.00218646
0.00235504
0.00252611
0.00270104
0.00287719
0.00306072
0.00324788
0.00342881
0.00359587
0.00375586
0.00391839
0.00408377
0.00424252
0.00438242
0.00449204
0.00456045
0.0045727
0.00450376
0.00430753
0.00389277
2.83508e-05
0.000436832
0.00032199
0.000419317
0.000395102
0.000500791
0.00053679
0.000629265
0.000701141
0.000796733
0.000895846
0.000998147
0.00110091
0.00122448
0.00134453
0.00145783
0.00158814
0.00173376
0.00187521
0.00201291
0.0021651
0.00232955
0.00249475
0.0026611
0.00282597
0.00299488
0.0031642
0.00332508
0.00347751
0.00362794
0.00377985
0.003931
0.00407269
0.00419546
0.00429024
0.00434856
0.00435703
0.00429252
0.00411053
0.00372175
3.48293e-05
0.00042707
0.000326781
0.0004133
0.000399059
0.000492695
0.000538897
0.000622854
0.000700343
0.000792451
0.000891464
0.000992035
0.00109437
0.00121717
0.00133563
0.00144724
0.00157546
0.001719
0.00185806
0.00199123
0.00213933
0.00229812
0.00245664
0.00261191
0.00276075
0.00290907
0.00305966
0.00320875
0.0033514
0.00348943
0.00362597
0.00376187
0.00389321
0.00401437
0.00411829
0.00419595
0.00423124
0.00419379
0.00402222
0.00359291
4.27542e-05
0.000414634
0.000332902
0.000405405
0.000405158
0.000482857
0.000541937
0.000614779
0.000696188
0.000788745
0.000886912
0.000985004
0.00108682
0.00120773
0.00132529
0.00143396
0.0015604
0.00170054
0.00183765
0.00196475
0.00210747
0.00225855
0.00240589
0.00254585
0.00267767
0.00281375
0.00295433
0.00309214
0.00321991
0.00333635
0.00344271
0.0035404
0.00363137
0.00372032
0.00380935
0.00389001
0.00396236
0.00405394
0.00423577
0.00464595
5.12186e-05
0.00040058
0.000339163
0.000397796
0.000409018
0.000473382
0.000541545
0.000611952
0.000691345
0.000782709
0.000880434
0.00097707
0.00107719
0.00119716
0.00131257
0.00141826
0.00154259
0.00167851
0.00181268
0.00193305
0.00206722
0.00220891
0.00233928
0.00246413
0.0025877
0.00271597
0.00284506
0.00296756
0.00307781
0.00317769
0.00327335
0.00337139
0.00347603
0.00358347
0.00368196
0.00376727
0.00385066
0.00396099
0.00415158
0.00452267
6.11797e-05
0.000383768
0.000345589
0.000390077
0.000414403
0.000466053
0.000534987
0.000607554
0.000686414
0.000775905
0.000872862
0.000968035
0.00106572
0.00118471
0.00129734
0.00139943
0.00152129
0.00165262
0.00178072
0.00189426
0.00201487
0.00214353
0.0022626
0.00237883
0.00249427
0.00261243
0.00272878
0.00283825
0.00293772
0.00303182
0.00312963
0.00323464
0.00333786
0.00342806
0.00350306
0.00357243
0.00365619
0.00378534
0.00400994
0.0044245
7.17974e-05
0.000365245
0.000352039
0.000382096
0.000414208
0.00046249
0.000528589
0.000601625
0.000680599
0.000768698
0.000864099
0.000957254
0.00105187
0.00116948
0.00128005
0.00137682
0.00149544
0.00162208
0.00174025
0.00184457
0.00195109
0.0020693
0.00218256
0.00229049
0.00239393
0.00249698
0.00260068
0.00270531
0.002811
0.00291514
0.00301536
0.00310802
0.00318963
0.00325919
0.00332156
0.00338896
0.00348044
0.00362258
0.00385923
0.0042762
8.38962e-05
0.000343451
0.000356889
0.000379021
0.000411751
0.000458265
0.000522505
0.000593274
0.000671418
0.000759816
0.000853788
0.00094465
0.00103602
0.00115119
0.00125973
0.00135053
0.00146278
0.00158431
0.00168972
0.00178187
0.00188137
0.00199258
0.00209952
0.00219965
0.00229631
0.00239358
0.00249064
0.00258429
0.00267407
0.00276403
0.00285675
0.00294549
0.00302252
0.00308631
0.00314436
0.00321017
0.00330205
0.00344508
0.00368107
0.00409527
9.64907e-05
0.000322584
0.000358169
0.000375183
0.000406549
0.000452993
0.000516833
0.000585908
0.000661303
0.000748569
0.00084137
0.00093
0.00101781
0.00112949
0.001235
0.00131962
0.00142224
0.00153664
0.00163289
0.00171427
0.00180692
0.00191118
0.00200936
0.00209811
0.00218348
0.00227278
0.00236815
0.00246715
0.00256177
0.00264695
0.0027226
0.00279013
0.00285015
0.00290436
0.00295819
0.00302249
0.00311361
0.00325583
0.00349109
0.00390515
0.000110023
0.000301256
0.000354041
0.000372459
0.000402956
0.000447437
0.000509776
0.000577471
0.000649826
0.000734443
0.000825705
0.000912293
0.000996295
0.00110378
0.00120479
0.00128233
0.00137437
0.00147932
0.00157074
0.00164382
0.00172672
0.00182223
0.00191157
0.00199226
0.00207227
0.00216176
0.00225949
0.00235551
0.00243913
0.00250814
0.00256638
0.00261887
0.00266812
0.00271597
0.00276694
0.00283042
0.00292153
0.00306393
0.00329932
0.00371334
0.000123748
0.000281604
0.000345296
0.000368659
0.000398438
0.000441028
0.000501295
0.000567516
0.000637147
0.000718677
0.000807133
0.000891063
0.000970766
0.00107296
0.00116858
0.0012376
0.00132067
0.001417
0.00150276
0.00156943
0.00164127
0.0017283
0.00181197
0.00188786
0.00196216
0.00204532
0.00213664
0.00222476
0.00229846
0.00235601
0.00240293
0.00244559
0.00248759
0.00253093
0.0025795
0.00264165
0.00273182
0.00287337
0.00310808
0.00352181
0.000137425
0.000262412
0.000331942
0.000363452
0.00039382
0.000434441
0.000492383
0.000556224
0.000622551
0.000700424
0.000785035
0.000865563
0.000940406
0.00103525
0.00112575
0.00118697
0.00126108
0.00135037
0.0014296
0.00148992
0.00155099
0.00162836
0.00170615
0.00177732
0.0018474
0.00192556
0.00200965
0.00208823
0.00215188
0.00219955
0.00223751
0.00227246
0.00230863
0.00234802
0.00239416
0.00245462
0.00254331
0.00268344
0.00291701
0.00333011
0.000150928
0.00024574
0.00031293
0.000355842
0.00038836
0.000426932
0.000482263
0.000543523
0.000605958
0.000679501
0.000759171
0.000835089
0.000904566
0.000990288
0.00107543
0.00113205
0.00119613
0.00127797
0.00135133
0.00140521
0.00145649
0.0015236
0.0015962
0.00166364
0.00172877
0.00179955
0.0018752
0.00194494
0.00199996
0.00203946
0.0020698
0.00209798
0.00212873
0.00216438
0.00220823
0.00226725
0.00235472
0.0024936
0.00272605
0.00313851
0.000161078
0.000231645
0.000294522
0.000343441
0.0003801
0.000417944
0.000470733
0.000529466
0.000587417
0.000655503
0.000729344
0.000798951
0.000862623
0.000939793
0.0010183
0.0010724
0.00112732
0.00119891
0.00126685
0.00131527
0.00135804
0.00141452
0.00148079
0.00154514
0.0016064
0.00166987
0.00173583
0.00179611
0.00184288
0.00187537
0.00189941
0.00192207
0.00194826
0.0019807
0.00202257
0.00208044
0.00216702
0.002305
0.00253658
0.00294853
0.000168002
0.000221965
0.000275388
0.000324988
0.000368097
0.000407102
0.000457491
0.000513326
0.000566374
0.000627968
0.000695424
0.000757799
0.00081476
0.000884819
0.000955797
0.00100547
0.00105363
0.00111379
0.00117487
0.00121897
0.00125492
0.00130196
0.00136116
0.00142256
0.00148069
0.00153738
0.00159311
0.00164307
0.00168131
0.00170749
0.00172653
0.00174504
0.00176774
0.00179761
0.00183778
0.00189463
0.00198044
0.00211769
0.00234854
0.00276006
0.000171866
0.000212174
0.000257322
0.000304762
0.000351484
0.000392698
0.00044116
0.000494202
0.000542578
0.000597025
0.000657681
0.000713205
0.00076164
0.000823891
0.000888359
0.000931199
0.000973149
0.00102362
0.00107607
0.00111603
0.0011468
0.00118639
0.00123879
0.00129743
0.00135271
0.00140269
0.00144772
0.00148658
0.00151602
0.00153629
0.00155132
0.00156679
0.001587
0.00161494
0.00165379
0.00170978
0.00179494
0.00193157
0.00216183
0.00257301
0.000172298
0.000202468
0.000240512
0.000283921
0.00032964
0.000372916
0.000420549
0.000471232
0.000515442
0.000562847
0.000616085
0.000664858
0.00070407
0.000756459
0.000815399
0.000850944
0.00088501
0.000927845
0.000971868
0.00100726
0.00103396
0.00106835
0.00111559
0.00117088
0.00122203
0.00126446
0.0012989
0.00132692
0.001348
0.00136292
0.00137472
0.00138792
0.00140635
0.00143289
0.0014708
0.00152618
0.00161086
0.00174698
0.00197676
0.00238768
0.000169221
0.00019191
0.000223437
0.000262308
0.000305435
0.000347943
0.000394315
0.000443271
0.000484253
0.00052498
0.000570207
0.000612373
0.000643332
0.000682815
0.000735582
0.000766417
0.000790191
0.000825403
0.000862761
0.000894307
0.00091808
0.000948743
0.000992205
0.0010429
0.00108793
0.00112161
0.00114579
0.00116406
0.00117804
0.00118859
0.00119798
0.00120951
0.00122661
0.00125205
0.00128926
0.00134421
0.00142861
0.00156437
0.00179378
0.00220449
0.000162329
0.000179914
0.000205982
0.00024003
0.00027945
0.000318721
0.000361829
0.000408631
0.000447255
0.000482661
0.000520135
0.000555307
0.000579529
0.000605817
0.000648836
0.000676753
0.000691098
0.000716801
0.000748578
0.000777721
0.000800403
0.000828218
0.000867845
0.000912461
0.000949842
0.000974363
0.000989124
0.000998996
0.00100712
0.00101437
0.00102215
0.00103259
0.00104865
0.00107312
0.00110966
0.00116427
0.00124852
0.00138414
0.00161341
0.0020241
0.000151933
0.000165469
0.000187013
0.000216302
0.000251364
0.000286873
0.000324845
0.000366746
0.000402543
0.000433889
0.000464978
0.00049328
0.000512478
0.000527448
0.000557196
0.000581579
0.000589695
0.000604965
0.000630292
0.000657748
0.000681025
0.000706346
0.000739944
0.000776626
0.000806238
0.000823125
0.000830409
0.000833596
0.000836846
0.00084131
0.000847754
0.000857381
0.000872549
0.000896057
0.000931815
0.000986031
0.00107019
0.00120582
0.001435
0.00184564
0.000137838
0.000148251
0.000165949
0.00019063
0.000220832
0.000252097
0.000284897
0.000320429
0.000350842
0.000377148
0.000402748
0.000425071
0.000440026
0.000447342
0.000463369
0.000481954
0.000487175
0.000493754
0.000511465
0.000536105
0.000559798
0.000582165
0.000608261
0.000636223
0.000658898
0.000670588
0.000673019
0.00067137
0.000670469
0.000672271
0.000677383
0.000686359
0.000700861
0.000723568
0.000758569
0.000812367
0.000896495
0.00103239
0.001262
0.00167318
0.000119772
0.000127612
0.000141795
0.00016215
0.000187271
0.000213675
0.000241142
0.000270337
0.000295141
0.000315594
0.000334551
0.0003503
0.000360854
0.000363061
0.000367026
0.000376591
0.000378923
0.000379197
0.000388403
0.000407411
0.000429753
0.000449821
0.000469236
0.000488599
0.000504627
0.000512769
0.000512899
0.000508655
0.000504629
0.00050362
0.000506727
0.000514464
0.000528003
0.000549739
0.000583742
0.000636736
0.000720411
0.000856259
0.0010861
0.00149775
9.8484e-05
0.000103563
0.000114104
0.000130071
0.000150059
0.000171109
0.000193166
0.000215956
0.000235072
0.000250107
0.000262982
0.000273074
0.000279591
0.000279706
0.00027702
0.000278256
0.000277637
0.000274518
0.000276329
0.000286998
0.000303853
0.000320397
0.000334419
0.000346331
0.000355557
0.000359859
0.000358455
0.000353232
0.000347572
0.0003444
0.000345367
0.000351365
0.000363518
0.000384032
0.000416848
0.000468719
0.000551372
0.000686274
0.000915207
0.00132592
7.18048e-05
7.52733e-05
8.28194e-05
9.48323e-05
0.000110058
0.000125466
0.000141579
0.00015753
0.000169762
0.000178501
0.00018369
0.000185502
0.000184525
0.000179067
0.000169048
0.000160189
0.000152873
0.000146156
0.000144059
0.000150121
0.000163311
0.000177568
0.000188772
0.000196278
0.000200516
0.000201096
0.000197577
0.000191089
0.000184152
0.00017966
0.000179791
0.000186
0.000199509
0.00022225
0.00025777
0.00031253
0.000398138
0.000536047
0.000768029
0.00118187
4.37556e-05
4.1664e-05
4.52033e-05
5.35132e-05
6.58367e-05
7.68183e-05
8.78479e-05
9.84277e-05
0.000105377
0.000110352
0.000113277
0.000112989
0.000110874
0.000106291
9.80615e-05
8.75463e-05
7.63222e-05
6.37463e-05
5.12212e-05
4.07276e-05
3.40338e-05
3.20751e-05
3.56398e-05
4.3636e-05
5.17483e-05
5.5346e-05
5.18721e-05
4.1546e-05
2.69176e-05
1.14549e-05
-1.51017e-06
-9.32098e-06
-9.71656e-06
-1.45196e-07
2.32972e-05
6.72543e-05
0.000143548
0.000273888
0.000500466
0.000911668
6.56346e-06
6.55611e-06
7.87305e-06
1.10041e-05
1.63762e-05
2.04565e-05
2.35441e-05
2.74114e-05
2.69565e-05
2.32126e-05
1.73443e-05
7.36642e-06
-6.08893e-06
-2.17062e-05
-3.89702e-05
-5.73175e-05
-7.47006e-05
-8.90221e-05
-9.76012e-05
-9.84566e-05
-9.26918e-05
-8.50747e-05
-8.03717e-05
-8.05162e-05
-8.49329e-05
-9.19828e-05
-0.000100127
-0.00010794
-0.000114024
-0.000116929
-0.000115298
-0.000107845
-9.3132e-05
-6.90098e-05
-3.1782e-05
2.51225e-05
0.00011348
0.000254969
0.000491639
0.00091156
-3.94617e-05
-3.49478e-05
-3.20152e-05
-3.10944e-05
-3.0771e-05
-3.24565e-05
-3.54534e-05
-3.47373e-05
-3.53101e-05
-3.81125e-05
-4.1343e-05
-4.65895e-05
-5.46808e-05
-6.43766e-05
-7.48481e-05
-8.61161e-05
-9.85795e-05
-0.000111722
-0.000125061
-0.000137963
-0.000150974
-0.000164791
-0.000180245
-0.000197357
-0.000216105
-0.000236484
-0.000258936
-0.000283871
-0.000311732
-0.000342758
-0.000377307
-0.000416026
-0.000460306
-0.000512593
-0.000577083
-0.00066079
-0.000775874
-0.000944317
-0.00120853
-0.00165708
-7.77636e-05
-8.04661e-05
-8.4847e-05
-9.05038e-05
-9.62153e-05
-0.000102308
-0.000111275
-0.000120252
-0.000131062
-0.00014642
-0.000163992
-0.000183819
-0.000206168
-0.000230108
-0.000253743
-0.000274878
-0.00029207
-0.000303715
-0.000309447
-0.000311032
-0.000311996
-0.000315419
-0.000322799
-0.000333377
-0.000345102
-0.000355726
-0.000363799
-0.000368623
-0.000369981
-0.000367669
-0.000361242
-0.000349815
-0.000331914
-0.000305132
-0.000265512
-0.00020632
-0.000115739
2.78737e-05
0.000266485
0.000688055
-0.000127656
-0.000130546
-0.000134799
-0.000139899
-0.000145651
-0.000151554
-0.00015963
-0.000168547
-0.000177327
-0.000187631
-0.000199369
-0.000211767
-0.000224705
-0.000238927
-0.000254923
-0.000271859
-0.000289657
-0.00030864
-0.000329477
-0.000351959
-0.000375819
-0.000400967
-0.000427862
-0.000456938
-0.000488414
-0.000522009
-0.000557377
-0.000594343
-0.000633018
-0.000673719
-0.000716972
-0.000763598
-0.000814978
-0.000873459
-0.00094303
-0.0010305
-0.00114778
-0.00131653
-0.00157875
-0.00202235
-0.000180764
-0.000187161
-0.000197477
-0.000210368
-0.000225464
-0.000241525
-0.000259666
-0.000280184
-0.000301521
-0.000324746
-0.000350618
-0.000376987
-0.000402965
-0.000427735
-0.000449911
-0.000467012
-0.000477985
-0.000484637
-0.000490527
-0.000498211
-0.000508529
-0.000520978
-0.000534431
-0.000547468
-0.000558827
-0.000567633
-0.000573427
-0.000576057
-0.000575492
-0.000571602
-0.000563979
-0.00055178
-0.000533533
-0.000506807
-0.00046758
-0.000409064
-0.000319401
-0.000176947
6.02538e-05
0.000480154
-0.000233778
-0.000238976
-0.000246623
-0.000255749
-0.00026681
-0.000278725
-0.000291936
-0.000307175
-0.000322629
-0.000338272
-0.000356112
-0.000374253
-0.000392377
-0.000411442
-0.000431861
-0.000453059
-0.000474934
-0.000498094
-0.000522996
-0.000549528
-0.000577419
-0.000606659
-0.0006375
-0.000670168
-0.000704543
-0.000740323
-0.000777268
-0.000815318
-0.000854604
-0.000895423
-0.000938286
-0.000984056
-0.00103419
-0.00109112
-0.00115889
-0.00124433
-0.00135933
-0.00152558
-0.00178504
-0.00222569
-0.000301929
-0.000311259
-0.000326333
-0.000345399
-0.000367842
-0.000392538
-0.000419184
-0.000447154
-0.000475683
-0.000503978
-0.000531536
-0.000556696
-0.00057854
-0.000595672
-0.000607961
-0.000617278
-0.000626172
-0.000636267
-0.000647977
-0.000660943
-0.000674439
-0.000687554
-0.000699378
-0.00070916
-0.000716598
-0.000721683
-0.0007245
-0.000725045
-0.000723165
-0.00071852
-0.000710538
-0.000698296
-0.000680299
-0.000654097
-0.000615639
-0.0005581
-0.000469594
-0.000328464
-9.27636e-05
0.000325452
-0.000347765
-0.000352875
-0.000362179
-0.000374844
-0.000390667
-0.000408409
-0.000427696
-0.000447848
-0.000468072
-0.000488667
-0.000510559
-0.000532151
-0.000553287
-0.00057428
-0.000594803
-0.000614439
-0.000633723
-0.000653398
-0.000673756
-0.000694621
-0.000716052
-0.000738344
-0.000761916
-0.00078697
-0.000813503
-0.00084139
-0.000870637
-0.000901323
-0.000933653
-0.000967922
-0.00100466
-0.00104476
-0.00108973
-0.00114203
-0.00120576
-0.00128773
-0.00139987
-0.00156387
-0.00182175
-0.0022616
-0.000434267
-0.000444683
-0.000463085
-0.000487832
-0.000517476
-0.000549707
-0.000583606
-0.000616254
-0.000645864
-0.000672948
-0.000696308
-0.000714483
-0.000730048
-0.000743274
-0.00075362
-0.000761367
-0.000767909
-0.000773775
-0.000778552
-0.000781851
-0.000783898
-0.000785026
-0.000785229
-0.000784108
-0.000781383
-0.000777031
-0.000771256
-0.000764151
-0.000755588
-0.00074515
-0.000732197
-0.000715766
-0.000694393
-0.000665669
-0.000625594
-0.000567368
-0.000479146
-0.000339333
-0.000106128
0.000308169
0.00658796
0.00665242
0.00691247
0.00706574
0.00703856
0.00683926
0.00652868
0.00617658
0.00583357
0.00552658
0.00526557
0.00504991
0.00487184
0.00472071
0.00458625
0.00446022
0.00433687
0.00421278
0.00408636
0.00395736
0.0038264
0.00369466
0.00356342
0.00343387
0.00330672
0.00318231
0.00306036
0.00294026
0.00282117
0.00270202
0.00258199
0.00246008
0.00233603
0.00220902
0.00207897
0.0019446
0.00180537
0.0016602
0.00150846
0.00134952
0.00118207
0.00100665
0.000823784
0.000634907
0.000442824
0.000249481
4.87893e-05
-0.000172227
-0.000426599
-0.000724147
-0.00107146
-0.00146115
-0.00190132
-0.00238208
-0.00289804
-0.00349697
-0.00420302
-0.00499259
-0.00577072
-0.00649936
-0.00710759
-0.00744391
-0.00747392
-0.00722752
-0.00684373
-0.00640909
-0.00600538
-0.005762
-0.00560561
-0.00546967
-0.00548547
-0.00555561
-0.00558043
-0.00567459
-0.0058043
-0.00587498
-0.00597124
-0.00611421
-0.0062279
-0.00631695
-0.00641885
-0.00652824
-0.00662196
-0.0066997
-0.00677529
-0.00683921
-0.00689563
-0.00695676
-0.00701069
-0.00705788
-0.00711128
-0.00717503
-0.00724225
-0.00731625
-0.00739783
-0.00748408
-0.00757623
-0.00767316
-0.00777118
-0.00787011
0.0052027
0.00527272
0.00571906
0.00615224
0.00640799
0.00644719
0.00629551
0.00602579
0.00571481
0.00541601
0.00515606
0.00494316
0.00477339
0.0046351
0.00451476
0.00440126
0.0042874
0.00416971
0.0040473
0.00392093
0.00379193
0.00366193
0.00353227
0.00340418
0.00327838
0.00315523
0.00303447
0.00291539
0.00279712
0.00267854
0.00255896
0.00243732
0.00231344
0.00218641
0.00205637
0.00192212
0.00178319
0.00163841
0.0014872
0.00132881
0.00116214
0.000987508
0.000805545
0.000617352
0.000425591
0.000232208
3.09858e-05
-0.000190703
-0.000445026
-0.000741981
-0.00108773
-0.0014742
-0.00191242
-0.00239011
-0.00290119
-0.00349491
-0.00419356
-0.00497454
-0.00574382
-0.00646671
-0.00707267
-0.00740928
-0.00744431
-0.00720311
-0.00682582
-0.00639702
-0.0059942
-0.00575291
-0.00559929
-0.00546261
-0.00547884
-0.00555086
-0.00557526
-0.00566923
-0.00580041
-0.00587168
-0.00596773
-0.00611123
-0.0062258
-0.00631523
-0.00641728
-0.00652701
-0.00662113
-0.00669915
-0.00677492
-0.00683896
-0.00689547
-0.00695671
-0.00701071
-0.00705792
-0.00711132
-0.00717506
-0.00724227
-0.00731626
-0.00739784
-0.00748407
-0.00757621
-0.00767314
-0.00777118
-0.00787011
0.00500628
0.00510817
0.00559713
0.00607617
0.00637377
0.00644662
0.00631596
0.0060533
0.00573843
0.00542981
0.0051585
0.00493545
0.00475872
0.00461715
0.00449634
0.00438367
0.00427063
0.00415296
0.00402958
0.00390144
0.00377032
0.00363824
0.00350677
0.00337718
0.00325021
0.00312618
0.00300482
0.00288534
0.00276669
0.00264769
0.00252761
0.00240554
0.00228135
0.00215414
0.00202375
0.0018889
0.00174945
0.00160437
0.0014532
0.00129521
0.00112944
0.000956193
0.000775397
0.00058846
0.000396222
0.000200505
-4.53218e-06
-0.000229698
-0.000484763
-0.000780266
-0.00112184
-0.00150271
-0.00193407
-0.00240659
-0.00291254
-0.00349562
-0.00417604
-0.00493164
-0.00567329
-0.00636863
-0.00695589
-0.00729532
-0.00735279
-0.0071415
-0.00678881
-0.00637993
-0.00599268
-0.0057576
-0.00560509
-0.00546989
-0.00548478
-0.00555397
-0.0055777
-0.0056713
-0.00580054
-0.00587083
-0.00596721
-0.00611033
-0.00622383
-0.00631307
-0.00641539
-0.00652508
-0.00661906
-0.00669716
-0.00677325
-0.0068376
-0.00689434
-0.00695576
-0.00700997
-0.0070574
-0.00711098
-0.00717487
-0.00724217
-0.00731621
-0.00739782
-0.0074841
-0.00757628
-0.00767323
-0.00777128
-0.0078702
0.00437864
0.00446032
0.00494576
0.00544864
0.00579395
0.00593344
0.005878
0.00568659
0.00543096
0.00516762
0.00492941
0.00473001
0.00457094
0.00444464
0.0043389
0.00424168
0.00414386
0.00404021
0.00392886
0.00381037
0.00368676
0.00356057
0.00343404
0.00330882
0.00318587
0.00306553
0.00294764
0.0028313
0.00271556
0.0025989
0.00248068
0.00235989
0.00223672
0.00211023
0.00198062
0.00184654
0.00170809
0.00156409
0.00141423
0.0012576
0.00109336
0.000921816
0.00074229
0.000556616
0.000363792
0.000166224
-4.14982e-05
-0.000269215
-0.000524477
-0.000817381
-0.00115571
-0.00153038
-0.00195466
-0.00242262
-0.00292158
-0.00349113
-0.00414915
-0.00487793
-0.0055907
-0.00625835
-0.00682911
-0.00716907
-0.0072473
-0.00706445
-0.00673606
-0.00635232
-0.00597864
-0.00574768
-0.00560083
-0.0054673
-0.00547971
-0.00554945
-0.00557305
-0.00566432
-0.00579389
-0.00586553
-0.00596106
-0.00610341
-0.00621794
-0.00630784
-0.00641008
-0.00652002
-0.00661454
-0.00669319
-0.0067698
-0.00683473
-0.00689198
-0.00695385
-0.00700848
-0.0070563
-0.0071102
-0.00717429
-0.00724174
-0.00731591
-0.00739761
-0.00748395
-0.00757617
-0.0076732
-0.0077714
-0.00787032
0.00410678
0.00420749
0.00471849
0.00524996
0.00562478
0.00579336
0.0057647
0.00559571
0.00535704
0.00510539
0.0048746
0.00467953
0.00452299
0.00439883
0.00429581
0.00420209
0.00410817
0.00400819
0.0038997
0.00378289
0.00365979
0.00353327
0.00340609
0.00328025
0.00315689
0.00303631
0.00291824
0.00280171
0.00268568
0.00256868
0.00244993
0.00232842
0.00220433
0.00207708
0.00194687
0.00181253
0.00167391
0.00152993
0.00138018
0.00122396
0.00106026
0.000889545
0.000710687
0.000525453
0.000332202
0.000132792
-7.73958e-05
-0.000307716
-0.000563533
-0.000855035
-0.00119005
-0.00155895
-0.00197623
-0.00243794
-0.00292876
-0.00348382
-0.00411951
-0.00482024
-0.00550365
-0.006142
-0.00669119
-0.00702689
-0.00712342
-0.00697258
-0.00667518
-0.00631823
-0.00596405
-0.00574226
-0.00560115
-0.00547129
-0.005482
-0.00554964
-0.00557298
-0.00566284
-0.0057905
-0.00586181
-0.00595705
-0.00609833
-0.00621195
-0.00630182
-0.0064042
-0.00651406
-0.00660856
-0.00668735
-0.00676457
-0.00683027
-0.00688814
-0.00695048
-0.00700572
-0.00705422
-0.00710866
-0.00717317
-0.00724094
-0.00731533
-0.0073972
-0.00748371
-0.00757609
-0.00767324
-0.00777159
-0.00787051
0.00375921
0.00385219
0.00435976
0.00489313
0.00527468
0.0054544
0.00544033
0.0052881
0.00506741
0.00483432
0.00462222
0.00444553
0.00430674
0.00419933
0.00411182
0.00403223
0.0039511
0.00386261
0.00376444
0.00365684
0.00354205
0.00342309
0.00330296
0.00318374
0.00306667
0.00295186
0.00283895
0.00272681
0.00261452
0.00250079
0.00238501
0.00226617
0.00214432
0.00201897
0.00189052
0.00175805
0.0016212
0.00147905
0.00133088
0.0011766
0.00101463
0.000845947
0.00066855
0.000484657
0.000291903
9.13072e-05
-0.00012038
-0.000351994
-0.000608165
-0.000896802
-0.00122763
-0.0015909
-0.00199923
-0.0024535
-0.00293513
-0.00347531
-0.00408774
-0.00475979
-0.00541376
-0.00602177
-0.00655038
-0.00688344
-0.00699856
-0.00688085
-0.00661251
-0.00628412
-0.0059497
-0.00573401
-0.00559848
-0.00547153
-0.00547877
-0.00554556
-0.0055691
-0.005656
-0.00578274
-0.00585536
-0.00594971
-0.00608947
-0.00620357
-0.00629408
-0.00639629
-0.00650616
-0.00660102
-0.00668037
-0.00675831
-0.0068249
-0.00688351
-0.00694648
-0.00700243
-0.00705168
-0.00710674
-0.00717169
-0.0072398
-0.00731448
-0.00739657
-0.00748325
-0.00757577
-0.00767309
-0.00777174
-0.0078707
0.00351901
0.00361176
0.00411846
0.00464815
0.00502491
0.00520065
0.0051859
0.00503874
0.00482986
0.00461482
0.00442542
0.0042738
0.00415994
0.00407471
0.004005
0.00393849
0.00386646
0.00378428
0.00369077
0.00358726
0.00347667
0.00336226
0.00324686
0.00313227
0.00301932
0.00290788
0.00279735
0.00268668
0.00257506
0.0024616
0.00234594
0.00222729
0.00210555
0.00198019
0.00185163
0.00171925
0.00158266
0.00144083
0.00129298
0.00113918
0.000977881
0.00080994
0.000633218
0.00044958
0.000256755
5.4639e-05
-0.000158569
-0.000391659
-0.000648359
-0.00093441
-0.00126165
-0.00161931
-0.00201891
-0.00246499
-0.00293736
-0.00346222
-0.00405097
-0.00469439
-0.005319
-0.00589786
-0.00640672
-0.00673564
-0.00686607
-0.00677943
-0.00654223
-0.00624256
-0.00592831
-0.0057222
-0.00559356
-0.00547076
-0.00547638
-0.00554243
-0.00556634
-0.00565154
-0.005777
-0.00584994
-0.00594379
-0.00608231
-0.00619589
-0.00628656
-0.00638882
-0.00649855
-0.00659343
-0.00667307
-0.00675172
-0.0068192
-0.00687851
-0.00694205
-0.00699875
-0.00704884
-0.00710456
-0.00717003
-0.00723854
-0.00731352
-0.00739586
-0.00748277
-0.00757555
-0.00767304
-0.00777191
-0.00787093
0.0033723
0.00348703
0.00400917
0.00453199
0.00488238
0.0050175
0.00495937
0.00478002
0.00455723
0.00434486
0.00416913
0.00403778
0.00394601
0.00388051
0.00382597
0.00376994
0.00370493
0.00362788
0.00353911
0.00344113
0.00333739
0.00323102
0.00312429
0.00301829
0.00291327
0.00280871
0.00270386
0.00259783
0.00249003
0.0023799
0.00226725
0.00215161
0.00203278
0.00191026
0.00178416
0.00165423
0.00151991
0.00138044
0.00123467
0.00108296
0.000923739
0.000757801
0.00058301
0.000400616
0.000208891
6.60636e-06
-0.000207221
-0.000440197
-0.000696413
-0.000979237
-0.00130123
-0.00165306
-0.00204263
-0.00247898
-0.00294089
-0.00344908
-0.00401375
-0.00462799
-0.00522401
-0.00577406
-0.00626259
-0.00658667
-0.00673059
-0.00667568
-0.0064699
-0.00619985
-0.00590811
-0.00571098
-0.00558893
-0.00547086
-0.00547375
-0.00553858
-0.0055632
-0.0056457
-0.00576923
-0.00584311
-0.00593625
-0.00607304
-0.00618659
-0.00627776
-0.00637987
-0.00648953
-0.00658471
-0.00666484
-0.00674428
-0.00681276
-0.00687292
-0.00693715
-0.00699468
-0.00704566
-0.00710213
-0.00716815
-0.00723709
-0.00731243
-0.00739505
-0.0074822
-0.00757514
-0.00767283
-0.00777205
-0.00787115
0.0031694
0.00322245
0.00367243
0.00413212
0.0044429
0.00457014
0.00453655
0.00440424
0.0042372
0.00407857
0.00394838
0.00385102
0.00378019
0.00372415
0.00367188
0.00361601
0.00355254
0.00348022
0.00339966
0.00331265
0.00322122
0.00312713
0.00303151
0.00293487
0.0028372
0.00273819
0.00263744
0.00253452
0.00242919
0.00232115
0.00221039
0.00209652
0.00197946
0.00185857
0.00173391
0.00160505
0.00147181
0.00133337
0.00118875
0.00103802
0.000879916
0.000714956
0.000541315
0.000359461
0.000168194
-3.44435e-05
-0.000249144
-0.000481779
-0.000737836
-0.0010176
-0.00133453
-0.00168079
-0.00206071
-0.00248661
-0.00293758
-0.00342947
-0.00397009
-0.00455561
-0.00512365
-0.00564555
-0.00611409
-0.00643299
-0.00658882
-0.00656362
-0.00638987
-0.00615009
-0.00588074
-0.00569443
-0.00558028
-0.00546757
-0.00546879
-0.00553285
-0.00555829
-0.00563873
-0.005761
-0.00583574
-0.00592832
-0.00606369
-0.00617712
-0.00626876
-0.00637089
-0.00648044
-0.00657578
-0.00665636
-0.00673662
-0.00680615
-0.00686711
-0.00693199
-0.0069904
-0.00704236
-0.0070996
-0.00716618
-0.00723559
-0.00731128
-0.00739419
-0.0074816
-0.00757485
-0.00767273
-0.00777221
-0.00787141
0.00503792
0.00495572
0.00446561
0.0039575
0.00359184
0.003404
0.00337246
0.00343571
0.00352925
0.00360878
0.00365304
0.00365661
0.00362489
0.00356919
0.0035005
0.00342649
0.00335156
0.00327751
0.00320432
0.00313093
0.00305593
0.00297814
0.00289681
0.00281161
0.00272261
0.00263002
0.0025342
0.00243532
0.00233364
0.00222907
0.00212175
0.00201129
0.00189765
0.00178008
0.00165849
0.00153232
0.00140155
0.00126551
0.00112335
0.000974864
0.000818975
0.000656006
0.000484447
0.000304239
0.000114231
-8.74482e-05
-0.000301992
-0.000533266
-0.000787733
-0.00106405
-0.00137445
-0.0017144
-0.00208394
-0.00249745
-0.00293651
-0.00341106
-0.00392709
-0.00448358
-0.0050241
-0.00551869
-0.00596716
-0.0062806
-0.00644629
-0.00644947
-0.00630773
-0.00609827
-0.0058532
-0.00567841
-0.00557209
-0.00546544
-0.00546451
-0.00552748
-0.00555413
-0.0056322
-0.00575257
-0.00582822
-0.00592022
-0.00605382
-0.00616705
-0.00625909
-0.00636107
-0.00647049
-0.00656609
-0.00664711
-0.00672818
-0.00679882
-0.00686073
-0.00692635
-0.00698568
-0.00703866
-0.00709675
-0.00716397
-0.00723387
-0.00731
-0.00739325
-0.00748093
-0.0075744
-0.00767249
-0.00777235
-0.00787165
0.00484251
0.00469841
0.00413415
0.00356083
0.00315385
0.00295673
0.00294839
0.00305736
0.00320519
0.00333639
0.00342326
0.00345736
0.00344287
0.00339274
0.00332243
0.00324484
0.00316805
0.00309574
0.00302838
0.00296429
0.00290085
0.00283544
0.00276611
0.00269164
0.00261173
0.00252653
0.00243671
0.00234274
0.00224533
0.00214453
0.00204079
0.00193369
0.00182337
0.00170895
0.00159034
0.00146681
0.00133838
0.00120455
0.00106453
0.000918107
0.000764028
0.000602793
0.000432855
0.000254262
6.53033e-05
-0.000135091
-0.000349268
-0.000578836
-0.000831154
-0.00110417
-0.00140779
-0.00174125
-0.00210071
-0.00250146
-0.00292794
-0.00338542
-0.0038773
-0.00440537
-0.00491932
-0.00538759
-0.00581622
-0.00612375
-0.00629786
-0.00632705
-0.00621697
-0.00603876
-0.00581857
-0.00565641
-0.00555902
-0.00545932
-0.00545697
-0.00551927
-0.00554749
-0.00562353
-0.00574233
-0.00581919
-0.00591076
-0.00604266
-0.00615575
-0.00624845
-0.00635041
-0.00645969
-0.0065556
-0.00663721
-0.0067192
-0.00679105
-0.00685392
-0.00692032
-0.00698066
-0.00703479
-0.00709376
-0.00716164
-0.0072321
-0.00730863
-0.00739222
-0.0074802
-0.00757402
-0.00767234
-0.00777248
-0.00787192
0.00477714
0.00465812
0.00410868
0.0035245
0.00308393
0.00283583
0.002771
0.00283289
0.00295185
0.00307286
0.00316388
0.00321152
0.00321448
0.0031807
0.00312285
0.00305343
0.00298195
0.00291381
0.00285091
0.00279256
0.00273645
0.00267955
0.00261933
0.00255395
0.00248263
0.00240513
0.002322
0.00223371
0.00214116
0.0020446
0.00194467
0.00184113
0.00173419
0.00162313
0.00150775
0.0013874
0.00126183
0.00113088
0.000993477
0.00084978
0.00069808
0.000539251
0.000371342
0.000194829
7.4788e-06
-0.000191198
-0.000403997
-0.000631644
-0.000880584
-0.00115003
-0.00144616
-0.00177199
-0.00212135
-0.00250787
-0.00292051
-0.00336049
-0.00382808
-0.00432772
-0.00481564
-0.00525861
-0.00566755
-0.00596909
-0.00615011
-0.00620323
-0.00612425
-0.00597685
-0.00578254
-0.00563402
-0.00554586
-0.00545388
-0.0054501
-0.00551146
-0.00554152
-0.00561554
-0.00573241
-0.00581033
-0.00590142
-0.00603147
-0.00614437
-0.00623759
-0.00633934
-0.00644848
-0.00654473
-0.00662683
-0.0067097
-0.00678279
-0.00684671
-0.00691393
-0.00697527
-0.00703056
-0.00709048
-0.00715909
-0.00723012
-0.00730713
-0.00739114
-0.00747942
-0.00757351
-0.00767208
-0.00777262
-0.00787219
0.00461959
0.00449115
0.00392749
0.00332572
0.00286632
0.00259976
0.00251894
0.00256954
0.00268317
0.00280482
0.00290174
0.00295962
0.0029757
0.00295586
0.00291088
0.00285213
0.00278882
0.00272677
0.0026687
0.00261481
0.00256368
0.0025128
0.00245975
0.00240235
0.00233939
0.00227012
0.00219469
0.00211334
0.00202685
0.00193565
0.00184043
0.00174124
0.00163826
0.00153111
0.00141939
0.00130276
0.00118053
0.00105289
0.000918437
0.000777705
0.000628833
0.000472853
0.00030761
0.000133655
-5.12267e-05
-0.000247539
-0.00045777
-0.000682866
-0.000927379
-0.0011925
-0.00148092
-0.00179806
-0.00213737
-0.00250934
-0.0029072
-0.0033299
-0.00377387
-0.00424558
-0.00470851
-0.00512731
-0.00551688
-0.00581197
-0.00599845
-0.00607292
-0.00602356
-0.00590705
-0.00573962
-0.00560577
-0.00552759
-0.00544438
-0.00543978
-0.00550046
-0.00553284
-0.00560514
-0.0057202
-0.0057995
-0.00589037
-0.00601861
-0.00613134
-0.00622531
-0.00632703
-0.00643599
-0.00653268
-0.00661545
-0.00669929
-0.00677375
-0.0068388
-0.00690687
-0.00696938
-0.00702596
-0.00708691
-0.00715629
-0.00722797
-0.00730547
-0.00738989
-0.00747852
-0.00757302
-0.00767184
-0.00777268
-0.00787248
0.00443532
0.00430372
0.00373607
0.00313057
0.00266814
0.00239922
0.00231657
0.00236567
0.00247813
0.00259917
0.00269632
0.0027555
0.00277406
0.00275774
0.00271696
0.00266268
0.00260378
0.0025459
0.0024918
0.00244189
0.002395
0.00234894
0.00230137
0.00225011
0.00219374
0.00213129
0.00206258
0.00198765
0.00190707
0.00182127
0.00173088
0.00163616
0.00153723
0.00143402
0.001326
0.00121311
0.00109443
0.000970277
0.000839171
0.00070167
0.000556071
0.000403044
0.000240806
6.94316e-05
-0.000112607
-0.000306367
-0.000513523
-0.000735544
-0.000975433
-0.00123538
-0.00151646
-0.00182398
-0.00215301
-0.00251053
-0.00289223
-0.00329738
-0.00371839
-0.00416247
-0.00460124
-0.00499724
-0.00536782
-0.00565655
-0.00584738
-0.00594084
-0.00591982
-0.00583336
-0.00569341
-0.00557534
-0.00550775
-0.00543428
-0.00542933
-0.00548922
-0.00552413
-0.00559491
-0.00570809
-0.00578875
-0.00587938
-0.00600566
-0.00611822
-0.00621292
-0.00631445
-0.00642321
-0.00652034
-0.00660371
-0.00668851
-0.00676437
-0.0068306
-0.00689959
-0.00696324
-0.00702114
-0.00708318
-0.00715336
-0.00722569
-0.00730375
-0.00738864
-0.00747764
-0.00757245
-0.00767155
-0.00777286
-0.00787277
0.00424559
0.00411334
0.00354415
0.0029369
0.00247254
0.00220151
0.00211664
0.00216362
0.00227427
0.00239403
0.00249058
0.00254991
0.00256938
0.00255472
0.00251628
0.00246494
0.00240943
0.00235529
0.0023052
0.00225953
0.00221713
0.00217586
0.00213343
0.00208765
0.00203707
0.00198064
0.00191805
0.00184923
0.00177458
0.00169447
0.00160942
0.00151973
0.00142551
0.00132677
0.00122304
0.0011143
0.000999715
0.000879457
0.000752274
0.00061844
0.000476582
0.000326883
0.000168123
-9.24262e-08
-0.000178738
-0.000369155
-0.000572558
-0.000790481
-0.00102513
-0.00127871
-0.00155197
-0.00184901
-0.0021669
-0.00251004
-0.00287457
-0.00326191
-0.00366101
-0.00407792
-0.00449327
-0.00486781
-0.00521965
-0.0055018
-0.00569584
-0.00580577
-0.00581128
-0.00575362
-0.00564138
-0.00554006
-0.00548349
-0.00542058
-0.00541604
-0.00547521
-0.00551302
-0.00558261
-0.00569389
-0.005776
-0.00586665
-0.00599111
-0.00610345
-0.00619897
-0.00630045
-0.006409
-0.00650669
-0.00659079
-0.00667658
-0.00675397
-0.0068215
-0.00689144
-0.00695636
-0.00701573
-0.00707892
-0.00714999
-0.0072231
-0.00730174
-0.00738712
-0.00747652
-0.00757181
-0.00767121
-0.00777279
-0.00787305
0.0040532
0.00392034
0.00334998
0.00274125
0.00227527
0.00200259
0.00191618
0.00196187
0.00207158
0.00219081
0.00228728
0.00234703
0.00236746
0.00235427
0.00231783
0.00226893
0.00221627
0.00216533
0.00211873
0.00207682
0.00203845
0.00200146
0.00196357
0.00192261
0.00187709
0.00182593
0.00176877
0.00170546
0.00163632
0.00156164
0.00148185
0.00139723
0.00130786
0.00121379
0.00111456
0.00101018
0.000899878
0.000783754
0.000660723
0.000530843
0.000392951
0.000247035
9.2146e-05
-7.2236e-05
-0.000247003
-0.000433306
-0.000632383
-0.000845353
-0.00107423
-0.00132075
-0.00158569
-0.00187214
-0.00217805
-0.00250706
-0.00285421
-0.00322328
-0.00360164
-0.0039922
-0.00438455
-0.00473907
-0.00507246
-0.00534782
-0.00554444
-0.00566846
-0.00569861
-0.00566836
-0.00558389
-0.00550042
-0.00545554
-0.00540415
-0.00540107
-0.00545964
-0.00550061
-0.00556934
-0.00567885
-0.00576268
-0.00585352
-0.00597599
-0.0060881
-0.00618464
-0.00628607
-0.00639434
-0.00649257
-0.00657745
-0.00666428
-0.00674324
-0.00681213
-0.00688308
-0.00694932
-0.00701021
-0.00707465
-0.00714663
-0.00722047
-0.00729976
-0.0073857
-0.00747553
-0.00757118
-0.00767091
-0.00777303
-0.00787336
0.00386176
0.00372842
0.00315688
0.0025468
0.00207956
0.00180581
0.00171861
0.00176383
0.0018734
0.00199277
0.00208964
0.00215002
0.00217131
0.00215923
0.00212414
0.00207688
0.00202615
0.00197745
0.0019334
0.00189432
0.00185909
0.00182553
0.00179136
0.00175442
0.00171317
0.00166654
0.0016141
0.00155571
0.00149158
0.00142197
0.00134718
0.00126751
0.00118296
0.00109363
0.000999041
0.000899208
0.000793374
0.00068164
0.000562995
0.000437407
0.000303823
0.000162206
1.16355e-05
-0.000148342
-0.00031872
-0.000500304
-0.000694407
-0.000901786
-0.00112416
-0.0013631
-0.00161898
-0.00189469
-0.00218782
-0.00250252
-0.00283246
-0.00318238
-0.00354096
-0.00390653
-0.00427645
-0.00461269
-0.00492846
-0.00519663
-0.00539496
-0.00553029
-0.0055826
-0.00557825
-0.00552107
-0.00545645
-0.00542382
-0.00538447
-0.00538395
-0.00544206
-0.00548633
-0.00555461
-0.00566238
-0.00574771
-0.00583891
-0.00595968
-0.00607158
-0.00616898
-0.00627034
-0.00637837
-0.0064773
-0.00656298
-0.00665078
-0.0067314
-0.00680179
-0.00687379
-0.00694139
-0.00700389
-0.00706963
-0.00714262
-0.00721737
-0.00729734
-0.00738384
-0.00747413
-0.00757034
-0.00767043
-0.00777277
-0.0078736
0.00366985
0.00353603
0.00296356
0.00235248
0.00188438
0.00160995
0.00152233
0.00156738
0.001677
0.00179662
0.0018939
0.00195484
0.00197682
0.00196556
0.00193146
0.00188539
0.0018361
0.00178911
0.00174706
0.00171031
0.00167768
0.00164704
0.00161607
0.00158265
0.00154516
0.00150257
0.00145433
0.00140035
0.00134072
0.0012758
0.00120571
0.00113085
0.00105106
0.000966537
0.000876703
0.000781617
0.0006805
0.00057343
0.000459485
0.000338551
0.000209717
7.27862e-05
-7.29752e-05
-0.000228138
-0.00039348
-0.000569831
-0.00075817
-0.000959312
-0.00117436
-0.00140511
-0.00165124
-0.00191578
-0.00219583
-0.00249578
-0.00280905
-0.00313942
-0.0034789
-0.0038212
-0.00416877
-0.00448801
-0.00478696
-0.00504731
-0.00524679
-0.00539139
-0.00546371
-0.00548336
-0.00545258
-0.00540739
-0.00538744
-0.00536095
-0.0053643
-0.00542216
-0.00546996
-0.00553805
-0.00564403
-0.00573124
-0.00582326
-0.0059422
-0.00605372
-0.00615233
-0.00625389
-0.00636155
-0.00646111
-0.00654776
-0.0066367
-0.00671908
-0.00679103
-0.00686416
-0.00693326
-0.00699752
-0.00706469
-0.0071387
-0.0072143
-0.00729503
-0.0073822
-0.00747303
-0.00756964
-0.00767011
-0.00777308
-0.00787393
0.00347808
0.00334386
0.00277061
0.00215875
0.00169002
0.00141512
0.00132724
0.00137223
0.00148198
0.00160187
0.00169955
0.00176101
0.0017836
0.00177307
0.00173981
0.00169473
0.00164661
0.00160102
0.00156061
0.00152578
0.00149532
0.00146715
0.0014389
0.00140849
0.00137426
0.00133521
0.00129071
0.00124072
0.00118524
0.00112465
0.00105903
0.000988739
0.000913611
0.000833773
0.000748734
0.000658413
0.000562183
0.000459901
0.000350915
0.000234853
0.000111097
-2.08489e-05
-0.000161365
-0.000311232
-0.000470899
-0.00064135
-0.000823194
-0.00101742
-0.00122455
-0.00144649
-0.00168252
-0.00193546
-0.00220242
-0.0024872
-0.00278429
-0.00309527
-0.00341595
-0.00373683
-0.00406259
-0.00436587
-0.0046492
-0.0049012
-0.00510131
-0.00525324
-0.0053428
-0.00538456
-0.00537876
-0.00535346
-0.00534688
-0.00533342
-0.00534193
-0.00540006
-0.00545138
-0.00551973
-0.00562439
-0.00571332
-0.00580601
-0.00592362
-0.00603501
-0.00613464
-0.00623625
-0.00634362
-0.00644403
-0.00653167
-0.00662154
-0.00670572
-0.0067794
-0.00685368
-0.00692423
-0.00699025
-0.00705885
-0.007134
-0.00721064
-0.00729214
-0.00737996
-0.00747129
-0.00756854
-0.00766944
-0.0077726
-0.00787408
0.00328791
0.00315329
0.00257927
0.0019667
0.00149739
0.00122212
0.00113403
0.001179
0.00128888
0.00140901
0.00150705
0.00156897
0.0015921
0.0015822
0.00154964
0.00150539
0.00145822
0.00141378
0.00137472
0.00134146
0.00131281
0.0012867
0.00126074
0.00123288
0.00120145
0.00116546
0.00112428
0.00107782
0.00102612
0.000969489
0.000908063
0.000842074
0.000771444
0.000696134
0.00061583
0.000530236
0.00043896
0.000341572
0.000237716
0.00012674
8.33147e-06
-0.000118259
-0.00025315
-0.000397208
-0.000550751
-0.000714709
-0.000889591
-0.00107624
-0.00127504
-0.00148752
-0.00171318
-0.00195401
-0.00220793
-0.00247732
-0.00275846
-0.0030508
-0.00335266
-0.00365399
-0.00395876
-0.00424676
-0.00451567
-0.00475871
-0.00495877
-0.00511631
-0.00522056
-0.00528229
-0.00529985
-0.00529448
-0.00530141
-0.00530146
-0.00531654
-0.00537533
-0.00543054
-0.00549972
-0.00560269
-0.00569337
-0.00578747
-0.00590388
-0.0060147
-0.00611554
-0.00621767
-0.0063247
-0.00642575
-0.00651451
-0.00660554
-0.00669159
-0.00676707
-0.0068426
-0.0069148
-0.00698284
-0.00705307
-0.00712938
-0.00720702
-0.00728943
-0.00737805
-0.00747005
-0.00756776
-0.0076691
-0.00777296
-0.00787444
0.00309927
0.00296424
0.0023895
0.00177622
0.00130638
0.00103076
0.000942504
0.000987475
0.00109747
0.00121784
0.00131619
0.00137851
0.00140212
0.00139276
0.0013608
0.00131724
0.00127088
0.0012274
0.00118946
0.00115753
0.00113042
0.00110604
0.00108206
0.00105639
0.00102741
0.000994091
0.000955865
0.000912556
0.000864286
0.000811248
0.00075371
0.000691736
0.000625402
0.000554459
0.000478778
0.000397864
0.000311511
0.000219108
0.000120436
1.47823e-05
-9.81336e-05
-0.00021897
-0.000348012
-0.000485759
-0.000632876
-0.000789727
-0.00095726
-0.00113568
-0.00132574
-0.00152828
-0.00174321
-0.00197177
-0.00221243
-0.00246672
-0.00273186
-0.00300653
-0.00328973
-0.00357297
-0.00385806
-0.00413086
-0.00438678
-0.00462041
-0.00481958
-0.00498165
-0.00509781
-0.00517742
-0.00521629
-0.00523035
-0.00525145
-0.00526487
-0.00528765
-0.00534812
-0.00540725
-0.00547744
-0.00557936
-0.00567189
-0.00576696
-0.00588249
-0.00599343
-0.0060954
-0.00619785
-0.00630456
-0.00640654
-0.00649651
-0.00658852
-0.00667649
-0.00675403
-0.00683086
-0.00690461
-0.00697455
-0.00704639
-0.00712397
-0.00720276
-0.00728603
-0.00737535
-0.00746791
-0.00756633
-0.00766819
-0.00777221
-0.00787442
0.00291211
0.00277674
0.00220134
0.00158744
0.00111712
0.00084119
0.000752807
0.000797795
0.000907923
0.00102851
0.00112716
0.00118983
0.00121387
0.00120498
0.00117357
0.00113061
0.00108495
0.00104227
0.00100531
0.000974513
0.000948735
0.000925867
0.000903607
0.000879836
0.000853012
0.00082204
0.000786435
0.000745948
0.000700765
0.000651005
0.000597013
0.000538788
0.000476465
0.000409735
0.000338486
0.000262211
0.000180668
9.33252e-05
-1.65234e-07
-0.0001003
-0.000207615
-0.000322402
-0.000445347
-0.000576421
-0.00071673
-0.000866095
-0.00102582
-0.00119566
-0.00137654
-0.00156888
-0.00177271
-0.00198902
-0.00221621
-0.00245583
-0.00270498
-0.00296291
-0.00322805
-0.00349419
-0.0037611
-0.00401873
-0.00426297
-0.00448714
-0.00468437
-0.00484997
-0.00497553
-0.00507065
-0.00512889
-0.00516161
-0.00519673
-0.00522358
-0.00525524
-0.00531791
-0.00538117
-0.00545337
-0.00555418
-0.00564808
-0.00574475
-0.00585993
-0.00597066
-0.00607372
-0.00617696
-0.00628345
-0.00638609
-0.00647739
-0.00657055
-0.0066605
-0.00674004
-0.00681825
-0.00689373
-0.0069659
-0.00703957
-0.00711847
-0.00719844
-0.00728282
-0.00737311
-0.0074665
-0.00756546
-0.00766783
-0.00777262
-0.00787482
0.00272672
0.00259107
0.00201509
0.00140064
0.00092991
0.000653721
0.000565241
0.000610261
0.000720524
0.000841316
0.000940233
0.00100324
0.00102766
0.00101921
0.000988284
0.000945857
0.000900816
0.000858851
0.000822739
0.000792934
0.00076833
0.000746795
0.000726056
0.000703974
0.000679043
0.000650166
0.00061689
0.000578958
0.000536561
0.00048982
0.000439066
0.000384348
0.000325744
0.000263044
0.000195999
0.000124272
4.7403e-05
-3.48688e-05
-0.000123203
-0.000217716
-0.000319334
-0.000427903
-0.000544527
-0.000668743
-0.000801901
-0.000943589
-0.00109505
-0.00125616
-0.00142734
-0.0016095
-0.00180179
-0.00200606
-0.00221967
-0.002445
-0.00267861
-0.00292032
-0.0031685
-0.00341783
-0.0036685
-0.00391101
-0.00414429
-0.00435955
-0.00455316
-0.00472193
-0.00485452
-0.0049627
-0.00503856
-0.00508822
-0.00513754
-0.00517767
-0.00521853
-0.00528483
-0.00535255
-0.00542676
-0.00552701
-0.00562269
-0.00572052
-0.00583537
-0.00594657
-0.00605089
-0.00615484
-0.00626107
-0.00636459
-0.0064574
-0.00655158
-0.00664348
-0.00672541
-0.00680512
-0.00688223
-0.00695653
-0.00703203
-0.00711232
-0.00719352
-0.00727883
-0.00736989
-0.0074639
-0.00756363
-0.00766661
-0.00777156
-0.00787456
0.0025435
0.0024076
0.00183111
0.00121616
0.000745069
0.000468668
0.000380124
0.000425192
0.000535592
0.000656577
0.000755744
0.00081905
0.000843833
0.000835783
0.000805307
0.000763376
0.000718894
0.00067757
0.000642207
0.000613289
0.000589724
0.000569394
0.000550016
0.000529468
0.000506228
0.00047925
0.000448057
0.000412464
0.000372595
0.000328661
0.000280885
0.000229457
0.000174324
0.000115459
5.24308e-05
-1.48919e-05
-8.71899e-05
-0.000164497
-0.000247677
-0.000336633
-0.000432428
-0.000534812
-0.00064487
-0.000762246
-0.000887931
-0.00102193
-0.00116478
-0.00131711
-0.00147837
-0.00165026
-0.00183101
-0.00202316
-0.00222353
-0.00243462
-0.00265348
-0.00287939
-0.00311191
-0.00334501
-0.00358079
-0.00380898
-0.00403113
-0.0042385
-0.0044271
-0.00459785
-0.00473616
-0.00485444
-0.00494596
-0.00501126
-0.00507403
-0.00512711
-0.00517782
-0.00524855
-0.00532073
-0.00539788
-0.00549813
-0.00559501
-0.00569413
-0.00580925
-0.00592092
-0.00602635
-0.0061314
-0.00623764
-0.00634183
-0.00643616
-0.00653151
-0.0066254
-0.00670969
-0.00679097
-0.00686985
-0.00694648
-0.00702398
-0.00710581
-0.00718843
-0.00727507
-0.00736727
-0.00746227
-0.00756264
-0.0076662
-0.00777198
-0.00787498
0.00236311
0.00222696
0.00164997
0.00103456
0.000563144
0.000286577
0.000198015
0.000243173
0.000353735
0.00047493
0.000574345
0.000637945
0.000663069
0.000655411
0.000625373
0.000583932
0.00053999
0.00049928
0.000464615
0.000436519
0.000413903
0.000394688
0.000376562
0.000357435
0.000335747
0.000310515
0.000281222
0.000247773
0.000210229
0.000168887
0.000123885
7.55161e-05
2.36486e-05
-3.16217e-05
-9.08048e-05
-0.000153941
-0.000221778
-0.000294308
-0.000372373
-0.000455918
-0.000545845
-0.000642127
-0.000745494
-0.000856044
-0.00097411
-0.00110036
-0.00123449
-0.00137792
-0.00152926
-0.00169079
-0.00186024
-0.00204023
-0.00222799
-0.00242499
-0.00262998
-0.00284043
-0.00305823
-0.00327593
-0.00349754
-0.00371289
-0.00392356
-0.00412412
-0.00430695
-0.00447824
-0.00462144
-0.00474687
-0.00485209
-0.00493133
-0.00500663
-0.00507269
-0.00513289
-0.00520892
-0.0052864
-0.00536654
-0.00546716
-0.00556592
-0.00566602
-0.00578122
-0.00589384
-0.00600069
-0.00610691
-0.00621318
-0.00631808
-0.00641413
-0.00651059
-0.00660637
-0.00669328
-0.00677631
-0.00685693
-0.00693585
-0.00701538
-0.00709872
-0.00718266
-0.00727035
-0.00736343
-0.00745914
-0.00756035
-0.00766461
-0.00777057
-0.0078744
0.00218472
0.00204838
0.00147096
0.000855137
0.000383443
0.000106749
1.81988e-05
6.34755e-05
0.00017422
0.000295638
0.000395305
0.000459191
0.000484641
0.00047736
0.000447745
0.000406786
0.000363376
0.000323269
0.000289278
0.000261966
0.000240246
0.000222082
0.000205143
0.000187369
0.000167168
0.000143594
0.000116114
8.46847e-05
4.93532e-05
1.04565e-05
-3.18867e-05
-7.73647e-05
-0.000126092
-0.000177972
-0.000233441
-0.000292605
-0.000356083
-0.000424037
-0.000497069
-0.000575391
-0.000659517
-0.000749819
-0.000846535
-0.000950257
-0.00106076
-0.00117914
-0.00130468
-0.00143899
-0.00158067
-0.0017316
-0.00189022
-0.00205796
-0.0022337
-0.00241695
-0.0026086
-0.00280452
-0.00300794
-0.00321161
-0.00341896
-0.00362278
-0.00382187
-0.00401542
-0.00419297
-0.00436266
-0.00451025
-0.00464098
-0.00475714
-0.00484898
-0.0049354
-0.00501365
-0.00508361
-0.00516559
-0.00524849
-0.00533218
-0.00543391
-0.00553456
-0.00563548
-0.00575102
-0.00586484
-0.00597297
-0.00608072
-0.00618747
-0.00629299
-0.00639073
-0.00648845
-0.00658616
-0.00667582
-0.00676073
-0.00684314
-0.00692451
-0.00700631
-0.00709138
-0.00717686
-0.00726604
-0.00736039
-0.00745723
-0.00755919
-0.00766412
-0.00777094
-0.00787481
0.00201262
0.00187632
0.00129866
0.000682538
0.000210602
-6.62304e-05
-0.000154805
-0.00010945
1.43882e-06
0.000123044
0.000222921
0.000287044
0.000312759
0.000305786
0.000276521
0.000235969
0.000193016
0.000153429
0.00012002
9.33793e-05
7.24296e-05
5.5167e-05
3.9263e-05
2.26753e-05
3.80369e-06
-1.82909e-05
-4.41324e-05
-7.37505e-05
-0.000107064
-0.000143739
-0.000183616
-0.00022643
-0.000272229
-0.000320992
-0.000373021
-0.000428535
-0.000487965
-0.000551656
-0.000619967
-0.000693335
-0.000771964
-0.000856482
-0.000946836
-0.00104386
-0.00114712
-0.00125775
-0.00137505
-0.00150034
-0.00163276
-0.00177333
-0.00192154
-0.00207749
-0.00224163
-0.00241194
-0.0025907
-0.00277329
-0.00296287
-0.00315386
-0.00334753
-0.00354073
-0.00372876
-0.00391489
-0.00408756
-0.00425383
-0.00440466
-0.0045388
-0.00466322
-0.00476641
-0.00486231
-0.00495214
-0.00503159
-0.00511938
-0.00520851
-0.00529595
-0.00539885
-0.0055021
-0.0056039
-0.00571932
-0.0058345
-0.00594409
-0.00605345
-0.00616093
-0.00626707
-0.00636653
-0.00646541
-0.00656477
-0.00665723
-0.00674424
-0.0068284
-0.00691213
-0.00699618
-0.00708299
-0.00716998
-0.00726041
-0.00735581
-0.00745352
-0.00755639
-0.0076621
-0.00776917
-0.00787385
0.00183763
0.00170132
0.00112337
0.00050703
3.50519e-05
-0.000241615
-0.000329826
-0.000283954
-0.000172457
-5.01897e-05
5.03786e-05
0.000115221
0.000141684
0.000135501
0.000107076
6.74223e-05
2.54281e-05
-1.31359e-05
-4.546e-05
-7.09491e-05
-9.06696e-05
-0.000106616
-0.000121101
-0.000136167
-0.000153404
-0.000173768
-0.00019776
-0.000225426
-0.000256634
-0.000291073
-0.000328514
-0.00036874
-0.00041171
-0.000457467
-0.00050619
-0.000558176
-0.000613718
-0.000673268
-0.000737058
-0.000805615
-0.000879027
-0.000957935
-0.00104228
-0.00113278
-0.0012292
-0.0013323
-0.00144182
-0.00155842
-0.001682
-0.0018127
-0.00195091
-0.00209583
-0.00224868
-0.00240717
-0.00257335
-0.00274383
-0.0029201
-0.00309936
-0.00328031
-0.00346302
-0.00364126
-0.00381908
-0.00398739
-0.00414943
-0.00430185
-0.00443899
-0.00456905
-0.00468231
-0.00478645
-0.00488639
-0.00497543
-0.00506902
-0.00516448
-0.00525643
-0.00536085
-0.00546717
-0.00557037
-0.00568559
-0.00580226
-0.00591337
-0.00602452
-0.00613348
-0.00624047
-0.0063416
-0.00644183
-0.00654294
-0.00663843
-0.00672776
-0.00681369
-0.00689979
-0.00698628
-0.00707498
-0.00716357
-0.00725556
-0.00735231
-0.00745124
-0.00755499
-0.00766143
-0.00776939
-0.00787418
0.00166492
0.00152776
0.000948797
0.000331673
-0.000140782
-0.000417621
-0.000505754
-0.000459648
-0.000347845
-0.000225244
-0.000124333
-5.91368e-05
-3.22983e-05
-3.8068e-05
-6.60221e-05
-0.000105131
-0.000146492
-0.000184331
-0.000215829
-0.000240393
-0.000259076
-0.000273872
-0.000287072
-0.000300723
-0.000316392
-0.000335053
-0.000357185
-0.000382857
-0.000411896
-0.000444011
-0.000478916
-0.000516424
-0.000556439
-0.000599037
-0.00064434
-0.000692659
-0.000744236
-0.00079952
-0.000858737
-0.000922366
-0.000990543
-0.00106376
-0.0011421
-0.00122604
-0.00131562
-0.00141121
-0.00151295
-0.001621
-0.00173574
-0.00185687
-0.00198511
-0.00211952
-0.00226122
-0.00240855
-0.00256257
-0.00272156
-0.00288532
-0.00305324
-0.00322258
-0.00339474
-0.00356416
-0.00373334
-0.003897
-0.0040545
-0.00420644
-0.00434578
-0.004479
-0.00460022
-0.00471135
-0.00481954
-0.00491771
-0.00501673
-0.00511817
-0.00521511
-0.00532072
-0.00543008
-0.0055353
-0.00564992
-0.00576788
-0.00588056
-0.00599327
-0.00610385
-0.00621183
-0.00631459
-0.0064161
-0.00651867
-0.00661714
-0.00670911
-0.00679693
-0.00688537
-0.00697436
-0.0070651
-0.00715542
-0.00724891
-0.00734694
-0.00744693
-0.00755168
-0.00765897
-0.00776725
-0.0078728
0.0015233
0.00138766
0.00080993
0.000193765
-0.000277902
-0.000554067
-0.000641573
-0.00059484
-0.000482397
-0.00035916
-0.000257634
-0.000191859
-0.000164482
-0.000169751
-0.000197225
-0.000235859
-0.000276735
-0.000314076
-0.000345061
-0.000369108
-0.00038727
-0.000401553
-0.000414235
-0.000427364
-0.000442481
-0.000460553
-0.000482029
-0.000506967
-0.000535157
-0.000566288
-0.000600035
-0.000636191
-0.000674633
-0.000715422
-0.000758668
-0.000804651
-0.000853615
-0.00090595
-0.000961916
-0.0010219
-0.00108612
-0.00115492
-0.00122849
-0.0013071
-0.00139099
-0.00148028
-0.0015753
-0.00167601
-0.00178289
-0.00189564
-0.00201486
-0.00213993
-0.00227147
-0.00240873
-0.0025518
-0.00270021
-0.00285286
-0.00301006
-0.0031691
-0.00333109
-0.00349233
-0.00365335
-0.00381199
-0.00396548
-0.00411573
-0.00425689
-0.00439213
-0.0045195
-0.00463707
-0.0047518
-0.00485854
-0.0049631
-0.00507006
-0.00517272
-0.00528021
-0.00539257
-0.00550083
-0.00561521
-0.00573424
-0.00584868
-0.00596279
-0.00607526
-0.00618475
-0.00628925
-0.00639203
-0.00649579
-0.00659719
-0.00669202
-0.00678164
-0.00687217
-0.00696363
-0.00705642
-0.00714839
-0.00724345
-0.00734288
-0.00744415
-0.00754988
-0.00765802
-0.0077672
-0.00787296
0.00125319
0.00111771
0.00054101
-7.20858e-05
-0.000538613
-0.00080777
-0.000886898
-0.000831367
-0.000710601
-0.000580039
-0.000472366
-0.000401621
-0.000370293
-0.000372266
-0.00039668
-0.000432148
-0.000469552
-0.000503055
-0.000529867
-0.0005495
-0.000563144
-0.000572948
-0.00058131
-0.00059036
-0.000601671
-0.000616205
-0.000634375
-0.000656183
-0.000681349
-0.000709493
-0.000740234
-0.000773309
-0.000808573
-0.000846049
-0.000885849
-0.000928203
-0.000973359
-0.00102164
-0.00107333
-0.00112876
-0.00118818
-0.00125184
-0.00131998
-0.00139278
-0.00147051
-0.00155324
-0.00164128
-0.0017346
-0.0018336
-0.00193813
-0.00204853
-0.00216459
-0.00228644
-0.00241389
-0.00254656
-0.00268455
-0.00282668
-0.00297335
-0.00312263
-0.00327483
-0.00342798
-0.00358119
-0.00373395
-0.0038832
-0.0040303
-0.00417161
-0.00430755
-0.00443845
-0.00456115
-0.00468068
-0.00479459
-0.00490455
-0.00501614
-0.00512457
-0.00523436
-0.00534919
-0.00546093
-0.00557559
-0.00569538
-0.00581167
-0.00592724
-0.00604157
-0.00615295
-0.00625968
-0.00636396
-0.0064687
-0.00657296
-0.00667123
-0.00676306
-0.00685579
-0.00694992
-0.00704511
-0.00713904
-0.00723583
-0.00733677
-0.0074393
-0.00754613
-0.00765514
-0.00776473
-0.00787117
0.00125853
0.00112664
0.000552722
-6.0183e-05
-0.000529827
-0.000805703
-0.000894831
-0.000851176
-0.00074243
-0.000622694
-0.000523882
-0.000459668
-0.000432533
-0.000436783
-0.000462312
-0.00049856
-0.000537087
-0.0005725
-0.000602166
-0.000625535
-0.000643557
-0.000658039
-0.000671023
-0.000684328
-0.000699309
-0.000716805
-0.000737193
-0.000760511
-0.000786575
-0.000815114
-0.000845867
-0.000878654
-0.0009134
-0.000950146
-0.000989024
-0.00103024
-0.00107405
-0.00112072
-0.00117051
-0.00122364
-0.00128037
-0.00134086
-0.00140534
-0.00147397
-0.00154699
-0.00162451
-0.00170679
-0.00179392
-0.00188613
-0.00198349
-0.00208613
-0.00219412
-0.00230736
-0.00242599
-0.00254954
-0.0026782
-0.00281111
-0.00294834
-0.00308883
-0.00323219
-0.00337759
-0.00352366
-0.00367035
-0.0038153
-0.00395886
-0.00409922
-0.00423537
-0.00436814
-0.00449496
-0.00461828
-0.00473773
-0.00485298
-0.0049683
-0.0050819
-0.00519453
-0.00531121
-0.00542628
-0.00554178
-0.00566207
-0.00577986
-0.00589663
-0.00601248
-0.00612543
-0.00623442
-0.00634037
-0.00644544
-0.00655182
-0.00665348
-0.00674743
-0.00684181
-0.00693822
-0.00703562
-0.00713125
-0.00722959
-0.00733196
-0.00743581
-0.00754374
-0.00765372
-0.00776422
-0.007871
-0.00202689
-0.0019109
-0.00135489
-0.000761694
-0.000312952
-5.8731e-05
8.31457e-06
-5.76009e-05
-0.000188736
-0.000331137
-0.000453117
-0.000541228
-0.000593273
-0.000615307
-0.00061766
-0.000610957
-0.00060356
-0.000600738
-0.000605061
-0.000617075
-0.000635888
-0.000659807
-0.000686946
-0.000715674
-0.000744837
-0.000773811
-0.000802435
-0.000830897
-0.000859604
-0.000889052
-0.000919728
-0.000952044
-0.000986316
-0.00102277
-0.00106155
-0.00110276
-0.00114649
-0.00119283
-0.00124188
-0.00129378
-0.0013487
-0.00140681
-0.00146834
-0.0015335
-0.00160251
-0.00167558
-0.00175292
-0.00183471
-0.00192111
-0.00201228
-0.00210828
-0.00220925
-0.00231511
-0.00242596
-0.00254155
-0.0026619
-0.00278657
-0.00291535
-0.00304779
-0.0031832
-0.0033213
-0.0034608
-0.00360163
-0.00374222
-0.00388221
-0.00402082
-0.00415659
-0.00429018
-0.00441975
-0.00454628
-0.00466988
-0.00479017
-0.00490917
-0.00502744
-0.00514389
-0.00526259
-0.00538125
-0.00549866
-0.0056199
-0.00573963
-0.00585794
-0.00597578
-0.0060906
-0.00620228
-0.0063111
-0.00641694
-0.00652508
-0.00663078
-0.00672778
-0.00682417
-0.0069231
-0.00702322
-0.00712108
-0.00722129
-0.00732534
-0.00743063
-0.00753973
-0.00765059
-0.00776155
-0.00786888
0.00103593
0.000904405
0.000330458
-0.000282889
-0.000753383
-0.00103052
-0.00112113
-0.00107892
-0.00097139
-0.000852584
-0.000754434
-0.000690664
-0.000663742
-0.00066798
-0.000693337
-0.000729354
-0.000767711
-0.000803114
-0.000832949
-0.000856626
-0.000875003
-0.00088978
-0.000902898
-0.000916101
-0.000930697
-0.000947501
-0.000966887
-0.000988898
-0.00101336
-0.00104002
-0.00106861
-0.00109895
-0.00113095
-0.00116461
-0.00120004
-0.00123739
-0.00127684
-0.00131863
-0.00136296
-0.00141007
-0.00146014
-0.00151338
-0.00156994
-0.00163002
-0.00169376
-0.00176134
-0.00183292
-0.00190864
-0.00198866
-0.00207309
-0.00216205
-0.00225562
-0.00235385
-0.00245674
-0.00256427
-0.00267627
-0.00279269
-0.0029131
-0.00303742
-0.00316494
-0.00329553
-0.00342823
-0.00356275
-0.00369824
-0.00383386
-0.00396945
-0.00410342
-0.00423634
-0.00436664
-0.00449486
-0.00462072
-0.00474427
-0.00486607
-0.0049871
-0.00510677
-0.0052267
-0.00534757
-0.0054667
-0.00558802
-0.00570908
-0.00582812
-0.00594708
-0.00606329
-0.0061764
-0.00628788
-0.00639448
-0.00650291
-0.00661168
-0.00671165
-0.00680945
-0.00691009
-0.00701251
-0.00711223
-0.00721396
-0.00731946
-0.00742612
-0.00753645
-0.00764843
-0.00776036
-0.00786819
-0.00238594
-0.00226482
-0.00170191
-0.00110039
-0.000642677
-0.000379395
-0.000303749
-0.000361975
-0.000486457
-0.000623085
-0.000739902
-0.000823213
-0.000870602
-0.00088779
-0.000884906
-0.000872559
-0.000859235
-0.000850378
-0.00084871
-0.000854915
-0.000868208
-0.000886962
-0.000909311
-0.000933599
-0.000958618
-0.000983678
-0.00100854
-0.00103332
-0.00105836
-0.0010841
-0.00111101
-0.00113946
-0.00116978
-0.00120218
-0.0012368
-0.00127373
-0.00131303
-0.00135476
-0.00139896
-0.00144573
-0.00149517
-0.0015474
-0.00160257
-0.00166085
-0.00172242
-0.00178742
-0.00185605
-0.00192844
-0.00200476
-0.00208512
-0.00216968
-0.00225846
-0.00235161
-0.00244904
-0.00255089
-0.00265695
-0.00276728
-0.00288154
-0.00299967
-0.00312122
-0.00324595
-0.0033734
-0.00350296
-0.00363442
-0.00376662
-0.00389983
-0.00403245
-0.00416499
-0.00429608
-0.004426
-0.00455434
-0.00468098
-0.00480633
-0.00493042
-0.00505395
-0.00517652
-0.00529994
-0.00542223
-0.00554473
-0.00566802
-0.00578892
-0.00590939
-0.00602822
-0.00614316
-0.00625784
-0.00636718
-0.00647618
-0.00658777
-0.00669195
-0.00679216
-0.00689466
-0.0069998
-0.00710206
-0.00720571
-0.00731286
-0.00742103
-0.00753257
-0.00764533
-0.00775772
-0.00786593
0.000826547
0.000693786
0.000118378
-0.000496144
-0.000967198
-0.00124411
-0.00133371
-0.00128996
-0.0011807
-0.00106022
-0.000960642
-0.00089575
-0.000868045
-0.000871867
-0.000897089
-0.000933095
-0.00097138
-0.00100651
-0.00103581
-0.00105868
-0.00107602
-0.00108959
-0.00110139
-0.00111322
-0.00112643
-0.00114184
-0.00115984
-0.00118044
-0.00120344
-0.00122855
-0.00125545
-0.00128392
-0.00131384
-0.00134518
-0.001378
-0.00141243
-0.00144865
-0.00148686
-0.00152724
-0.00157
-0.00161531
-0.00166331
-0.00171417
-0.00176801
-0.00182497
-0.00188517
-0.00194877
-0.00201587
-0.00208664
-0.00216116
-0.00223958
-0.00232196
-0.00240844
-0.002499
-0.00259376
-0.0026926
-0.00279555
-0.00290246
-0.00301321
-0.00312758
-0.00324524
-0.00336604
-0.0034893
-0.00361506
-0.00374222
-0.00387106
-0.00400028
-0.00413015
-0.00425966
-0.00438869
-0.00451706
-0.00464417
-0.00477071
-0.00489583
-0.00502079
-0.00514467
-0.00526862
-0.00539246
-0.00551513
-0.0056389
-0.00576071
-0.00588103
-0.00600145
-0.00611731
-0.0062332
-0.00634509
-0.00645422
-0.00656648
-0.00667407
-0.00677648
-0.00688003
-0.00698706
-0.00709141
-0.00719668
-0.00730534
-0.00741504
-0.00752798
-0.00764216
-0.00775557
-0.0078645
-0.00258687
-0.00246392
-0.00189892
-0.00129553
-0.000836431
-0.000572392
-0.000496615
-0.000555128
-0.000680011
-0.000816903
-0.000933679
-0.00101655
-0.00106305
-0.00107891
-0.00107436
-0.00106017
-0.00104498
-0.00103437
-0.00103112
-0.00103592
-0.00104795
-0.00106553
-0.00108669
-0.00110973
-0.00113338
-0.0011569
-0.00118005
-0.00120295
-0.00122593
-0.00124946
-0.00127401
-0.00129998
-0.00132769
-0.00135736
-0.00138911
-0.00142301
-0.0014591
-0.00149741
-0.00153796
-0.0015808
-0.00162601
-0.00167367
-0.00172392
-0.00177688
-0.0018327
-0.00189152
-0.00195349
-0.00201872
-0.00208737
-0.00215955
-0.00223538
-0.00231492
-0.00239829
-0.00248552
-0.00257668
-0.00267175
-0.00277073
-0.00287357
-0.00298013
-0.00309038
-0.00320397
-0.0033209
-0.00344058
-0.00356306
-0.00368754
-0.00381408
-0.00394184
-0.00407072
-0.00420015
-0.00432967
-0.00445929
-0.00458818
-0.0047169
-0.00484459
-0.00497195
-0.00509871
-0.00522472
-0.00535115
-0.00547602
-0.00560121
-0.00572534
-0.0058468
-0.00596943
-0.00608784
-0.00620529
-0.00632063
-0.00643175
-0.00654478
-0.00665605
-0.00676205
-0.00686698
-0.00697587
-0.00708277
-0.00718989
-0.00729987
-0.00741082
-0.00752479
-0.00763958
-0.00775327
-0.00786242
0.000670423
0.000536581
-4.0025e-05
-0.000655527
-0.00112713
-0.00140401
-0.00149303
-0.00144829
-0.00133789
-0.00121636
-0.00111596
-0.00105057
-0.00102276
-0.00102682
-0.00105253
-0.00108911
-0.00112793
-0.00116342
-0.00119283
-0.00121555
-0.00123249
-0.00124548
-0.00125659
-0.00126768
-0.00128015
-0.00129484
-0.00131216
-0.00133209
-0.00135443
-0.00137883
-0.00140496
-0.00143255
-0.00146144
-0.00149157
-0.001523
-0.00155583
-0.00159022
-0.00162634
-0.00166438
-0.00170451
-0.00174688
-0.00179161
-0.00183883
-0.00188863
-0.00194114
-0.00199643
-0.00205464
-0.00211584
-0.00218017
-0.00224772
-0.00231861
-0.00239294
-0.0024708
-0.00255229
-0.00263743
-0.00272632
-0.00281891
-0.00291526
-0.00301526
-0.0031189
-0.00322596
-0.00333641
-0.00344989
-0.00356635
-0.00368529
-0.00380663
-0.0039298
-0.00405463
-0.00418065
-0.00430744
-0.00443489
-0.00456233
-0.00468991
-0.00481715
-0.00494407
-0.00507094
-0.0051969
-0.00532338
-0.00544863
-0.00557323
-0.0056977
-0.00581896
-0.00594193
-0.00606176
-0.00617895
-0.0062955
-0.00640843
-0.00652131
-0.00663429
-0.00674328
-0.00684967
-0.00696006
-0.00706931
-0.00717853
-0.00729023
-0.00740296
-0.00751864
-0.00763504
-0.00774997
-0.00786011
-0.00262281
-0.00250007
-0.00193577
-0.00133383
-0.000876987
-0.000616034
-0.000544015
-0.000606592
-0.000735472
-0.000876041
-0.000996061
-0.00108171
-0.0011305
-0.00114831
-0.00114555
-0.00113317
-0.00111996
-0.00111159
-0.0011109
-0.00111855
-0.00113363
-0.00115433
-0.00117859
-0.00120459
-0.00123101
-0.00125708
-0.00128252
-0.00130746
-0.00133227
-0.00135742
-0.0013834
-0.00141063
-0.00143942
-0.00146997
-0.0015024
-0.00153673
-0.00157297
-0.00161111
-0.00165116
-0.00169312
-0.00173706
-0.00178305
-0.00183119
-0.00188162
-0.00193446
-0.00198983
-0.00204789
-0.00210875
-0.00217254
-0.00223938
-0.00230937
-0.00238262
-0.0024592
-0.00253922
-0.00262273
-0.0027098
-0.00280045
-0.00289471
-0.00299255
-0.00309396
-0.00319883
-0.0033071
-0.00341855
-0.00353308
-0.00365037
-0.00377027
-0.00389233
-0.00401641
-0.004142
-0.00426886
-0.00439659
-0.00452484
-0.00465333
-0.00478187
-0.00491027
-0.00503884
-0.00516676
-0.00529466
-0.00542158
-0.00554725
-0.00567345
-0.00579678
-0.00592078
-0.00604267
-0.00616107
-0.00627913
-0.00639491
-0.00650841
-0.00662231
-0.00673423
-0.00684207
-0.00695309
-0.00706391
-0.00717447
-0.00728693
-0.00740039
-0.00751672
-0.00763346
-0.00774859
-0.0078587
0.000649108
0.000512397
-6.75002e-05
-0.000686647
-0.00116193
-0.00144229
-0.00153435
-0.00149217
-0.00138399
-0.00126453
-0.00116625
-0.00110322
-0.00107812
-0.00108531
-0.00111452
-0.00115486
-0.00119752
-0.00123678
-0.00126976
-0.0012958
-0.0013158
-0.0013316
-0.00134535
-0.00135895
-0.00137384
-0.00139092
-0.00141057
-0.00143282
-0.00145743
-0.00148402
-0.00151224
-0.00154178
-0.00157244
-0.00160412
-0.00163684
-0.0016707
-0.00170582
-0.00174237
-0.00178051
-0.0018204
-0.00186217
-0.00190594
-0.00195181
-0.00199987
-0.00205021
-0.0021029
-0.00215804
-0.00221572
-0.00227601
-0.00233904
-0.00240489
-0.00247369
-0.00254551
-0.00262047
-0.00269863
-0.0027801
-0.00286492
-0.00295314
-0.0030448
-0.00313988
-0.00323838
-0.00334022
-0.00344535
-0.00355365
-0.00366492
-0.00377909
-0.00389574
-0.00401493
-0.00413585
-0.00425866
-0.00438257
-0.00450756
-0.00463329
-0.00475967
-0.00488644
-0.0050132
-0.00513987
-0.00526638
-0.0053924
-0.0055176
-0.00564294
-0.00576631
-0.00589002
-0.00601196
-0.00613116
-0.00624963
-0.00636717
-0.00648208
-0.00659641
-0.00671082
-0.00682166
-0.00693429
-0.00704718
-0.00716045
-0.0072751
-0.00739059
-0.00750893
-0.00762763
-0.00774413
-0.00785539
)
;

boundaryField
{
    zeroGradient
    {
        type            zeroGradient;
    }
    inlet
    {
        type            zeroGradient;
    }
    fixedWalls
    {
        type            zeroGradient;
    }
    frontAndBack
    {
        type            empty;
    }
}


// ************************************************************************* //
