/*--------------------------------*- C++ -*----------------------------------*\
| =========                 |                                                 |
| \\      /  F ield         | OpenFOAM: The Open Source CFD Toolbox           |
|  \\    /   O peration     | Version:  2312                                  |
|   \\  /    A nd           | Website:  www.openfoam.com                      |
|    \\/     M anipulation  |                                                 |
\*---------------------------------------------------------------------------*/
FoamFile
{
    version     2.0;
    format      ascii;
    arch        "LSB;label=32;scalar=64";
    class       volScalarField;
    location    "0.55";
    object      p;
}
// * * * * * * * * * * * * * * * * * * * * * * * * * * * * * * * * * * * * * //

dimensions      [0 2 -2 0 0 0 0];

internalField   nonuniform List<scalar> 
5600
(
-1.27415e-08
0.000477309
0.000302964
0.000445024
0.000374112
0.000525806
0.000512226
0.000656182
0.000668746
0.000813627
0.000868394
0.00099584
0.00109043
0.00121685
0.00132165
0.00146168
0.00159001
0.00172501
0.00186418
0.0020186
0.0021792
0.00234902
0.00252724
0.00271804
0.00291508
0.00312598
0.00334268
0.00357033
0.00380288
0.00404981
0.00430905
0.00458837
0.00488225
0.00518718
0.00549038
0.00578191
0.00606905
0.00635063
0.00656411
0.00653441
2.62562e-06
0.000474267
0.000304942
0.000442279
0.00037648
0.000522415
0.000514787
0.000651732
0.000671565
0.00080895
0.000870617
0.000990504
0.00109141
0.00121144
0.00132098
0.00145615
0.00158633
0.00171975
0.00185955
0.00201438
0.00217414
0.00234308
0.00251917
0.00270659
0.00290156
0.00310922
0.00332488
0.00354987
0.00378133
0.00402195
0.00426919
0.0045181
0.00476174
0.005
0.00523424
0.00545463
0.0056352
0.00573317
0.00567736
0.00534361
5.00163e-06
0.000472599
0.000306006
0.000441029
0.000377404
0.000520837
0.000515587
0.000649725
0.000672066
0.000807065
0.000870751
0.000988669
0.00109093
0.00120998
0.00131945
0.00145411
0.00158387
0.00171724
0.00185647
0.00201021
0.00216944
0.00233768
0.00251214
0.00269829
0.00289116
0.00309703
0.00330969
0.00353043
0.00375434
0.00398377
0.00421588
0.00444629
0.0046694
0.00488702
0.00509869
0.00529303
0.00544329
0.00551294
0.00544036
0.00511799
9.00681e-06
0.000468373
0.00030849
0.000437243
0.000380294
0.000516204
0.000518796
0.000644152
0.000675408
0.000801157
0.00087337
0.000982123
0.00109177
0.00120315
0.00131835
0.00144864
0.00157938
0.0017122
0.00185067
0.00200319
0.0021618
0.00232733
0.00250037
0.00268295
0.00287311
0.00307444
0.00328368
0.00349847
0.00371348
0.00392417
0.00412793
0.00432832
0.0045279
0.00472191
0.00489831
0.00503936
0.00512098
0.00510975
0.00495338
0.00455805
1.26324e-05
0.000464549
0.000310549
0.000434587
0.000382264
0.000512747
0.000520329
0.000640119
0.000676354
0.000797494
0.000873294
0.000978805
0.00109052
0.00120014
0.00131482
0.00144479
0.00157442
0.00170624
0.00184385
0.0019952
0.00215214
0.00231545
0.00248583
0.00266514
0.00285118
0.0030469
0.00324856
0.00345218
0.00365261
0.00384661
0.00403174
0.00421217
0.00439107
0.00456182
0.00471026
0.0048195
0.00486938
0.00483248
0.0046629
0.00427274
1.76247e-05
0.000458399
0.000314136
0.000429536
0.000386185
0.000506442
0.000524444
0.000633283
0.000679671
0.000790625
0.000874624
0.00097218
0.00108842
0.00119683
0.00130996
0.00143849
0.00156751
0.00169799
0.00183478
0.0019844
0.00213929
0.00229961
0.00246653
0.00264135
0.00282184
0.00301018
0.00320232
0.00339181
0.00357183
0.00374206
0.00391047
0.00407985
0.00424518
0.00439623
0.00452089
0.00460473
0.00462941
0.00456756
0.00437388
0.00396121
2.25699e-05
0.000451982
0.000317452
0.00042531
0.000389246
0.000500832
0.000526432
0.00062754
0.000680861
0.000785894
0.000873429
0.000968938
0.00108475
0.00119211
0.0013041
0.00143148
0.0015595
0.00168866
0.00182354
0.00197126
0.00212337
0.00227999
0.00244227
0.00261114
0.0027842
0.00296229
0.00314075
0.00331225
0.00347229
0.00362705
0.00378396
0.00394182
0.00409244
0.0042256
0.00433149
0.00439867
0.00441108
0.00434271
0.00414741
0.00373407
2.89047e-05
0.000443073
0.000322401
0.000418744
0.000394429
0.000492727
0.000531053
0.000619556
0.00068176
0.000780055
0.000870947
0.000965919
0.00107958
0.00118572
0.00129672
0.00142308
0.00154926
0.00167713
0.00180927
0.00195474
0.00210353
0.00225578
0.00241188
0.00257278
0.00273534
0.00289955
0.00306058
0.00321205
0.0033574
0.00350298
0.00365041
0.00379587
0.00393162
0.00404974
0.004142
0.00419942
0.00420787
0.00414349
0.00396177
0.00357384
3.55106e-05
0.000433241
0.000327224
0.000412782
0.000398285
0.00048495
0.000532627
0.000613381
0.000681615
0.000776603
0.000866883
0.000960888
0.0010738
0.00117847
0.00128812
0.00141296
0.00153715
0.00166299
0.00179239
0.00193421
0.00207932
0.00222599
0.00237494
0.00252563
0.00267379
0.0028174
0.00295871
0.00309809
0.0032346
0.0033692
0.00350275
0.00363421
0.00376045
0.00387737
0.00397929
0.00405705
0.00409385
0.00405832
0.00388861
0.00346038
4.35607e-05
0.000420746
0.000333417
0.000404937
0.00040442
0.00047543
0.000536342
0.000605252
0.00067737
0.000773461
0.00086291
0.000954042
0.00106732
0.00116946
0.00127794
0.00140057
0.00152283
0.00164532
0.00177228
0.00190897
0.00204961
0.00218816
0.00232636
0.00246217
0.00259346
0.00272455
0.00285615
0.00298498
0.00310786
0.00322235
0.00332733
0.003422
0.00350893
0.00359402
0.00368084
0.00376111
0.00383411
0.00392624
0.00410849
0.00451983
5.21854e-05
0.000406622
0.000339754
0.000397394
0.000408125
0.000466521
0.000535583
0.000602696
0.000673224
0.000768337
0.000856799
0.000946554
0.00105886
0.00115934
0.00126532
0.001386
0.00150581
0.00162427
0.00174764
0.00187888
0.00201249
0.00214048
0.00226219
0.00238267
0.00250512
0.00262908
0.00275091
0.00286578
0.00297178
0.00306998
0.00316452
0.00325985
0.00336068
0.00346473
0.00356219
0.00364875
0.00373455
0.00384702
0.00403921
0.00441131
6.23054e-05
0.000389739
0.00034632
0.00038974
0.000413453
0.0004594
0.000529115
0.000598822
0.000668947
0.000762138
0.000850033
0.000937839
0.00104827
0.00114772
0.00125023
0.00136862
0.00148544
0.00159929
0.00171682
0.00184149
0.00196401
0.00207729
0.00218652
0.00229925
0.00241434
0.0025291
0.00263949
0.00274246
0.00283817
0.00293065
0.00302741
0.00313015
0.00323041
0.00331857
0.0033937
0.00346472
0.00355047
0.00368081
0.00390585
0.00432059
7.31158e-05
0.000371158
0.000352901
0.000381788
0.000413467
0.000456192
0.000522994
0.000593052
0.000663401
0.000755667
0.000842119
0.000927512
0.00103549
0.0011334
0.00123294
0.00134798
0.00146092
0.00156939
0.00167845
0.00179354
0.00190327
0.00200568
0.00210811
0.00221328
0.0023171
0.00241743
0.00251565
0.00261452
0.00271729
0.00282086
0.0029211
0.00301255
0.00309224
0.00316038
0.00322283
0.00329139
0.00338434
0.00352751
0.00376477
0.00418234
8.54353e-05
0.000349237
0.000358094
0.000378791
0.00041097
0.000452504
0.000516927
0.000585452
0.000655022
0.000747198
0.000832779
0.00091568
0.00102065
0.00111636
0.00121241
0.0013237
0.0014307
0.00153167
0.00163015
0.00173331
0.00183511
0.00193153
0.00202776
0.00212639
0.00222493
0.00232062
0.00241261
0.00249985
0.00258475
0.00267142
0.00276354
0.00285347
0.00293217
0.00299733
0.00305678
0.00312393
0.00321688
0.00336048
0.00359679
0.00401129
9.82665e-05
0.000328299
0.000359637
0.000374974
0.000405955
0.000447694
0.000511395
0.000578581
0.00064606
0.000736387
0.000821216
0.000901636
0.00100346
0.00109637
0.00118776
0.00129461
0.00139356
0.00148401
0.00157345
0.00166869
0.00176396
0.0018531
0.00194035
0.00202832
0.00211629
0.00220355
0.0022933
0.00238635
0.00247907
0.0025656
0.00264343
0.00271147
0.00277078
0.00282428
0.00287851
0.00294401
0.0030364
0.00317936
0.00341494
0.00382926
0.000112095
0.000306817
0.000355959
0.000372444
0.000402135
0.000443029
0.000504458
0.000570404
0.000636054
0.000723127
0.000806613
0.000884645
0.000982857
0.00107283
0.00115812
0.00125818
0.00134876
0.00142875
0.00151143
0.00160046
0.00168842
0.00176844
0.00184543
0.0019251
0.00200939
0.00209793
0.0021902
0.00228081
0.00236405
0.00243614
0.00249738
0.00254998
0.00259724
0.00264318
0.00269398
0.00275882
0.00285176
0.00299543
0.00323141
0.00364572
0.000126139
0.000287132
0.000347602
0.000368878
0.000397626
0.000437312
0.000496508
0.000560522
0.000624448
0.000708199
0.00078938
0.000864451
0.000957992
0.00104442
0.00112288
0.00121395
0.00129725
0.00136976
0.00144505
0.00152716
0.00160791
0.00168042
0.00175002
0.00182397
0.00190366
0.00198667
0.00207193
0.00215446
0.00222861
0.00229095
0.00234249
0.00238619
0.00242624
0.00246712
0.00251488
0.00257815
0.0026703
0.00281346
0.00304898
0.00346304
0.000140193
0.0002679
0.000334639
0.000364103
0.000392999
0.000431285
0.000488369
0.000549591
0.000610888
0.000690963
0.000768927
0.000840096
0.000928003
0.00100973
0.0010809
0.00116344
0.0012406
0.00130694
0.0013746
0.00144873
0.00152187
0.0015863
0.00164727
0.00171453
0.00179205
0.00187493
0.00195547
0.00202764
0.00208953
0.00214105
0.00218406
0.00222128
0.00225627
0.00229318
0.00233789
0.00239889
0.00248935
0.00263126
0.00286589
0.00327946
0.000154096
0.000251312
0.000316033
0.000356927
0.000387741
0.00042429
0.000479113
0.000537506
0.000595293
0.000670891
0.000744804
0.000811043
0.000891964
0.000967775
0.00103174
0.00110773
0.00118001
0.0012399
0.00129945
0.00136491
0.00143066
0.00148896
0.00154368
0.00160429
0.00167602
0.00175416
0.00182923
0.00189346
0.00194553
0.00198741
0.00202256
0.00205391
0.00208457
0.00211821
0.00216037
0.00221934
0.00230817
0.0024488
0.00268252
0.00309566
0.000164698
0.000237399
0.000297994
0.000345048
0.000379883
0.000415776
0.000468422
0.00052426
0.000577968
0.000647897
0.000716489
0.000776263
0.000849176
0.00092056
0.000978719
0.00104673
0.00111446
0.00116789
0.00121883
0.00127551
0.00133421
0.00138705
0.00143609
0.00149022
0.00155586
0.00162875
0.00169778
0.00175429
0.00179737
0.00183058
0.00185855
0.00188466
0.00191169
0.00194282
0.00198311
0.00204056
0.00212806
0.00226758
0.0025005
0.00291327
0.000172109
0.000227975
0.000279346
0.000327111
0.000368414
0.000405439
0.000455968
0.000509033
0.000557938
0.000621291
0.000683813
0.000737653
0.00080209
0.000867817
0.000921641
0.000980111
0.00104157
0.00108997
0.00113254
0.00118049
0.00123215
0.00128026
0.00132496
0.00137388
0.00143351
0.00150006
0.00156208
0.0016107
0.00164536
0.00167067
0.00169214
0.00171362
0.00173768
0.00176701
0.0018061
0.00186253
0.00194903
0.00208758
0.0023197
0.00273208
0.000176536
0.000218504
0.000261786
0.00030757
0.000352426
0.000391522
0.000440503
0.000491009
0.000534947
0.000591673
0.000647855
0.000695168
0.000751079
0.00080902
0.000858703
0.00090834
0.000961174
0.00100503
0.00104066
0.00108029
0.00112485
0.0011688
0.00121082
0.00125659
0.00131124
0.0013702
0.00142325
0.00146292
0.00148936
0.00150766
0.00152365
0.00154132
0.00156303
0.00159107
0.00162938
0.00168518
0.00177095
0.00190871
0.00214013
0.00255215
0.000177609
0.000209207
0.00024554
0.000287495
0.000331428
0.000372199
0.000420611
0.000469463
0.000508564
0.000558899
0.00060897
0.000648305
0.000696007
0.000744658
0.000788679
0.000831848
0.000874903
0.000912962
0.000942987
0.000975731
0.00101427
0.0010547
0.00109529
0.00113881
0.00118782
0.00123763
0.00128037
0.00131058
0.00132943
0.00134195
0.00135376
0.00136859
0.00138858
0.00141566
0.00145344
0.00150879
0.00159405
0.00173121
0.0019621
0.00237386
0.000175203
0.000199222
0.000229154
0.000266651
0.000308112
0.000347976
0.000395052
0.000443209
0.000478214
0.000521744
0.000566855
0.000597524
0.000636375
0.000676694
0.00071177
0.000749155
0.00078405
0.000814854
0.000839839
0.000867127
0.000901544
0.000939638
0.000979195
0.00101941
0.00106112
0.00110073
0.001133
0.00115445
0.0011668
0.00117479
0.00118357
0.00119644
0.00121522
0.0012416
0.00127892
0.00133388
0.00141872
0.00155541
0.00178592
0.00219753
0.000169053
0.000187912
0.000212446
0.000245223
0.000283269
0.000319753
0.000362933
0.000410309
0.000442699
0.000479352
0.000520729
0.000543997
0.000572301
0.000605478
0.000630558
0.000660034
0.000688405
0.000712082
0.000732088
0.00075497
0.000787046
0.000824385
0.00086249
0.000897387
0.000929913
0.000958855
0.000981549
0.000995794
0.00100318
0.00100787
0.00101438
0.00102575
0.0010436
0.00106944
0.00110642
0.00116108
0.00124555
0.00138188
0.00161214
0.00202377
0.000159459
0.000174275
0.000194385
0.000222313
0.00025653
0.000289514
0.000326639
0.000369959
0.000400403
0.000430059
0.000467482
0.000487408
0.00050495
0.000531031
0.000547917
0.000566527
0.000588219
0.000606175
0.000621705
0.000640485
0.000670237
0.000706874
0.00074218
0.000770576
0.000793386
0.000812326
0.000826987
0.000836035
0.00084018
0.000842594
0.000847148
0.000856881
0.000873529
0.000898704
0.000935388
0.000989924
0.00107425
0.00121035
0.0014403
0.00185178
0.000146275
0.000157942
0.000174279
0.00019754
0.000227202
0.0002566
0.000287761
0.000324963
0.000352174
0.000374229
0.000405063
0.000424288
0.000434137
0.000452428
0.000463872
0.000472015
0.000485937
0.000499617
0.000511943
0.000526494
0.000551458
0.00058478
0.000616631
0.000639675
0.000654528
0.000665099
0.000673151
0.000678378
0.000680561
0.000681642
0.000684675
0.000692771
0.000708018
0.000732329
0.000768667
0.000823175
0.000907554
0.00104373
0.00127383
0.0016857
0.000129163
0.000138264
0.000151249
0.000170053
0.000194715
0.000220123
0.000245564
0.000275936
0.000299655
0.000315549
0.000337734
0.00035439
0.000358551
0.000367554
0.000374419
0.000374597
0.000378848
0.000386497
0.000395512
0.000406745
0.000426311
0.000454326
0.000481965
0.000501128
0.000510585
0.00051468
0.000516967
0.000518652
0.000519336
0.000519747
0.000521823
0.000528345
0.000541759
0.000564494
0.000599814
0.000653834
0.000738078
0.00087427
0.00110448
0.00151665
0.000108974
0.000115246
0.000124739
0.000139135
0.000158577
0.0001795
0.000199653
0.000222937
0.00024249
0.000254065
0.000267987
0.000280939
0.000282851
0.000284665
0.00028791
0.000285197
0.000282628
0.000283737
0.000288146
0.000295418
0.000308514
0.000328707
0.00035005
0.000365242
0.000371208
0.000370863
0.000368311
0.00036624
0.000365081
0.000365
0.000366814
0.00037242
0.000384229
0.000405109
0.000438845
0.000491723
0.00057512
0.000710504
0.000939814
0.00135096
8.34727e-05
8.8096e-05
9.47897e-05
0.000105385
0.00011964
0.000135627
0.000150428
0.000166095
0.000179636
0.000186247
0.000191234
0.000196381
0.000193307
0.000186185
0.000180765
0.000172521
0.000163399
0.000158212
0.000158871
0.000165141
0.000176374
0.000191819
0.000207808
0.000219554
0.000223813
0.000221554
0.000215932
0.000210217
0.000206208
0.000204825
0.000206856
0.000213657
0.000227163
0.000250011
0.000286032
0.000341562
0.000427958
0.000566513
0.000798999
0.00121329
5.65982e-05
5.56797e-05
5.84946e-05
6.5989e-05
7.7111e-05
8.86785e-05
9.96308e-05
0.000109363
0.000117775
0.000122166
0.000124309
0.000126729
0.000125157
0.000119099
0.000113101
0.000105272
9.45986e-05
8.28994e-05
7.17067e-05
6.15168e-05
5.33201e-05
5.02602e-05
5.49984e-05
6.62361e-05
7.71365e-05
8.16358e-05
7.80218e-05
6.81567e-05
5.51943e-05
4.19649e-05
3.08787e-05
2.41192e-05
2.41164e-05
3.38458e-05
5.75732e-05
0.000102039
0.000178984
0.000309975
0.000537126
0.000948816
2.08974e-05
2.20726e-05
2.2422e-05
2.4964e-05
2.9291e-05
3.35624e-05
3.79395e-05
4.12412e-05
4.1373e-05
3.85005e-05
3.21035e-05
2.37389e-05
1.17385e-05
-4.38944e-06
-2.11629e-05
-3.74541e-05
-5.33129e-05
-6.63886e-05
-7.3598e-05
-7.32904e-05
-6.70282e-05
-5.88273e-05
-5.23293e-05
-4.97599e-05
-5.18772e-05
-5.79906e-05
-6.61857e-05
-7.41052e-05
-7.96145e-05
-8.1286e-05
-7.81927e-05
-6.95119e-05
-5.39485e-05
-2.92618e-05
8.44883e-06
6.58757e-05
0.000154823
0.000296917
0.000534158
0.000954594
-2.39827e-05
-1.80839e-05
-1.58101e-05
-1.49518e-05
-1.45818e-05
-1.6742e-05
-1.848e-05
-1.72519e-05
-1.83063e-05
-2.00249e-05
-2.28208e-05
-2.67759e-05
-3.32393e-05
-4.21907e-05
-5.18408e-05
-6.13881e-05
-7.18997e-05
-8.3374e-05
-9.52269e-05
-0.000106961
-0.000119141
-0.000132288
-0.000146691
-0.000162332
-0.000179493
-0.000198686
-0.000220403
-0.00024483
-0.000272053
-0.00030219
-0.000335667
-0.000373327
-0.000416686
-0.000468222
-0.000532077
-0.000615201
-0.000729713
-0.000897595
-0.00116128
-0.00160933
-6.05259e-05
-6.184e-05
-6.70307e-05
-7.34064e-05
-7.88163e-05
-8.49269e-05
-9.28625e-05
-9.97919e-05
-0.000110594
-0.000125085
-0.000141562
-0.000160132
-0.00018094
-0.000203832
-0.000226355
-0.000246069
-0.000261291
-0.0002709
-0.000274543
-0.000274478
-0.000274348
-0.000277159
-0.00028386
-0.000293428
-0.000303849
-0.000313216
-0.000320269
-0.000324302
-0.000324912
-0.000321759
-0.000314374
-0.000301958
-0.000283129
-0.000255538
-0.000215217
-0.000155398
-6.42247e-05
7.99606e-05
0.000319124
0.000741216
-0.000108834
-0.000110163
-0.000114735
-0.000120444
-0.000125727
-0.000130896
-0.000138502
-0.000145191
-0.0001531
-0.000163087
-0.000173527
-0.000184378
-0.000195777
-0.000208711
-0.000223048
-0.000238346
-0.000254483
-0.000271835
-0.000290832
-0.000311569
-0.000334012
-0.000358112
-0.000384013
-0.000411914
-0.000442051
-0.00047436
-0.000508669
-0.000544796
-0.000582725
-0.000622644
-0.000665046
-0.000710796
-0.000761352
-0.000819101
-0.000888036
-0.000974934
-0.00109166
-0.0012599
-0.0015216
-0.00196473
-0.000160468
-0.000165453
-0.00017601
-0.000189376
-0.000204283
-0.0002188
-0.000236064
-0.000254762
-0.000274362
-0.000296551
-0.000321006
-0.000346005
-0.000370144
-0.000392955
-0.00041322
-0.000428633
-0.000437769
-0.000442322
-0.000446208
-0.000452449
-0.000461943
-0.000473781
-0.000486467
-0.000498468
-0.000508677
-0.000516374
-0.000521171
-0.00052286
-0.00052135
-0.000516486
-0.000507898
-0.000494791
-0.000475731
-0.000448281
-0.000408397
-0.000349261
-0.000259003
-0.000115975
0.000121767
0.000542175
-0.000211866
-0.00021541
-0.000222924
-0.000231927
-0.000242677
-0.000253045
-0.000264871
-0.000278717
-0.000292724
-0.000307157
-0.000323354
-0.000340276
-0.00035692
-0.000373789
-0.000392038
-0.000411644
-0.00043216
-0.000453531
-0.000476343
-0.000500997
-0.000527501
-0.000555589
-0.000585187
-0.000616438
-0.00064942
-0.000684017
-0.000720022
-0.000757252
-0.000795712
-0.000835649
-0.00087762
-0.000922555
-0.000971951
-0.00102823
-0.00109541
-0.00118028
-0.00129474
-0.00146045
-0.00171941
-0.0021596
-0.000278946
-0.000286619
-0.000301587
-0.000320271
-0.000342262
-0.000365204
-0.000389697
-0.000416126
-0.000442897
-0.000469104
-0.000494962
-0.000518564
-0.000538012
-0.000552314
-0.000562212
-0.000569808
-0.000577238
-0.000585992
-0.000596649
-0.000608812
-0.000621502
-0.000633612
-0.000644266
-0.000652862
-0.000659181
-0.000663196
-0.00066494
-0.000664405
-0.00066148
-0.000655873
-0.000647029
-0.000634006
-0.000615273
-0.000588362
-0.00054922
-0.000491033
-0.000401927
-0.000260247
-2.40434e-05
0.000394644
-0.000324434
-0.000327587
-0.000336048
-0.000347281
-0.000361619
-0.000377101
-0.000393712
-0.000412025
-0.00043128
-0.000450907
-0.000472328
-0.000494302
-0.000514854
-0.000533618
-0.000551462
-0.000568752
-0.000585651
-0.000602553
-0.000620191
-0.000638969
-0.000658954
-0.000680042
-0.000702352
-0.000726132
-0.000751536
-0.000778517
-0.000806978
-0.000836867
-0.000868327
-0.000901693
-0.000937577
-0.000976919
-0.00102123
-0.00107294
-0.00113608
-0.00121748
-0.00132906
-0.00149253
-0.00174992
-0.00218933
-0.000410288
-0.000418693
-0.000436076
-0.000459219
-0.000487244
-0.000516851
-0.000547736
-0.00057827
-0.000605887
-0.000630131
-0.000651916
-0.000669305
-0.000682826
-0.000693793
-0.000703004
-0.000710096
-0.000715219
-0.000719096
-0.000722307
-0.000724719
-0.000725953
-0.00072582
-0.000724452
-0.000721928
-0.000718199
-0.000713094
-0.000706507
-0.00069838
-0.000688671
-0.000677158
-0.000663322
-0.000646192
-0.000624207
-0.000594867
-0.000554138
-0.000495246
-0.000406393
-0.000266019
-3.23254e-05
0.000382412
0.00629664
0.00636911
0.0066471
0.00682205
0.00681594
0.00663414
0.00633646
0.00599362
0.00565783
0.00535742
0.00510328
0.00489506
0.00472477
0.00458126
0.00445384
0.00433407
0.00421633
0.00409744
0.00397612
0.0038523
0.00372669
0.00360041
0.00347465
0.00335051
0.00322872
0.00310962
0.00299302
0.0028785
0.00276517
0.00265227
0.00253871
0.00242397
0.00230713
0.00218794
0.00206564
0.00193984
0.00180944
0.00167367
0.00153118
0.00138145
0.00122353
0.00105707
0.000881079
0.000695339
0.000499317
0.000292222
7.52492e-05
-0.000153353
-0.000396118
-0.00066823
-0.000977298
-0.00132602
-0.0017368
-0.00225667
-0.00286465
-0.003468
-0.00407286
-0.00477126
-0.00557174
-0.00635852
-0.00695906
-0.00727896
-0.0073128
-0.00704747
-0.00662437
-0.00619732
-0.00580161
-0.00551045
-0.00534111
-0.0052265
-0.00521081
-0.00524741
-0.00528438
-0.00537114
-0.00545737
-0.00553036
-0.00564115
-0.00573906
-0.00581981
-0.0059316
-0.00604345
-0.00612429
-0.00620484
-0.00629389
-0.00636625
-0.00642712
-0.00648163
-0.0065261
-0.00656812
-0.00660837
-0.00663937
-0.00667026
-0.00670883
-0.00674995
-0.00679405
-0.00684246
-0.00689352
-0.00694647
-0.00699975
-0.00705021
0.00497238
0.00504586
0.00549753
0.005938
0.00620238
0.00625091
0.00610842
0.00584706
0.00554352
0.00525141
0.00499779
0.00479121
0.00462801
0.00449644
0.00438283
0.00427569
0.00416771
0.00405533
0.00393794
0.00381647
0.00369261
0.00356797
0.00344388
0.00332132
0.00320092
0.00308307
0.0029676
0.00285409
0.00274157
0.00262928
0.00251614
0.00240168
0.00228495
0.00216571
0.00204329
0.0019175
0.00178727
0.00165179
0.0015097
0.00136043
0.00120299
0.00103718
0.000861733
0.000676705
0.000481248
0.000274735
5.82589e-05
-0.000170218
-0.000412743
-0.000684622
-0.000993887
-0.00134186
-0.00174868
-0.00226393
-0.00286813
-0.00346545
-0.00406324
-0.00475385
-0.00554534
-0.00632547
-0.00692217
-0.00724322
-0.0072843
-0.00702489
-0.00660652
-0.0061843
-0.00579055
-0.00550126
-0.00533406
-0.00521975
-0.00520454
-0.00524189
-0.00527911
-0.00536641
-0.00545312
-0.0055265
-0.00563785
-0.00573617
-0.00581731
-0.00592954
-0.00604175
-0.00612294
-0.0062038
-0.00629308
-0.00636562
-0.00642673
-0.00648137
-0.00652592
-0.006568
-0.00660831
-0.00663936
-0.00667025
-0.00670882
-0.00674994
-0.00679403
-0.00684245
-0.00689352
-0.00694647
-0.00699973
-0.00705019
0.00478089
0.00488566
0.00537924
0.0058647
0.00617011
0.00625167
0.00612991
0.00587563
0.00556836
0.00526656
0.00500157
0.00478462
0.00461413
0.004479
0.00436479
0.00425859
0.00415169
0.00403962
0.00392143
0.0037982
0.00367212
0.00354534
0.00341949
0.00329556
0.00317412
0.00305544
0.00293937
0.00282539
0.00271245
0.00259967
0.00248596
0.0023709
0.00225366
0.00213406
0.00201116
0.00188454
0.00175338
0.00161715
0.00147468
0.00132533
0.00116817
0.00100281
0.000828173
0.000643826
0.000449278
0.000243327
2.6967e-05
-0.000202528
-0.000447312
-0.00071968
-0.00102897
-0.0013778
-0.00178038
-0.002282
-0.0028702
-0.00345736
-0.00404639
-0.004718
-0.00547841
-0.00622713
-0.00680594
-0.00712956
-0.00719104
-0.00696171
-0.00656963
-0.00616816
-0.00578943
-0.00550639
-0.00534062
-0.00522664
-0.00521033
-0.0052461
-0.00528174
-0.00536797
-0.00545388
-0.00552633
-0.0056372
-0.00573526
-0.00581589
-0.00592781
-0.00603995
-0.00612097
-0.00620181
-0.00629125
-0.00636395
-0.00642516
-0.00648006
-0.00652485
-0.00656715
-0.00660766
-0.00663887
-0.00666991
-0.00670862
-0.00674982
-0.00679398
-0.00684243
-0.00689352
-0.00694651
-0.00699984
-0.00705025
0.00418422
0.00426817
0.00475663
0.00526319
0.00561278
0.00575704
0.00570677
0.00552071
0.00527049
0.00501251
0.00477962
0.0045855
0.0044318
0.00431097
0.00421089
0.00411934
0.00402714
0.00392885
0.0038226
0.00370897
0.00359021
0.00346904
0.00334782
0.00322812
0.00311066
0.00299575
0.00288311
0.00277226
0.00266204
0.00255155
0.00243959
0.0023258
0.00220942
0.00209041
0.00196798
0.00184193
0.00171146
0.00157609
0.00143456
0.00128634
0.00113017
0.00096604
0.00079247
0.000609281
0.000415718
0.000210404
-5.84286e-06
-0.000236265
-0.00048279
-0.000755342
-0.00106397
-0.00141316
-0.00181031
-0.00229674
-0.00286835
-0.00344552
-0.00402267
-0.00467147
-0.00539973
-0.00611667
-0.00667771
-0.00700135
-0.00708347
-0.00688589
-0.00652031
-0.00613975
-0.00577432
-0.00549794
-0.00533642
-0.00522343
-0.00520628
-0.00524183
-0.00527678
-0.00536212
-0.00544813
-0.00552065
-0.0056312
-0.00572957
-0.00581076
-0.0059226
-0.00603472
-0.0061163
-0.0061976
-0.00628726
-0.00636027
-0.00642205
-0.00647746
-0.00652267
-0.0065653
-0.00660618
-0.00663775
-0.00666909
-0.00670798
-0.00674933
-0.0067936
-0.00684216
-0.00689335
-0.00694641
-0.00699987
-0.00705029
0.003918
0.00402072
0.00453453
0.00506942
0.00544818
0.00562112
0.00559718
0.0054331
0.00519949
0.00495294
0.00472729
0.00453735
0.00438603
0.00426717
0.0041696
0.00408135
0.00399293
0.00389832
0.00379506
0.00368331
0.0035652
0.00344371
0.00332171
0.00320127
0.0030834
0.00296836
0.00285565
0.00274461
0.00263406
0.00252308
0.00241043
0.00229573
0.00217834
0.00205832
0.00193505
0.00180835
0.00167742
0.00154165
0.00139993
0.00125159
0.00109556
0.0009316
0.000758445
0.000575687
0.000382562
0.000177541
-3.89502e-05
-0.000269992
-0.000518029
-0.000791045
-0.00109893
-0.00144773
-0.00183957
-0.00231169
-0.00286644
-0.00343154
-0.00399504
-0.00462037
-0.00531644
-0.00599964
-0.00653883
-0.00685896
-0.00695799
-0.00679352
-0.0064599
-0.0061053
-0.00575944
-0.00549434
-0.00533779
-0.00522669
-0.00520883
-0.00524352
-0.00527682
-0.00536065
-0.00544616
-0.00551747
-0.00562705
-0.00572546
-0.00580613
-0.00591716
-0.00602909
-0.00611071
-0.00619208
-0.00628182
-0.00635508
-0.00641722
-0.00647319
-0.00651898
-0.00656213
-0.00660352
-0.00663566
-0.00666749
-0.00670678
-0.00674843
-0.00679294
-0.00684168
-0.00689302
-0.00694626
-0.00699994
-0.00705037
0.00359138
0.00368563
0.00419505
0.00473084
0.00511535
0.0052984
0.00528786
0.00513921
0.00492215
0.00469275
0.00448449
0.00431183
0.00417729
0.0040743
0.00399138
0.00391644
0.00384
0.00375621
0.00366273
0.00355986
0.00344979
0.00333562
0.00322033
0.00310619
0.00299427
0.00288484
0.00277719
0.00267052
0.00256363
0.00245578
0.00234589
0.00223363
0.00211837
0.00200017
0.00187855
0.00175338
0.00162396
0.00148973
0.00134945
0.00120267
0.00104808
0.000885682
0.000714054
0.000532723
0.000341005
0.000137092
-7.87622e-05
-0.000309703
-0.000558265
-0.000831344
-0.00113715
-0.00148406
-0.00187086
-0.00232854
-0.00286436
-0.00341523
-0.00396454
-0.00456667
-0.00523045
-0.00587902
-0.00639714
-0.00671442
-0.00683088
-0.00670168
-0.0064
-0.00607096
-0.00574362
-0.00548789
-0.00533607
-0.005226
-0.00520654
-0.00524045
-0.00527254
-0.0053547
-0.00544005
-0.00551096
-0.00561961
-0.00571822
-0.0057992
-0.00590968
-0.00602136
-0.00610343
-0.00618511
-0.00627503
-0.00634863
-0.0064114
-0.00646812
-0.00651457
-0.00655825
-0.00660023
-0.00663305
-0.00666547
-0.00670518
-0.00674716
-0.00679194
-0.00684093
-0.00689248
-0.00694591
-0.00699984
-0.00705038
0.00336187
0.00345599
0.00396439
0.00449585
0.0048744
0.00505204
0.00503951
0.00489499
0.00468913
0.00447729
0.00429138
0.00414359
0.00403386
0.00395296
0.00388771
0.00382571
0.00375823
0.00368065
0.00359181
0.00349304
0.00338723
0.00327765
0.00316711
0.00305751
0.00294964
0.00284348
0.0027382
0.00263297
0.00252676
0.00241905
0.00230912
0.00219674
0.00208136
0.00196293
0.00184104
0.00171557
0.00158594
0.0014516
0.00131129
0.00116457
0.00101016
0.000848112
0.00067689
0.000496081
0.000304788
0.000101385
-0.000114543
-0.00034567
-0.000594806
-0.000868077
-0.00117168
-0.00151634
-0.0018982
-0.00234144
-0.00285785
-0.00339419
-0.00392966
-0.00450825
-0.0051393
-0.00575449
-0.00625231
-0.00656604
-0.00669706
-0.00660025
-0.00633077
-0.00602866
-0.00572186
-0.00547801
-0.00533231
-0.00522451
-0.00520458
-0.00523878
-0.00526986
-0.00535057
-0.00543593
-0.00550592
-0.00561354
-0.00571245
-0.00579309
-0.00590264
-0.00601415
-0.00609637
-0.00617805
-0.00626807
-0.00634201
-0.00640521
-0.00646257
-0.00650971
-0.00655397
-0.00659657
-0.00663008
-0.00666314
-0.00670335
-0.00674573
-0.00679084
-0.00684009
-0.00689188
-0.00694556
-0.00699979
-0.00705042
0.00322581
0.00334189
0.00386592
0.0043909
0.00474356
0.00488098
0.0048251
0.00464798
0.0044276
0.00421801
0.00404527
0.00391702
0.00382844
0.00376627
0.00371526
0.00366298
0.0036019
0.00352894
0.00344433
0.00335056
0.00325106
0.00314904
0.00304675
0.00294539
0.00284515
0.00274559
0.00264579
0.00254501
0.00244246
0.00233787
0.00223082
0.0021212
0.00200854
0.0018927
0.00177323
0.00165002
0.00152241
0.0013901
0.00125169
0.00110689
0.000954334
0.000794123
0.000624783
0.00044569
0.000256116
5.41977e-05
-0.000160511
-0.000390826
-0.000639185
-0.000911507
-0.00121204
-0.00155255
-0.00192838
-0.00235724
-0.00285371
-0.00337401
-0.00389424
-0.00444828
-0.00504741
-0.00563018
-0.00610736
-0.00641661
-0.00655998
-0.00649581
-0.00626045
-0.00598605
-0.00570045
-0.00546846
-0.00532888
-0.00522374
-0.00520282
-0.00523634
-0.00526645
-0.0053453
-0.00543009
-0.00549941
-0.00560581
-0.00570477
-0.00578551
-0.00589427
-0.00600545
-0.00608802
-0.00616996
-0.00626016
-0.00633444
-0.00639825
-0.00645643
-0.00650435
-0.00654923
-0.00659251
-0.00662681
-0.00666058
-0.00670132
-0.00674411
-0.00678956
-0.0068391
-0.00689117
-0.0069451
-0.00699962
-0.0070504
0.00303706
0.00309015
0.00354022
0.00400026
0.00431186
0.00444046
0.00440887
0.00427901
0.00411468
0.00395884
0.00383144
0.00373681
0.00366874
0.00361558
0.00356643
0.00351393
0.00345411
0.00338563
0.00330907
0.00322612
0.00313883
0.00304897
0.00295771
0.0028656
0.0027726
0.00267846
0.00258265
0.00248485
0.00238467
0.00228206
0.00217673
0.00206869
0.00195748
0.00184296
0.00172458
0.00160228
0.00147531
0.00134363
0.00120577
0.00106168
0.000909803
0.000750383
0.000581837
0.00040364
0.000214907
1.38735e-05
-0.000200142
-0.000430044
-0.000677566
-0.000949078
-0.00124653
-0.00158223
-0.00195201
-0.00236749
-0.00284387
-0.003347
-0.00385171
-0.00438204
-0.0049501
-0.00550118
-0.00595806
-0.00626242
-0.00641684
-0.00638371
-0.00618194
-0.00593574
-0.00567231
-0.0054537
-0.00532165
-0.0052198
-0.00519834
-0.00523221
-0.00526159
-0.00533874
-0.00542377
-0.00549243
-0.00559766
-0.00569708
-0.00577784
-0.00588571
-0.00599672
-0.00607962
-0.00616164
-0.00625199
-0.00632669
-0.00639106
-0.00645
-0.00649872
-0.00654426
-0.00658822
-0.00662335
-0.00665785
-0.00669917
-0.00674241
-0.00678824
-0.00683809
-0.00689043
-0.00694465
-0.00699951
-0.00705041
0.00491365
0.00483292
0.00434459
0.00383831
0.00347433
0.00328791
0.00325752
0.00332184
0.0034166
0.00349764
0.0035438
0.00354962
0.00352047
0.00346753
0.00340179
0.00333085
0.00325914
0.00318838
0.0031186
0.00304875
0.00297748
0.00290359
0.0028263
0.0027453
0.0026606
0.00257249
0.00248123
0.00238716
0.00229036
0.00219102
0.00208892
0.00198409
0.00187598
0.0017645
0.0016489
0.00152922
0.00140454
0.00127503
0.00113927
0.000997287
0.000847553
0.000690109
0.000523698
0.000347423
0.000160734
-3.84566e-05
-0.000250676
-0.000478996
-0.000724629
-0.000993907
-0.00128742
-0.00161686
-0.00197927
-0.00238115
-0.00283701
-0.00332154
-0.00380998
-0.00431625
-0.00485334
-0.00537383
-0.00581046
-0.00610954
-0.00627313
-0.00626884
-0.0061012
-0.00588405
-0.00564385
-0.00543926
-0.00531489
-0.00521692
-0.00519485
-0.0052285
-0.0052573
-0.00533262
-0.00541736
-0.00548547
-0.00558935
-0.00568885
-0.00576967
-0.00587656
-0.00598723
-0.00607042
-0.00615261
-0.0062431
-0.00631817
-0.00638317
-0.00644298
-0.00649256
-0.00653879
-0.00658353
-0.00661956
-0.00665486
-0.00669679
-0.00674051
-0.00678674
-0.00683693
-0.00688961
-0.00694411
-0.00699928
-0.00705038
0.00473165
0.00458774
0.0040236
0.00345049
0.00304394
0.00284756
0.00284032
0.00295069
0.0031002
0.00323324
0.00332207
0.00335825
0.00334597
0.00329817
0.00323038
0.00315543
0.00308146
0.00301208
0.00294782
0.00288701
0.00282702
0.00276528
0.00269976
0.00262932
0.00255351
0.00247262
0.00238716
0.00229787
0.00220514
0.00210948
0.00201076
0.00190916
0.00180407
0.00169548
0.00158248
0.00146519
0.00134258
0.00121492
0.00108085
0.00094048
0.000792393
0.000636451
0.000471684
0.000296963
0.000111948
-8.56454e-05
-0.000296047
-0.000522798
-0.000766234
-0.00103289
-0.00132225
-0.00164488
-0.00199917
-0.00238814
-0.00282408
-0.0032892
-0.00376078
-0.00424359
-0.00475096
-0.00524205
-0.00565898
-0.00595249
-0.0061236
-0.00614622
-0.0060121
-0.00582435
-0.00560833
-0.00541873
-0.00530337
-0.00521028
-0.00518787
-0.00522208
-0.00525077
-0.00532434
-0.00540929
-0.00547707
-0.00557959
-0.00567947
-0.00576047
-0.00586641
-0.00597685
-0.00606047
-0.00614283
-0.00623353
-0.00630909
-0.00637476
-0.00643548
-0.006486
-0.00653299
-0.00657852
-0.0066155
-0.00665167
-0.00669426
-0.00673851
-0.00678519
-0.00683573
-0.00688873
-0.00694354
-0.00699909
-0.00705037
0.00467364
0.00455493
0.00400597
0.00342254
0.00298298
0.00273606
0.00267255
0.00273582
0.00285622
0.00297872
0.00307132
0.00312063
0.00312536
0.00309351
0.00303776
0.00297066
0.00290169
0.00283623
0.00277615
0.00272076
0.00266777
0.00261421
0.00255746
0.00249578
0.00242821
0.00235472
0.0022756
0.00219169
0.00210347
0.00201173
0.00191649
0.00181816
0.00171616
0.00161061
0.00150056
0.00138613
0.00126627
0.00114115
0.0010096
0.000871489
0.000725808
0.000572037
0.00040963
0.000237103
5.43231e-05
-0.000141019
-0.000349048
-0.00057333
-0.000813892
-0.0010769
-0.00136134
-0.00167628
-0.00202129
-0.00239719
-0.00281349
-0.00325799
-0.00371179
-0.00417162
-0.00464977
-0.00511254
-0.00551004
-0.00579747
-0.0059747
-0.00602169
-0.00592049
-0.00576252
-0.00557159
-0.00539784
-0.0052918
-0.00520431
-0.00518175
-0.00521613
-0.00524487
-0.00531666
-0.00540151
-0.005469
-0.00556999
-0.00567002
-0.00575122
-0.00585608
-0.00596613
-0.00605013
-0.00613265
-0.00622351
-0.00629952
-0.00636587
-0.00642755
-0.00647903
-0.00652677
-0.00657317
-0.00661116
-0.00664823
-0.00669152
-0.00673631
-0.00678345
-0.00683438
-0.00688779
-0.00694292
-0.0069988
-0.00705031
0.00452636
0.00439838
0.00383524
0.00323408
0.00277538
0.0025096
0.00242965
0.00248121
0.00259591
0.00271875
0.00281699
0.00287632
0.00289399
0.00287588
0.00283279
0.00277611
0.00271504
0.00265539
0.00259981
0.00254858
0.00250022
0.00245237
0.00240246
0.00234849
0.00228901
0.00222351
0.00215183
0.00207459
0.0019922
0.00190555
0.00181479
0.00172051
0.0016223
0.00152033
0.00141374
0.0013026
0.00118595
0.00106376
0.000935102
0.000799647
0.000656718
0.000505572
0.000345915
0.00017606
-4.02302e-06
-0.000196626
-0.000401681
-0.000622797
-0.000859696
-0.00111823
-0.00139696
-0.00170359
-0.00203833
-0.00240097
-0.0027984
-0.00322167
-0.00365704
-0.00409449
-0.00454467
-0.00498038
-0.00535904
-0.00564039
-0.0058223
-0.00589108
-0.00582137
-0.00569287
-0.00552787
-0.00537076
-0.00527503
-0.00519446
-0.0051721
-0.0052071
-0.00523645
-0.00530654
-0.00539162
-0.00545914
-0.00555863
-0.00565899
-0.00574055
-0.00584438
-0.00595415
-0.00603865
-0.00612138
-0.00621247
-0.00628904
-0.00635615
-0.00641885
-0.00647142
-0.00652003
-0.00656731
-0.00660641
-0.00664447
-0.00668852
-0.00673392
-0.00678159
-0.00683295
-0.00688671
-0.00694223
-0.00699851
-0.00705024
0.00435171
0.00422038
0.00365309
0.00304803
0.00258613
0.00231783
0.00223591
0.00228584
0.00239926
0.00252138
0.00261973
0.00268024
0.00270023
0.00268544
0.00264632
0.00259385
0.00253689
0.00248113
0.00242925
0.00238171
0.0023373
0.00229397
0.00224925
0.00220114
0.00214798
0.002089
0.00202377
0.00195264
0.00187589
0.00179431
0.00170814
0.00161798
0.00152362
0.0014252
0.00132212
0.0012143
0.00110101
0.000981989
0.0008565
0.000724007
0.000584025
0.000435807
0.000279002
0.000112122
-6.51029e-05
-0.000254614
-0.000456385
-0.000673906
-0.000906504
-0.00115995
-0.00143234
-0.00173026
-0.00205418
-0.00240321
-0.00278264
-0.00318458
-0.00360046
-0.00401628
-0.00443966
-0.00484953
-0.00520999
-0.0054849
-0.00567028
-0.00575829
-0.00571861
-0.00561933
-0.0054811
-0.00534173
-0.00525688
-0.00518406
-0.00516239
-0.00519787
-0.00522808
-0.00529657
-0.00538175
-0.00544946
-0.00554734
-0.00564785
-0.00572986
-0.00583256
-0.00594192
-0.00602691
-0.0061098
-0.00620108
-0.00627819
-0.00634606
-0.00640983
-0.00646348
-0.00651294
-0.0065612
-0.00660145
-0.00664052
-0.00668536
-0.00673139
-0.00677961
-0.0068314
-0.00688565
-0.00694148
-0.00699815
-0.00705016
0.00417007
0.00403812
0.00346933
0.00286255
0.00239874
0.00212835
0.00204419
0.00209195
0.00220348
0.00232421
0.00242183
0.00248232
0.00250302
0.00248969
0.0024527
0.00240296
0.00234917
0.00229694
0.00224885
0.00220535
0.00216521
0.00212641
0.00208657
0.00204367
0.00199603
0.0019428
0.00188342
0.00181811
0.00174703
0.00167083
0.00158976
0.00150431
0.00141441
0.00132016
0.00122112
0.00111714
0.00100766
0.000892319
0.000770455
0.0006415
0.000504945
0.000360166
0.000206674
4.32473e-05
-0.000130514
-0.00031639
-0.000514185
-0.000727453
-0.000954912
-0.00120243
-0.00146766
-0.00175608
-0.00206848
-0.00240318
-0.00276505
-0.00314565
-0.00354117
-0.00393587
-0.0043337
-0.00471902
-0.00506173
-0.00533026
-0.0055181
-0.0056228
-0.00561136
-0.00553994
-0.00542845
-0.00530742
-0.00523401
-0.00517018
-0.00514986
-0.00518596
-0.00521748
-0.00528447
-0.00536989
-0.00543808
-0.00553435
-0.00563509
-0.00571771
-0.0058193
-0.00592828
-0.00601386
-0.00609698
-0.0061885
-0.00626625
-0.00633495
-0.00639985
-0.00645473
-0.00650516
-0.0065544
-0.00659591
-0.00663611
-0.00668182
-0.00672854
-0.00677739
-0.00682968
-0.00688433
-0.00694064
-0.00699772
-0.00705001
0.00398588
0.00385329
0.00328335
0.00267513
0.00220974
0.0019377
0.00185196
0.00189835
0.00200882
0.00212889
0.00222629
0.00228706
0.00230858
0.00229659
0.00226143
0.00221396
0.00216284
0.00211361
0.00206882
0.00202887
0.00199255
0.0019578
0.00192226
0.00188391
0.00184108
0.00179285
0.00173867
0.00167857
0.00161274
0.00154167
0.00146561
0.00138494
0.00129963
0.00120974
0.00111492
0.00101503
0.000909515
0.000798113
0.00068008
0.000554987
0.000422154
0.000281154
0.000131397
-2.81745e-05
-0.000197877
-0.000379647
-0.000572799
-0.0007812
-0.00100289
-0.00124362
-0.00150108
-0.00177937
-0.00207993
-0.0024
-0.00274465
-0.00310459
-0.00347936
-0.00385359
-0.00422729
-0.00458922
-0.00491474
-0.00517665
-0.00536607
-0.00548494
-0.00549954
-0.00545494
-0.00537048
-0.00526894
-0.00520772
-0.00515372
-0.00513562
-0.00517248
-0.00520572
-0.00527146
-0.00535714
-0.00542616
-0.00552091
-0.00562177
-0.00570512
-0.00580562
-0.0059142
-0.00600041
-0.00608371
-0.00617546
-0.00625389
-0.00632344
-0.00638952
-0.00644566
-0.00649705
-0.00654738
-0.0065902
-0.00663156
-0.00667818
-0.00672563
-0.0067751
-0.0068279
-0.00688313
-0.00693979
-0.00699728
-0.0070499
0.00380317
0.00366998
0.00309875
0.00248911
0.00202242
0.00174927
0.00166269
0.00170854
0.00181876
0.00193885
0.00203652
0.00209781
0.00212009
0.0021091
0.00207518
0.00202919
0.00197983
0.00193264
0.00189018
0.00185287
0.00181946
0.00178791
0.00175586
0.00172125
0.00168246
0.00163849
0.00158879
0.00153334
0.00147226
0.00140596
0.00133464
0.00125865
0.00117789
0.00109248
0.00100199
0.000906387
0.000805048
0.000697823
0.000583909
0.000462953
0.000334255
0.00019735
5.189e-05
-0.000103439
-0.000268479
-0.000445666
-0.000633584
-0.000836425
-0.00105184
-0.00128491
-0.0015341
-0.00180158
-0.00208998
-0.00239508
-0.00272245
-0.00306258
-0.00341632
-0.00377049
-0.00412162
-0.00446162
-0.00477057
-0.00502578
-0.00521597
-0.00534626
-0.0053846
-0.00536535
-0.00530743
-0.00522594
-0.00517729
-0.00513411
-0.00511931
-0.00515703
-0.0051923
-0.0052569
-0.00534285
-0.00541303
-0.0055062
-0.00560715
-0.00569142
-0.00579078
-0.00589884
-0.00598578
-0.00606934
-0.00616129
-0.00624043
-0.00631089
-0.00637822
-0.00643571
-0.00648816
-0.00653958
-0.00658383
-0.00662644
-0.00667402
-0.00672225
-0.00677246
-0.00682584
-0.00688151
-0.00693873
-0.00699665
-0.0070496
0.00361935
0.00348561
0.00291333
0.0023026
0.00183498
0.00156112
0.00147409
0.00151974
0.00162998
0.00175025
0.00184826
0.00191001
0.0019329
0.00192265
0.00188962
0.00184472
0.00179667
0.00175104
0.00171043
0.00167525
0.00164429
0.00161547
0.00158642
0.00155511
0.00151986
0.00147969
0.00143396
0.00138266
0.00132583
0.00126392
0.00119705
0.00112559
0.00104934
0.000968472
0.000882476
0.000791363
0.000694471
0.000591681
0.000482238
0.000365727
0.000241613
0.000109195
-3.14575e-05
-0.000182075
-0.000341948
-0.000513926
-0.000696121
-0.00089256
-0.00110119
-0.00132576
-0.00156604
-0.0018222
-0.00209799
-0.00238811
-0.00269821
-0.00301941
-0.00335217
-0.00368648
-0.00401641
-0.00433589
-0.00462894
-0.00487718
-0.00506748
-0.00520692
-0.00526665
-0.00527089
-0.00523855
-0.00517781
-0.00514242
-0.00511082
-0.00510046
-0.00513925
-0.00517688
-0.00524067
-0.0053268
-0.00539845
-0.00549038
-0.00559135
-0.00567663
-0.00577497
-0.00588261
-0.00597034
-0.00605412
-0.00614634
-0.00622633
-0.00629773
-0.00636635
-0.0064253
-0.00647887
-0.00653149
-0.00657721
-0.00662116
-0.00666979
-0.00671887
-0.00676982
-0.00682379
-0.00688013
-0.00693777
-0.00699614
-0.00704947
0.00343544
0.00330128
0.00272815
0.00211657
0.00164825
0.00137389
0.00128659
0.00133218
0.00144253
0.00156304
0.00166138
0.00172358
0.001747
0.00173738
0.0017051
0.00166108
0.00161409
0.00156973
0.00153063
0.00149723
0.00146829
0.00144175
0.00141525
0.00138674
0.00135455
0.00131769
0.00127551
0.00122797
0.00117507
0.00111725
0.00105458
0.000987435
0.000915596
0.000839178
0.00075771
0.000671115
0.000578842
0.000480608
0.000375897
0.000264044
0.000144853
1.72581e-05
-0.000118248
-0.000263673
-0.00041798
-0.00058403
-0.000760006
-0.000949221
-0.00115051
-0.00136595
-0.00159673
-0.0018413
-0.00210408
-0.00237945
-0.0026723
-0.00297527
-0.00328759
-0.0036025
-0.00391269
-0.00421303
-0.00449076
-0.00473174
-0.00492163
-0.00506815
-0.00514666
-0.0051726
-0.00516466
-0.00512487
-0.00510301
-0.00508366
-0.00507895
-0.00511918
-0.0051596
-0.0052227
-0.00530904
-0.00538261
-0.00547334
-0.00557424
-0.00566094
-0.00575827
-0.00586526
-0.00595393
-0.00603806
-0.00613045
-0.00621127
-0.00628367
-0.00635364
-0.00641409
-0.00646881
-0.00652263
-0.00656994
-0.00661528
-0.00666496
-0.00671492
-0.0067667
-0.00682134
-0.00687817
-0.00693644
-0.00699525
-0.00704895
0.00325296
0.00311842
0.00254452
0.00193217
0.00146323
0.00118843
0.0011009
0.00114644
0.00125689
0.00137761
0.00147627
0.00153886
0.00156274
0.00155366
0.001522
0.00147871
0.00143258
0.00138926
0.00135139
0.00131943
0.00129216
0.00126754
0.00124317
0.00121703
0.00118746
0.00115347
0.0011144
0.00107021
0.00102087
0.000966792
0.00090806
0.000844978
0.000777382
0.000705275
0.000628287
0.000546186
0.000458596
0.000365024
0.000265209
0.00015825
4.42151e-05
-7.81793e-05
-0.000208261
-0.000347948
-0.000496319
-0.000655756
-0.000825098
-0.00100648
-0.00119987
-0.00140583
-0.00162646
-0.00185937
-0.0021087
-0.00236957
-0.00264527
-0.00293061
-0.00322343
-0.0035194
-0.00381095
-0.00409336
-0.00435656
-0.00458995
-0.00477902
-0.00493071
-0.00502532
-0.00507101
-0.00508556
-0.0050667
-0.0050589
-0.00505216
-0.00505444
-0.00509658
-0.00514003
-0.00520301
-0.00528946
-0.00536496
-0.00545497
-0.0055559
-0.00564391
-0.00574037
-0.00584684
-0.00593652
-0.00602089
-0.00611351
-0.00619533
-0.00626874
-0.00634007
-0.00640219
-0.00645819
-0.00651328
-0.00656225
-0.00660912
-0.00666001
-0.00671096
-0.00676361
-0.00681897
-0.00687657
-0.00693533
-0.00699465
-0.00704878
0.00307166
0.00293678
0.00236217
0.00174912
0.00127962
0.00100443
0.000916693
0.0009622
0.00107274
0.00119367
0.0012926
0.00135554
0.00137984
0.00137123
0.00134011
0.00129744
0.00125203
0.00120957
0.00117272
0.00114198
0.00111613
0.00109313
0.0010706
0.00104651
0.00101922
0.000987732
0.00095143
0.000910219
0.000864113
0.00081344
0.000758355
0.000699076
0.000635523
0.000567574
0.000494966
0.00041732
0.000334406
0.000245585
0.000150748
4.8899e-05
-5.9814e-05
-0.000176651
-0.000301042
-0.000434549
-0.00057664
-0.000728996
-0.000891252
-0.00106438
-0.00124927
-0.00144546
-0.00165537
-0.00187653
-0.00211216
-0.0023587
-0.00261768
-0.00288586
-0.00316016
-0.00343768
-0.0037116
-0.00397747
-0.00422686
-0.00445237
-0.00463996
-0.00479531
-0.00490351
-0.00496675
-0.00500195
-0.00500363
-0.00500991
-0.00501625
-0.00502653
-0.0050712
-0.00511834
-0.00518139
-0.00526778
-0.00534572
-0.00543522
-0.00553586
-0.00562566
-0.00572157
-0.00582721
-0.00591796
-0.00600285
-0.00609561
-0.00617839
-0.00625295
-0.00632573
-0.00638955
-0.00644687
-0.00650329
-0.00655401
-0.00660243
-0.00665448
-0.00670641
-0.00675997
-0.00681609
-0.00687421
-0.00693367
-0.00699343
-0.00704797
0.00289165
0.00275645
0.00218121
0.00156754
0.00109755
0.000822031
0.00073413
0.000779627
0.000890276
0.00101139
0.00111058
0.00117384
0.00119852
0.00119035
0.0011597
0.00111758
0.0010728
0.00103108
0.000995114
0.00096541
0.000940792
0.000919201
0.00089828
0.00087598
0.000850684
0.000821402
0.000787549
0.000748999
0.000705807
0.000658239
0.000606502
0.00055076
0.000491002
0.000427042
0.000358666
0.00028543
0.000207127
0.000123124
3.32797e-05
-6.32825e-05
-0.000166568
-0.000277558
-0.000396029
-0.000523008
-0.000658479
-0.000803409
-0.000958086
-0.00112272
-0.00129853
-0.00148482
-0.00168355
-0.00189295
-0.00211485
-0.00234724
-0.00259003
-0.00284147
-0.00309828
-0.0033581
-0.00361544
-0.00386574
-0.00410217
-0.00431949
-0.00450514
-0.00466293
-0.00478201
-0.00486079
-0.00491445
-0.00493575
-0.00495635
-0.00497566
-0.00499502
-0.00504304
-0.005094
-0.00515786
-0.00524435
-0.00532442
-0.00541382
-0.00551445
-0.005606
-0.00570148
-0.00580646
-0.00589839
-0.00598371
-0.00607661
-0.00616054
-0.00623623
-0.00631042
-0.0063761
-0.00643484
-0.00649258
-0.0065451
-0.00659525
-0.00664865
-0.00670173
-0.00675633
-0.00681332
-0.00687234
-0.0069324
-0.00699273
-0.00704774
0.00271332
0.00257784
0.00200203
0.0013878
0.000917369
0.000641574
0.000553555
0.000599069
0.000709836
0.000831138
0.000930574
0.000994131
0.00101915
0.00101136
0.000981149
0.000939511
0.000895297
0.000854226
0.000819038
0.000790246
0.000766702
0.000746351
0.000726847
0.000706134
0.000682612
0.000655295
0.000623624
0.000587474
0.000546915
0.0005022
0.000453543
0.000401107
0.000344897
0.000284743
0.000220411
0.000151486
7.76988e-05
-1.4962e-06
-8.6343e-05
-0.00017754
-0.000275278
-0.000380276
-0.000492593
-0.000612887
-0.000741404
-0.000878745
-0.0010254
-0.0011814
-0.0013477
-0.00152396
-0.0017113
-0.00190886
-0.00211725
-0.00233555
-0.0025629
-0.00279809
-0.00303836
-0.0032813
-0.00352281
-0.00375858
-0.00398274
-0.00419188
-0.00437489
-0.00453394
-0.00466177
-0.00475386
-0.00482375
-0.00486359
-0.00489806
-0.0049305
-0.00495958
-0.00501152
-0.00506712
-0.00513242
-0.00521864
-0.00530118
-0.00539101
-0.00549121
-0.00558467
-0.00568037
-0.00578452
-0.00587755
-0.00596362
-0.00605662
-0.00614166
-0.00621862
-0.0062943
-0.00636189
-0.00642214
-0.0064813
-0.00653577
-0.00658764
-0.00664237
-0.00669652
-0.0067521
-0.00680993
-0.00686951
-0.00693034
-0.00699112
-0.00704657
0.002537
0.0024013
0.00182496
0.00121022
0.000739398
0.000463362
0.000375256
0.00042081
0.000531709
0.000653203
0.000752875
0.000816709
0.000842045
0.000834611
0.0008048
0.000763613
0.000719913
0.000679437
0.000644945
0.000616974
0.00059439
0.000575153
0.000556919
0.00053764
0.000515717
0.00049018
0.000460481
0.000426519
0.000388363
0.000346284
0.000300478
0.000251141
0.000198261
0.000141724
8.12577e-05
1.65088e-05
-5.28694e-05
-0.000127328
-0.0002072
-0.000293045
-0.000385164
-0.000484136
-0.000590133
-0.000703682
-0.000825006
-0.000954692
-0.00109303
-0.00124033
-0.00139692
-0.00156306
-0.001739
-0.00192468
-0.0021199
-0.00232422
-0.00253686
-0.0027564
-0.00298116
-0.00320812
-0.00343479
-0.00365684
-0.00386941
-0.00407026
-0.00424984
-0.00440937
-0.00454353
-0.00464696
-0.0047309
-0.00478751
-0.0048357
-0.00488071
-0.00491997
-0.00497691
-0.0050373
-0.00510471
-0.00519114
-0.0052758
-0.00536628
-0.00546635
-0.00556169
-0.00565779
-0.00576131
-0.00585555
-0.00594234
-0.00603543
-0.00612171
-0.00619997
-0.00627709
-0.00634675
-0.00640864
-0.00646922
-0.00652559
-0.00657938
-0.00663558
-0.00669105
-0.00674785
-0.00680672
-0.00686734
-0.00692885
-0.00699027
-0.00704624
0.00236331
0.00222741
0.0016506
0.00103539
0.000564222
0.000287985
0.000199825
0.000245448
0.000356498
0.000478198
0.000578114
0.000642228
0.000667878
0.000660795
0.000631373
0.000590625
0.000547421
0.000507517
0.000473685
0.000446484
0.000424792
0.000406589
0.00038953
0.000371578
0.000351132
0.000327238
0.000299356
0.00026741
0.000231474
0.000191834
0.000148689
0.000102243
5.25039e-05
-6.25016e-07
-5.73898e-05
-0.000118149
-0.000183229
-0.000253102
-0.000328049
-0.000408652
-0.000495129
-0.000588131
-0.000687713
-0.000794518
-0.000908536
-0.00103051
-0.00116044
-0.00129892
-0.00144586
-0.00160174
-0.00176658
-0.00194036
-0.00212295
-0.00231357
-0.00251219
-0.00271672
-0.00292665
-0.0031387
-0.00335115
-0.00356058
-0.00376211
-0.00395497
-0.00413067
-0.00428963
-0.00442848
-0.004541
-0.00463664
-0.00470851
-0.00476959
-0.00482672
-0.00487655
-0.00493884
-0.00500452
-0.00507506
-0.0051617
-0.00524843
-0.00534015
-0.00543996
-0.00553696
-0.00563413
-0.00573712
-0.00583244
-0.00592022
-0.0060134
-0.00610085
-0.00618051
-0.00625912
-0.00633089
-0.00639448
-0.00645652
-0.00651493
-0.00657068
-0.00662834
-0.00668501
-0.00674288
-0.00680272
-0.00686395
-0.00692631
-0.00698822
-0.00704462
0.00219142
0.00205539
0.00147821
0.000862627
0.000391188
0.0001148
2.66115e-05
7.23141e-05
0.000183518
0.000305426
0.000405588
0.000469983
0.000495946
0.000489212
0.000460175
0.000419859
0.00037714
0.000337791
0.000304596
0.000278133
0.000257297
0.000240077
0.00022414
0.000207449
0.000188414
0.00016608
0.000139935
0.000109899
7.60819e-05
3.87545e-05
-1.84776e-06
-4.5546e-05
-9.2277e-05
-0.00014216
-0.000195367
-0.0002523
-0.000313215
-0.000378646
-0.000448786
-0.000524268
-0.000605206
-0.000692311
-0.000785542
-0.000885597
-0.000992344
-0.00110654
-0.00122811
-0.00135764
-0.00149506
-0.00164064
-0.00179463
-0.0019566
-0.00212701
-0.00230443
-0.00248957
-0.00267994
-0.00287562
-0.00307365
-0.0032724
-0.00346981
-0.00366075
-0.00384564
-0.00401697
-0.00417465
-0.00431666
-0.00443646
-0.00454184
-0.00462668
-0.00469982
-0.00476832
-0.00482855
-0.00489711
-0.00496828
-0.00504249
-0.00513004
-0.00521867
-0.00531176
-0.00541161
-0.00551012
-0.00560853
-0.00571138
-0.00580793
-0.0058968
-0.00599005
-0.00607876
-0.00615994
-0.00624
-0.00631401
-0.00637959
-0.00644317
-0.00650361
-0.00656146
-0.00662076
-0.00667884
-0.00673807
-0.00679906
-0.00686143
-0.00692456
-0.00698716
-0.00704412
0.00202569
0.00188975
0.00131241
0.000696583
0.000224928
-5.16136e-05
-0.000139869
-9.4141e-05
1.71621e-05
0.000139226
0.000239584
0.000304209
0.000330433
0.000323991
0.000295278
0.000255324
0.000213015
0.000174133
0.000141481
0.000115647
9.5549e-05
7.91796e-05
6.42277e-05
4.86457e-05
3.08692e-05
9.92839e-06
-1.46511e-05
-4.29631e-05
-7.48445e-05
-0.000110054
-0.0001483
-0.00018945
-0.00023338
-0.00028026
-0.000330176
-0.000383574
-0.000440627
-0.000501917
-0.000567556
-0.000638192
-0.000713875
-0.000795295
-0.000882429
-0.000975894
-0.00107565
-0.00118222
-0.00129575
-0.00141649
-0.00154476
-0.0016803
-0.00182386
-0.00197449
-0.00213318
-0.00229814
-0.00247035
-0.00264762
-0.00282974
-0.00301497
-0.00320079
-0.00338695
-0.0035679
-0.00374471
-0.00391142
-0.0040667
-0.00421034
-0.00433546
-0.00444838
-0.00454433
-0.00462837
-0.00470732
-0.00477775
-0.00485282
-0.00492953
-0.00500811
-0.00509708
-0.00518739
-0.00528217
-0.00538227
-0.0054818
-0.00558169
-0.0056847
-0.0057824
-0.00587261
-0.00596597
-0.00605572
-0.0061384
-0.00621986
-0.00629611
-0.00636368
-0.00642874
-0.00649122
-0.00655125
-0.00661223
-0.00667171
-0.00673217
-0.00679431
-0.00685742
-0.00692147
-0.00698462
-0.007042
0.001857
0.00172104
0.00114344
0.000527432
5.57633e-05
-0.000220602
-0.000308506
-0.000262291
-0.000150413
-2.77185e-05
7.33101e-05
0.000138641
0.000165609
0.000159949
0.000132063
9.29793e-05
5.15956e-05
1.36898e-05
-1.79185e-05
-4.26446e-05
-6.15478e-05
-7.66415e-05
-9.02159e-05
-0.000104334
-0.000120541
-0.000139824
-0.00016263
-0.000189065
-0.000218924
-0.000251978
-0.000287895
-0.000326553
-0.000367788
-0.00041176
-0.000458521
-0.000508487
-0.00056183
-0.000619085
-0.000680408
-0.000746339
-0.000817011
-0.000892942
-0.000974268
-0.00106138
-0.00115447
-0.00125374
-0.00135958
-0.00147193
-0.00159141
-0.00171744
-0.00185099
-0.00199097
-0.00213841
-0.00229181
-0.0024517
-0.00261681
-0.00278619
-0.00295938
-0.00313322
-0.00330854
-0.00348016
-0.00364894
-0.00381074
-0.00396313
-0.00410721
-0.0042362
-0.00435514
-0.00446025
-0.00455397
-0.00464256
-0.00472241
-0.00480441
-0.00488694
-0.00497008
-0.00506151
-0.00515373
-0.00525023
-0.00535118
-0.00545165
-0.00555292
-0.00565655
-0.00575575
-0.00584766
-0.00594122
-0.00603205
-0.00611645
-0.00619938
-0.006278
-0.00634785
-0.0064145
-0.00647896
-0.00654125
-0.00660398
-0.00666492
-0.00672681
-0.00679017
-0.00685448
-0.00691937
-0.00698323
-0.00704123
0.00169034
0.00155349
0.000974855
0.000358067
-0.00011406
-0.000390581
-0.000478399
-0.000431961
-0.000319798
-0.000196801
-9.54572e-05
-2.97955e-05
-2.46372e-06
-7.71889e-06
-3.51371e-05
-7.36881e-05
-0.000114458
-0.00015167
-0.000182489
-0.000206331
-0.000224233
-0.000238211
-0.000250535
-0.000263274
-0.000277963
-0.000295598
-0.000316612
-0.000341113
-0.00036888
-0.000399669
-0.00043314
-0.000469151
-0.000507544
-0.000548439
-0.000591907
-0.000638291
-0.000687812
-0.000740901
-0.000797812
-0.000858938
-0.000924537
-0.000994919
-0.0010704
-0.00115113
-0.00123752
-0.0013295
-0.00142767
-0.00153174
-0.00164246
-0.00175923
-0.00188288
-0.00201264
-0.00214907
-0.00229146
-0.00243952
-0.00259309
-0.00275046
-0.00291214
-0.00307491
-0.00323966
-0.00340257
-0.00356326
-0.00371985
-0.00386874
-0.00401183
-0.00414325
-0.00426613
-0.00437841
-0.00448004
-0.00457694
-0.00466543
-0.00475401
-0.00484232
-0.00492986
-0.00502407
-0.00511824
-0.00521626
-0.00531837
-0.0054195
-0.00552195
-0.00562635
-0.00572684
-0.0058206
-0.00591455
-0.00600622
-0.0060923
-0.00617664
-0.00625757
-0.00632987
-0.00639816
-0.00646463
-0.00652933
-0.00659401
-0.00665656
-0.00671987
-0.00678459
-0.00684981
-0.0069157
-0.00698021
-0.0070386
0.00155507
0.00141968
0.000842229
0.00022637
-0.000244983
-0.000520829
-0.000608013
-0.000560948
-0.000448156
-0.000324544
-0.000222613
-0.000156403
-0.000128559
-0.000133334
-0.000160288
-0.00019838
-0.000238685
-0.000275425
-0.000305768
-0.000329133
-0.000346562
-0.000360068
-0.000371919
-0.000384177
-0.000398365
-0.000415461
-0.000435889
-0.000459719
-0.000486718
-0.000516591
-0.000548992
-0.000583725
-0.000620651
-0.000659827
-0.00070136
-0.000745509
-0.000792544
-0.000842799
-0.000896598
-0.000954224
-0.00101601
-0.00108213
-0.00115296
-0.00122857
-0.00130938
-0.00139531
-0.00148686
-0.00158384
-0.00168681
-0.00179546
-0.00191022
-0.00203084
-0.00215736
-0.00228975
-0.00242723
-0.0025702
-0.00271686
-0.00286784
-0.0030206
-0.00317544
-0.0033301
-0.00348322
-0.00363446
-0.0037799
-0.00392141
-0.00405441
-0.00418018
-0.00429816
-0.00440651
-0.00451066
-0.00460703
-0.00470187
-0.00479626
-0.00488835
-0.00498591
-0.00508292
-0.00518244
-0.00528623
-0.00538843
-0.00549172
-0.00559705
-0.00569894
-0.00579476
-0.00588952
-0.00598201
-0.00606964
-0.00615527
-0.00623846
-0.00631338
-0.00638334
-0.00645155
-0.00651854
-0.00658511
-0.00664916
-0.00671392
-0.00677989
-0.00684634
-0.00691312
-0.00697835
-0.0070374
0.00129068
0.00115541
0.000578953
-3.3877e-05
-0.000500118
-0.000768968
-0.000847774
-0.000791907
-0.000670787
-0.000539854
-0.000431787
-0.000360624
-0.00032885
-0.000330351
-0.000354265
-0.000389207
-0.000426056
-0.000458973
-0.000485164
-0.00050414
-0.000517081
-0.000526139
-0.000533706
-0.000541916
-0.000552332
-0.000565922
-0.000583086
-0.000603828
-0.000627859
-0.000654797
-0.000684254
-0.000715963
-0.00074978
-0.000785712
-0.000823882
-0.00086449
-0.00090781
-0.00095411
-0.00100374
-0.00105692
-0.00111401
-0.00117515
-0.00124067
-0.00131064
-0.0013854
-0.00146495
-0.00154965
-0.00163945
-0.00173467
-0.0018353
-0.00194144
-0.0020532
-0.00217028
-0.00229296
-0.00242037
-0.00255298
-0.00268943
-0.00283001
-0.0029732
-0.00311853
-0.00326508
-0.00341085
-0.00355616
-0.00369764
-0.00383629
-0.00396934
-0.00409629
-0.00421788
-0.00433128
-0.00444092
-0.00454416
-0.00464449
-0.00474454
-0.00484126
-0.00494196
-0.00504223
-0.00514329
-0.00524869
-0.00535243
-0.00545644
-0.00556275
-0.0056661
-0.00576411
-0.00586022
-0.00595376
-0.00604299
-0.00612992
-0.00621544
-0.00629336
-0.0063653
-0.00643541
-0.00650492
-0.00657376
-0.00663963
-0.00670599
-0.0067735
-0.00684107
-0.00690894
-0.00697489
-0.0070343
0.00130192
0.00117026
0.000596584
-1.60621e-05
-0.000485432
-0.000761018
-0.000849843
-0.000805873
-0.000696798
-0.000576715
-0.000477535
-0.000412928
-0.000385372
-0.000389169
-0.000414217
-0.000449954
-0.00048794
-0.000522784
-0.000551851
-0.000574591
-0.000591949
-0.000605728
-0.000617964
-0.000630473
-0.000644606
-0.000661201
-0.000680634
-0.000702938
-0.000727929
-0.000755327
-0.00078487
-0.000816365
-0.000849742
-0.000885025
-0.000922356
-0.000961919
-0.00100399
-0.00104879
-0.00109661
-0.00114763
-0.00120213
-0.00126024
-0.00132222
-0.00138817
-0.00145836
-0.00153287
-0.00161195
-0.00169572
-0.00178433
-0.00187795
-0.00197654
-0.00208035
-0.00218909
-0.00230304
-0.00242161
-0.00254501
-0.00267246
-0.00280381
-0.00293835
-0.00307516
-0.00321399
-0.00335298
-0.00349229
-0.00362969
-0.00376506
-0.00389723
-0.00402459
-0.00414838
-0.00426575
-0.0043796
-0.00448865
-0.00459378
-0.00469877
-0.00480001
-0.00490346
-0.005007
-0.00510982
-0.00521639
-0.00532187
-0.00542655
-0.00553332
-0.00563788
-0.00573771
-0.00583508
-0.00592978
-0.00602038
-0.00610805
-0.00619536
-0.00627623
-0.00635008
-0.00642157
-0.00649318
-0.00656407
-0.0066315
-0.00669929
-0.00676807
-0.00683686
-0.00690568
-0.00697236
-0.00703247
-0.00197879
-0.00186256
-0.00130631
-0.000712859
-0.00026384
-9.31918e-06
5.80478e-05
-7.52535e-06
-0.000138299
-0.000280323
-0.000401909
-0.00048961
-0.000541227
-0.000562814
-0.000564698
-0.0005575
-0.000549581
-0.000546206
-0.000549939
-0.000561326
-0.000579471
-0.00060268
-0.000629069
-0.000657003
-0.000685329
-0.000713421
-0.000741115
-0.00076859
-0.000796251
-0.000824587
-0.000854084
-0.000885146
-0.000918095
-0.000953137
-0.00099043
-0.00103006
-0.00107211
-0.00111666
-0.00116382
-0.0012137
-0.00126649
-0.00132233
-0.00138146
-0.00144406
-0.00151036
-0.00158057
-0.00165486
-0.00173344
-0.0018164
-0.00190397
-0.00199611
-0.00209306
-0.00219461
-0.00230095
-0.00241176
-0.00252705
-0.00264643
-0.00276958
-0.00289617
-0.00302536
-0.00315696
-0.00328968
-0.00342326
-0.00355651
-0.00368854
-0.0038191
-0.0039463
-0.00407106
-0.00419143
-0.00430843
-0.00442227
-0.00453193
-0.0046413
-0.00474737
-0.00485387
-0.00496092
-0.0050664
-0.00517448
-0.00528217
-0.00538835
-0.00549594
-0.00560197
-0.00570406
-0.00580316
-0.00589965
-0.00599243
-0.00608111
-0.00617015
-0.00625451
-0.00633102
-0.0064043
-0.00647827
-0.00655169
-0.00662118
-0.00669069
-0.00676112
-0.0068312
-0.00690117
-0.00696862
-0.00702905
0.00108946
0.000958179
0.000384481
-0.000228609
-0.000698834
-0.000975692
-0.00106601
-0.0010235
-0.000915648
-0.000796504
-0.000697996
-0.000633845
-0.000606516
-0.000610322
-0.000635219
-0.000670748
-0.000708589
-0.000743449
-0.000772715
-0.000795794
-0.000813547
-0.000827666
-0.000840089
-0.000852552
-0.000866362
-0.000882328
-0.000900826
-0.000921893
-0.000945362
-0.000970964
-0.000998442
-0.0010276
-0.00105834
-0.00109066
-0.00112467
-0.00116051
-0.00119837
-0.00123846
-0.00128099
-0.00132618
-0.00137422
-0.00142529
-0.00147956
-0.0015372
-0.00159835
-0.0016632
-0.00173185
-0.0018045
-0.00188122
-0.00196221
-0.00204746
-0.00213717
-0.00223125
-0.00232982
-0.00243271
-0.00253988
-0.00265113
-0.00276617
-0.00288475
-0.00300631
-0.00313054
-0.00325666
-0.00338418
-0.0035124
-0.00364041
-0.00376795
-0.00389373
-0.00401778
-0.00413932
-0.00425786
-0.00437442
-0.00448734
-0.00459942
-0.00470916
-0.00481783
-0.00492722
-0.00503478
-0.00514361
-0.00525265
-0.00535976
-0.00546768
-0.00557421
-0.00567776
-0.005778
-0.00587546
-0.00597023
-0.00605958
-0.00614906
-0.00623617
-0.00631528
-0.00638972
-0.00646527
-0.00654081
-0.00661202
-0.00668294
-0.00675464
-0.00682594
-0.00689692
-0.00696514
-0.00702634
-0.00232798
-0.00220664
-0.00164348
-0.00104172
-0.000583741
-0.000320176
-0.000244228
-0.000302131
-0.000426273
-0.000562543
-0.000678987
-0.000761908
-0.000808892
-0.000825655
-0.000822327
-0.000809511
-0.000795693
-0.00078631
-0.000784085
-0.000789697
-0.000802361
-0.000820448
-0.000842094
-0.000865639
-0.000889878
-0.000914114
-0.000938108
-0.000961967
-0.000986031
-0.00101074
-0.00103655
-0.00106384
-0.00109294
-0.00112403
-0.00115728
-0.00119275
-0.0012305
-0.00127058
-0.00131305
-0.00135797
-0.00140544
-0.0014556
-0.00150857
-0.00156452
-0.00162359
-0.00168598
-0.00175179
-0.00182125
-0.0018944
-0.00197147
-0.00205245
-0.00213754
-0.00222668
-0.00231998
-0.00241736
-0.00251878
-0.00262412
-0.00273318
-0.00284579
-0.00296154
-0.00308018
-0.00320114
-0.00332403
-0.00344825
-0.00357322
-0.0036984
-0.00382317
-0.00394691
-0.00406947
-0.0041899
-0.00430892
-0.00442548
-0.00454058
-0.00465435
-0.00476627
-0.00487855
-0.00498937
-0.00510003
-0.00521135
-0.00532038
-0.00542979
-0.00553766
-0.00564305
-0.0057456
-0.00584456
-0.00594202
-0.0060336
-0.00612367
-0.00621343
-0.00629629
-0.00637284
-0.00645011
-0.00652819
-0.00660173
-0.00667438
-0.00674769
-0.00682039
-0.00689251
-0.00696148
-0.00702286
0.000888925
0.000756395
0.000181221
-0.000433053
-0.000903848
-0.00118048
-0.00126981
-0.00122576
-0.00111618
-0.000995377
-0.000895446
-0.000830185
-0.000802089
-0.000805494
-0.000830277
-0.000865818
-0.000903613
-0.000938226
-0.000966984
-0.000989289
-0.00100603
-0.00101897
-0.00103011
-0.00104124
-0.00105371
-0.00106833
-0.00108549
-0.00110521
-0.00112728
-0.0011514
-0.00117726
-0.00120463
-0.00123337
-0.00126346
-0.00129496
-0.001328
-0.00136273
-0.00139937
-0.00143809
-0.00147908
-0.0015225
-0.00156852
-0.00161726
-0.00166886
-0.00172343
-0.00178112
-0.00184202
-0.0019063
-0.00197402
-0.00204536
-0.00212036
-0.00219916
-0.0022818
-0.00236835
-0.0024588
-0.00255313
-0.0026513
-0.00275313
-0.00285856
-0.00296725
-0.00307905
-0.00319348
-0.00331031
-0.00342895
-0.00354909
-0.00367007
-0.00379156
-0.00391291
-0.00403385
-0.00415381
-0.00427266
-0.00439026
-0.00450623
-0.00462145
-0.00473495
-0.00484806
-0.00496051
-0.00507161
-0.00518364
-0.00529336
-0.00540292
-0.00551121
-0.00561675
-0.00572059
-0.00582032
-0.00591881
-0.00601234
-0.00610246
-0.00619294
-0.00627894
-0.0063573
-0.00643547
-0.00651526
-0.00659077
-0.00666491
-0.00673955
-0.00681354
-0.00688686
-0.00695666
-0.00701902
-0.00252046
-0.0023973
-0.00183208
-0.00122846
-0.000769102
-0.000504791
-0.000428726
-0.000486931
-0.000611492
-0.000748045
-0.000864468
-0.000946972
-0.000993084
-0.00100854
-0.00100357
-0.000988933
-0.000973271
-0.000962156
-0.000958374
-0.000962615
-0.000974056
-0.000991001
-0.00101151
-0.00103385
-0.00105676
-0.00107951
-0.00110184
-0.00112387
-0.00114593
-0.00116849
-0.00119202
-0.00121691
-0.00124347
-0.00127193
-0.00130239
-0.00133493
-0.00136958
-0.00140636
-0.00144529
-0.00148642
-0.0015298
-0.00157554
-0.00162373
-0.00167453
-0.00172804
-0.00178443
-0.00184379
-0.0019063
-0.00197203
-0.00204112
-0.00211366
-0.00218974
-0.00226943
-0.00235276
-0.00243978
-0.00253047
-0.00262484
-0.00272276
-0.0028242
-0.00292892
-0.00303684
-0.00314758
-0.00326098
-0.00337659
-0.00349412
-0.00361312
-0.00373317
-0.00385388
-0.00397472
-0.00409552
-0.00421561
-0.0043352
-0.00445355
-0.00457116
-0.00468769
-0.00480301
-0.00491828
-0.00503156
-0.00514546
-0.0052574
-0.00536825
-0.0054783
-0.0055851
-0.00569089
-0.00579293
-0.00589291
-0.00598924
-0.00608095
-0.00617228
-0.00626174
-0.00634336
-0.00642267
-0.00650418
-0.00658212
-0.00665795
-0.00673374
-0.00680889
-0.00688314
-0.00695358
-0.00701595
0.000739953
0.000606333
2.99585e-05
-0.0005853
-0.00105664
-0.00133327
-0.00142201
-0.00137698
-0.00126628
-0.00114443
-0.00104369
-0.000977946
-0.000949755
-0.00095342
-0.000978703
-0.00101484
-0.00105319
-0.00108819
-0.00111709
-0.00113926
-0.00115563
-0.00116802
-0.00117849
-0.00118891
-0.00120066
-0.00121461
-0.00123113
-0.00125022
-0.00127167
-0.00129514
-0.00132028
-0.00134682
-0.0013746
-0.00140357
-0.00143375
-0.00146526
-0.00149825
-0.0015329
-0.00156938
-0.00160785
-0.00164846
-0.00169133
-0.00173657
-0.00178429
-0.00183456
-0.00188751
-0.0019432
-0.00200176
-0.00206327
-0.00212783
-0.00219555
-0.00226652
-0.00234082
-0.00241852
-0.00249968
-0.0025843
-0.00267243
-0.00276399
-0.002859
-0.00295728
-0.00305877
-0.00316324
-0.00327053
-0.00338036
-0.00349241
-0.00360644
-0.00372196
-0.00383883
-0.00395635
-0.00407454
-0.00419265
-0.00431075
-0.00442835
-0.00454524
-0.00466185
-0.00477694
-0.00489241
-0.00500593
-0.00511954
-0.00523193
-0.00534222
-0.00545224
-0.00555898
-0.005665
-0.00576825
-0.00586788
-0.00596504
-0.00605841
-0.00614956
-0.00624054
-0.00632486
-0.00640547
-0.00648825
-0.00656836
-0.00664609
-0.00672345
-0.00680006
-0.00687579
-0.00694724
-0.00701061
-0.00255024
-0.0024273
-0.00186279
-0.00126062
-0.000803536
-0.000542324
-0.000470028
-0.000532311
-0.000660884
-0.000801131
-0.000920815
-0.00100611
-0.00105454
-0.00107196
-0.00106879
-0.00105597
-0.0010423
-0.00103346
-0.00103226
-0.00103938
-0.0010539
-0.001074
-0.00109764
-0.00112298
-0.0011487
-0.00117403
-0.0011987
-0.00122282
-0.00124676
-0.00127099
-0.001296
-0.0013222
-0.0013499
-0.00137931
-0.00141051
-0.00144356
-0.00147844
-0.00151513
-0.00155365
-0.00159399
-0.00163621
-0.00168037
-0.00172659
-0.00177497
-0.00182563
-0.0018787
-0.00193431
-0.00199258
-0.00205362
-0.00211755
-0.00218444
-0.00225441
-0.00232752
-0.00240385
-0.00248346
-0.00256638
-0.00265265
-0.00274226
-0.00283519
-0.0029314
-0.00303078
-0.00313324
-0.00323858
-0.00334665
-0.00345715
-0.0035699
-0.00368445
-0.00380065
-0.00391798
-0.00403621
-0.00415492
-0.00427373
-0.00439257
-0.00451067
-0.00462883
-0.00474568
-0.00486274
-0.00497831
-0.00509299
-0.00520686
-0.00531839
-0.00542982
-0.0055386
-0.00564537
-0.00575043
-0.0058513
-0.00594962
-0.00604566
-0.00613724
-0.00622887
-0.00631623
-0.00639816
-0.00648126
-0.00656291
-0.00664198
-0.00671993
-0.0067972
-0.00687349
-0.00694532
-0.00700866
0.000723664
0.000587159
7.48206e-06
-0.000611427
-0.00108646
-0.00136656
-0.00145834
-0.00141589
-0.0013074
-0.00118763
-0.00108903
-0.00102565
-0.00100018
-0.00100698
-0.00103578
-0.00107568
-0.00111789
-0.00115667
-0.00118916
-0.00121467
-0.00123411
-0.00124933
-0.00126246
-0.0012754
-0.0012896
-0.00130595
-0.00132484
-0.00134628
-0.00137003
-0.00139573
-0.001423
-0.00145153
-0.00148112
-0.00151167
-0.00154321
-0.00157581
-0.0016096
-0.00164474
-0.00168139
-0.0017197
-0.0017598
-0.0018018
-0.0018458
-0.00189187
-0.0019401
-0.00199056
-0.00204333
-0.00209849
-0.00215613
-0.00221633
-0.00227919
-0.00234481
-0.00241325
-0.00248464
-0.00255901
-0.00263647
-0.00271701
-0.00280073
-0.0028876
-0.00297763
-0.00307077
-0.00316696
-0.00326612
-0.00336808
-0.00347274
-0.00357984
-0.00368917
-0.00380047
-0.00391339
-0.00402754
-0.00414265
-0.00425834
-0.00437455
-0.00449068
-0.00460708
-0.0047227
-0.00483825
-0.00495269
-0.00506635
-0.00517938
-0.00529063
-0.00540117
-0.00550977
-0.00561618
-0.00572118
-0.00582296
-0.00592133
-0.00601879
-0.00611187
-0.00620356
-0.00629314
-0.00637809
-0.00646241
-0.00654582
-0.00662744
-0.00670744
-0.00678627
-0.00686431
-0.00693742
-0.0070018
)
;

boundaryField
{
    zeroGradient
    {
        type            zeroGradient;
    }
    inlet
    {
        type            zeroGradient;
    }
    fixedWalls
    {
        type            zeroGradient;
    }
    frontAndBack
    {
        type            empty;
    }
}


// ************************************************************************* //
