/*--------------------------------*- C++ -*----------------------------------*\
| =========                 |                                                 |
| \\      /  F ield         | OpenFOAM: The Open Source CFD Toolbox           |
|  \\    /   O peration     | Version:  2312                                  |
|   \\  /    A nd           | Website:  www.openfoam.com                      |
|    \\/     M anipulation  |                                                 |
\*---------------------------------------------------------------------------*/
FoamFile
{
    version     2.0;
    format      ascii;
    arch        "LSB;label=32;scalar=64";
    class       volScalarField;
    location    "0.3";
    object      p;
}
// * * * * * * * * * * * * * * * * * * * * * * * * * * * * * * * * * * * * * //

dimensions      [0 2 -2 0 0 0 0];

internalField   nonuniform List<scalar> 
5600
(
3.77021e-09
0.000447192
0.000276772
0.000430875
0.000315927
0.00052067
0.000457959
0.000595762
0.000628571
0.000714091
0.000777238
0.000898155
0.000947373
0.00106725
0.0011599
0.00127421
0.00136696
0.0014844
0.00164022
0.00176782
0.00188081
0.00204203
0.00220937
0.00236327
0.00252378
0.00271431
0.00291097
0.00309727
0.00329164
0.00350258
0.00372783
0.00396846
0.00421376
0.0044557
0.00469263
0.00493367
0.00518947
0.00544699
0.00563124
0.00557374
2.39911e-06
0.000444538
0.000278817
0.000427901
0.000319404
0.000515365
0.000460806
0.000590936
0.000630121
0.000710042
0.000777468
0.000893866
0.000947736
0.00106274
0.00116009
0.00127081
0.00136582
0.00148089
0.00163669
0.0017645
0.00187556
0.00203756
0.00220373
0.00235451
0.00251362
0.00269986
0.00289815
0.00308095
0.00327582
0.00348053
0.00369066
0.0038993
0.00410248
0.00430308
0.00450347
0.00469699
0.00485745
0.00494139
0.00487652
0.00454269
4.64122e-06
0.000442952
0.000279994
0.000426647
0.000320897
0.000513338
0.000461787
0.000588038
0.000630331
0.000708125
0.000777581
0.000891825
0.000947568
0.00106081
0.00115974
0.00126887
0.00136424
0.00147946
0.00163394
0.00176175
0.00187146
0.00203322
0.00219778
0.00234778
0.00250546
0.00268942
0.00288419
0.00306526
0.00324912
0.00344366
0.00364323
0.00383885
0.00402584
0.00420799
0.00438695
0.00455349
0.00468077
0.0047321
0.00464674
0.00432124
8.32905e-06
0.000439078
0.000282669
0.0004228
0.000324964
0.000507141
0.000464775
0.000582838
0.000633169
0.000702821
0.000778224
0.000886502
0.000948048
0.00105542
0.00115943
0.00126405
0.00136229
0.00147576
0.0016285
0.0017567
0.00186479
0.00202363
0.00218901
0.0023357
0.00249087
0.00267117
0.0028655
0.00304167
0.00321243
0.00338564
0.00356136
0.00373856
0.00391496
0.00408274
0.00423415
0.00435747
0.00442885
0.00441254
0.00425452
0.00386277
1.17367e-05
0.000435448
0.000284916
0.000420057
0.00032791
0.000502759
0.000466803
0.000578014
0.000633576
0.000699377
0.000778161
0.00088278
0.000947501
0.00105181
0.00115755
0.00126088
0.00135866
0.00147202
0.00162323
0.00175063
0.00185686
0.00201395
0.00217719
0.00232109
0.00247264
0.0026479
0.00283493
0.00300062
0.00315635
0.00331408
0.00347694
0.00364193
0.00380399
0.00395309
0.00407942
0.00417154
0.00420917
0.00416247
0.00398426
0.0035902
1.64228e-05
0.000429668
0.000288752
0.00041493
0.000333065
0.000494879
0.000470773
0.00057138
0.000637888
0.000693456
0.000778159
0.000877277
0.000945776
0.00104828
0.00115424
0.00125636
0.00135396
0.00146572
0.00161539
0.00174201
0.00184571
0.00199992
0.00216139
0.0023012
0.00244787
0.00261555
0.00279234
0.00294379
0.00308199
0.00322726
0.00338232
0.0035372
0.00368442
0.00381517
0.00392086
0.00399131
0.00400823
0.00394348
0.00375031
0.00334181
2.1111e-05
0.000423551
0.000292307
0.000410554
0.000337472
0.000488003
0.000473607
0.000565
0.000637272
0.000688717
0.000776359
0.000874117
0.000942679
0.00104432
0.00114979
0.00125081
0.00134833
0.0014584
0.00160654
0.001732
0.00183184
0.00198303
0.00214148
0.00227508
0.00241461
0.00257218
0.00273476
0.0028706
0.00299715
0.00313428
0.00328058
0.00342405
0.00355647
0.00367121
0.00376167
0.00381987
0.0038289
0.00376032
0.0035657
0.00315452
2.71551e-05
0.000415047
0.000297589
0.000403837
0.000344001
0.000478083
0.000478471
0.00055714
0.000638021
0.000684402
0.000772215
0.0008711
0.000938373
0.00103891
0.00114467
0.00124339
0.00134122
0.0014491
0.00159368
0.00171939
0.00181466
0.0019605
0.00211562
0.00224107
0.00236976
0.00251448
0.00266178
0.00278622
0.00290448
0.0030332
0.00316867
0.00329985
0.00341896
0.00352192
0.00360231
0.00365378
0.00366043
0.00359629
0.00341472
0.00302819
3.34723e-05
0.000405657
0.000302686
0.000397728
0.000349619
0.000468732
0.000481292
0.000549827
0.000637365
0.000680804
0.000767062
0.000867481
0.00093348
0.00103229
0.00113864
0.0012345
0.00133249
0.0014383
0.00157824
0.00170378
0.00179462
0.00193201
0.00208345
0.00219778
0.00231055
0.00244251
0.00257907
0.00269515
0.00280309
0.00291848
0.00303917
0.00315789
0.00327038
0.00337605
0.00346998
0.00354436
0.00358077
0.00354629
0.00337684
0.00294939
4.1246e-05
0.000393619
0.000309319
0.0003896
0.000357269
0.000457206
0.000485806
0.000541187
0.000634715
0.00067791
0.000760587
0.000862826
0.000927962
0.00102398
0.00113195
0.00122357
0.00132064
0.0014255
0.00155968
0.00168237
0.00176983
0.00189528
0.00203814
0.00214243
0.00224151
0.00236454
0.00249335
0.0025997
0.0026934
0.00278878
0.00288311
0.00296791
0.00304285
0.00311789
0.00319865
0.00327764
0.00335168
0.00344518
0.00362758
0.00403932
4.9558e-05
0.000380152
0.000315917
0.000382023
0.000363119
0.000446293
0.000487285
0.000536646
0.00062978
0.000674154
0.000753215
0.000857138
0.000921698
0.00101372
0.00112312
0.00121174
0.00130549
0.00140975
0.00153781
0.00165537
0.00173842
0.00184919
0.00197977
0.00207962
0.00216916
0.00228109
0.00240054
0.00249664
0.00257604
0.00265687
0.00274338
0.00283135
0.00292155
0.00301557
0.00310719
0.00319297
0.00328044
0.00339477
0.00358741
0.00395963
5.93877e-05
0.000363875
0.000322996
0.000374063
0.000370111
0.000436722
0.000483637
0.000532652
0.000622471
0.000670396
0.000744695
0.000849829
0.000915551
0.0010017
0.00111161
0.00119859
0.00128642
0.00138929
0.00151153
0.00162017
0.00169619
0.00179454
0.00191313
0.00201093
0.00209257
0.00219081
0.00229949
0.00238818
0.00246013
0.00253712
0.00263182
0.00273282
0.00282317
0.00289827
0.00296464
0.00303386
0.00312191
0.00325527
0.00348199
0.00389761
6.98864e-05
0.000346167
0.000329858
0.00036638
0.000372297
0.000431072
0.000479188
0.00052727
0.000615748
0.000666143
0.000735013
0.000840307
0.00090814
0.000987962
0.00109664
0.00118306
0.00126433
0.00136259
0.00147918
0.00157765
0.00164525
0.00173588
0.00184248
0.00193535
0.00201055
0.00209345
0.00219352
0.0022859
0.00236773
0.00244965
0.00253921
0.00262579
0.00269863
0.00275851
0.00281599
0.00288512
0.0029819
0.00312907
0.00336871
0.00378742
8.18425e-05
0.000325394
0.000334898
0.000363066
0.000372034
0.000425489
0.0004738
0.000520075
0.000606759
0.000660807
0.000724729
0.000828224
0.000899047
0.000972737
0.00107786
0.00116429
0.00123844
0.0013283
0.00143903
0.00152954
0.00158723
0.00167168
0.00176856
0.00185424
0.00192815
0.00200432
0.00209857
0.00218933
0.00226965
0.00234452
0.00242172
0.00249618
0.00256039
0.0026157
0.00267154
0.00274104
0.00283879
0.00298671
0.00322539
0.0036413
9.43335e-05
0.000305852
0.000336541
0.000359222
0.000369106
0.000419839
0.000469846
0.000512933
0.000595292
0.000654294
0.000713942
0.000813228
0.000887514
0.000955674
0.00105467
0.00114072
0.00120864
0.00128767
0.00139102
0.00147784
0.00152575
0.00160088
0.00169148
0.00176924
0.00184134
0.00191496
0.00200494
0.00209275
0.00216799
0.00223438
0.00229938
0.00236254
0.00241895
0.00247035
0.00252463
0.00259343
0.00269009
0.00283618
0.00307285
0.0034877
0.000107708
0.00028611
0.000332503
0.000356733
0.000368182
0.000412916
0.000464619
0.000505929
0.000581376
0.000644482
0.000702091
0.000795854
0.000872765
0.000936545
0.00102666
0.00111101
0.00117502
0.0012422
0.00133556
0.00142105
0.00146125
0.00152328
0.00160967
0.00168185
0.00175194
0.00182642
0.0019128
0.0019928
0.00205815
0.00211523
0.00217076
0.00222553
0.00227526
0.0023223
0.00237391
0.00244127
0.00253701
0.00268223
0.00291772
0.00333121
0.000121297
0.000267987
0.000324506
0.000353137
0.000366273
0.00040542
0.000457595
0.000499458
0.000567177
0.000631534
0.000688138
0.000775649
0.000853791
0.000914638
0.000994733
0.00107432
0.00113653
0.0011944
0.00127393
0.00135707
0.0013947
0.00144205
0.00152355
0.00159487
0.00166137
0.00173359
0.00181414
0.00188618
0.00194096
0.00198831
0.00203589
0.00208467
0.00212986
0.00217327
0.0022218
0.00228684
0.00238128
0.00252605
0.00276146
0.0031748
0.000134923
0.000250756
0.000311856
0.000347681
0.000364923
0.000399062
0.000448359
0.000491395
0.000553081
0.000615992
0.000671014
0.000752103
0.000830398
0.000889156
0.00095932
0.00103144
0.00109187
0.00114348
0.00120775
0.00128528
0.00132482
0.00135923
0.00143126
0.00150383
0.00156845
0.00163519
0.00170782
0.00177332
0.00182031
0.00185813
0.00189694
0.00194014
0.00198277
0.00202433
0.00207041
0.00213254
0.00222467
0.00236817
0.0026031
0.00301623
0.000147961
0.000236085
0.000295289
0.000339303
0.000361977
0.000393009
0.000438239
0.000481284
0.000537821
0.000598358
0.000651238
0.000724778
0.000801579
0.000858824
0.000920263
0.000984088
0.00104057
0.00108841
0.00113946
0.00120661
0.00124903
0.00127548
0.00133481
0.00140681
0.00147149
0.00153265
0.00159612
0.00165478
0.00169616
0.00172631
0.00175657
0.00179346
0.00183366
0.00187455
0.0019194
0.00197886
0.00206816
0.0022098
0.00244428
0.00285778
0.000157909
0.000224223
0.000279115
0.000326754
0.000355996
0.000386321
0.000427786
0.00046939
0.000520893
0.000578192
0.00062874
0.000693816
0.000766941
0.000823256
0.00087705
0.000932339
0.000983625
0.00102828
0.00106903
0.00112264
0.00116528
0.00118949
0.00123616
0.00130344
0.00136865
0.00142663
0.0014815
0.00153185
0.00156805
0.00159262
0.00161578
0.00164593
0.00168264
0.00172277
0.00176753
0.0018257
0.00191273
0.00205227
0.0022858
0.00269938
0.000165086
0.000216029
0.00026256
0.000309146
0.000346116
0.000378202
0.000416882
0.000456286
0.000502194
0.000554745
0.000602996
0.000659924
0.000726094
0.000781452
0.000829381
0.000875866
0.000921134
0.000962644
0.000996239
0.00103592
0.00107422
0.00109897
0.00113662
0.00119634
0.00126016
0.00131622
0.00136417
0.00140604
0.0014368
0.00145702
0.00147471
0.00149851
0.00153081
0.00156954
0.00161475
0.00167297
0.00175881
0.00189647
0.00212863
0.00254183
0.000169294
0.000207734
0.000247289
0.00029101
0.000331601
0.000366449
0.000403817
0.000441697
0.000482506
0.000528373
0.000572881
0.000622779
0.000680568
0.000732936
0.000777079
0.000815187
0.000852861
0.000890794
0.000920437
0.000948182
0.000977497
0.00100203
0.00103497
0.00108728
0.00114737
0.0012011
0.00124404
0.00127834
0.00130322
0.0013194
0.00133292
0.00135155
0.00137942
0.00141611
0.00146141
0.00152022
0.0016058
0.00174223
0.001973
0.00238548
0.000170529
0.000199564
0.00023329
0.000272573
0.000312353
0.000349782
0.000387463
0.00042476
0.000461718
0.000500043
0.000538149
0.000581742
0.000631156
0.000677529
0.000718901
0.000750927
0.000779359
0.000812415
0.000840289
0.000860046
0.000878754
0.000899389
0.000929356
0.000976221
0.00103169
0.00108221
0.001121
0.00114905
0.0011682
0.00118044
0.00119074
0.00120549
0.00122936
0.00126339
0.00130803
0.0013674
0.00145341
0.00158948
0.00181933
0.0022311
0.000168619
0.000190586
0.000218756
0.000254051
0.00029145
0.000328396
0.000366364
0.00040381
0.000438479
0.000470198
0.000500038
0.000535963
0.000578201
0.000616791
0.000653552
0.000682349
0.000702404
0.000728083
0.000754414
0.000770621
0.000780196
0.000793537
0.000819506
0.000862099
0.000913334
0.000960231
0.000995336
0.00101843
0.00103255
0.00104102
0.00104855
0.00106045
0.00108109
0.00111241
0.00115578
0.00121525
0.00130185
0.00143817
0.00166769
0.00207901
0.000163366
0.000180585
0.000203801
0.00023498
0.000269385
0.000303288
0.00033981
0.000377604
0.000411111
0.000438173
0.000459834
0.000486374
0.000521406
0.000552129
0.000581358
0.000607687
0.00062258
0.000640064
0.000662882
0.000677594
0.00068201
0.000687748
0.000707205
0.000744385
0.00079162
0.000835584
0.000867726
0.0008868
0.000896501
0.000901462
0.000906621
0.000916461
0.000934689
0.000963608
0.00100538
0.00106449
0.00115158
0.00128849
0.00151822
0.00192947
0.000154995
0.00016859
0.000187781
0.000214508
0.000245522
0.000276045
0.000309018
0.000345329
0.000377893
0.000401866
0.000417544
0.000434461
0.00046088
0.000484387
0.000504125
0.000525851
0.000538679
0.000550111
0.000567711
0.000580723
0.000583141
0.000582977
0.000594655
0.000624698
0.000667119
0.000708415
0.000738381
0.000754537
0.000760661
0.000762428
0.000765195
0.000773174
0.000789531
0.000816589
0.000856925
0.000915433
0.00100268
0.00114008
0.00137021
0.00178169
0.000143553
0.000154297
0.000170209
0.000192644
0.000219492
0.000246646
0.000275502
0.000307817
0.000337863
0.000359408
0.000371587
0.00038104
0.000397816
0.000413887
0.000424258
0.000437931
0.000448936
0.000457608
0.000470509
0.000481308
0.000483506
0.000480139
0.000484148
0.000505163
0.000541052
0.000579497
0.000608324
0.000623012
0.000626718
0.000625855
0.00062642
0.000632709
0.000647532
0.000673109
0.000712239
0.000770186
0.000857598
0.000995666
0.00122657
0.00163875
0.000128644
0.000137161
0.000150187
0.000168516
0.000191054
0.000214771
0.000239687
0.000266581
0.000291764
0.000310094
0.000320235
0.000325433
0.000333498
0.000341484
0.000342892
0.000346257
0.00035295
0.000359999
0.000369376
0.000377709
0.000379888
0.000375215
0.000372943
0.000384119
0.000411129
0.000444914
0.000472627
0.000487338
0.000490362
0.000487847
0.000486232
0.000490327
0.000503151
0.000527037
0.000564879
0.000622063
0.000709251
0.000847541
0.00107893
0.00149175
0.000111187
0.000117391
0.000127456
0.000141685
0.000159932
0.00017998
0.000200643
0.000221855
0.000241156
0.000255033
0.000262654
0.000265898
0.000268745
0.000270584
0.000266166
0.000260594
0.000260835
0.000266133
0.000274303
0.000281735
0.000283873
0.000278485
0.000271578
0.000273522
0.000289854
0.000316059
0.00034121
0.00035682
0.000361363
0.000359129
0.000356202
0.000357943
0.000368163
0.00038976
0.000425891
0.000481965
0.000568508
0.000706352
0.000937234
0.00134933
8.91155e-05
9.38683e-05
0.000101501
0.000112624
0.000127261
0.000142608
0.00015773
0.000173443
0.000187684
0.000196543
0.000199211
0.000197473
0.000194244
0.000189785
0.000178516
0.000162415
0.000151822
0.000150491
0.000156811
0.000166055
0.000171079
0.000167603
0.000159008
0.000154224
0.000160153
0.000176563
0.000196426
0.000211768
0.000218753
0.000219089
0.000217694
0.000220144
0.000230974
0.000253663
0.000291642
0.000350282
0.000439927
0.000581167
0.000815525
0.00123107
6.68423e-05
6.58953e-05
7.01046e-05
7.91789e-05
9.15816e-05
0.000102292
0.000110757
0.000120967
0.00013212
0.000139062
0.000139946
0.000137555
0.000134842
0.000131958
0.000123455
0.000107106
9.02193e-05
7.96858e-05
7.74213e-05
7.96708e-05
7.99077e-05
7.4103e-05
6.30517e-05
5.28834e-05
5.01376e-05
5.69127e-05
6.90286e-05
7.91025e-05
8.16181e-05
7.58156e-05
6.53788e-05
5.59598e-05
5.31675e-05
6.17498e-05
8.63065e-05
0.000133022
0.000212769
0.000346381
0.000575577
0.00098874
3.53717e-05
3.72521e-05
3.98218e-05
4.44344e-05
5.13394e-05
5.65081e-05
5.94405e-05
6.39806e-05
6.91735e-05
6.89468e-05
6.10014e-05
4.88952e-05
3.63633e-05
2.40502e-05
8.97041e-06
-1.27763e-05
-3.78164e-05
-5.61742e-05
-6.138e-05
-5.42979e-05
-4.21793e-05
-3.53901e-05
-3.86167e-05
-4.85116e-05
-5.78877e-05
-6.12463e-05
-5.76188e-05
-4.97214e-05
-4.12047e-05
-3.39833e-05
-2.74073e-05
-1.88501e-05
-4.73422e-06
1.89458e-05
5.69113e-05
0.000115878
0.000207166
0.000351785
0.000591244
0.00101339
-1.97052e-06
4.92858e-06
7.81115e-06
7.69104e-06
7.98855e-06
8.33034e-06
8.54594e-06
1.08739e-05
1.53154e-05
1.73773e-05
1.36742e-05
6.7168e-06
1.17047e-06
-2.21349e-06
-6.12224e-06
-1.50898e-05
-3.07275e-05
-4.71134e-05
-5.78809e-05
-6.29189e-05
-6.65533e-05
-7.47106e-05
-9.09972e-05
-0.000114227
-0.000139652
-0.000162647
-0.000182038
-0.000199671
-0.00021876
-0.00024194
-0.000270817
-0.000306094
-0.000348461
-0.000399425
-0.000462429
-0.000544118
-0.000656684
-0.00082238
-0.00108395
-0.00153015
-3.41413e-05
-3.39384e-05
-3.55056e-05
-3.89215e-05
-4.18812e-05
-4.47469e-05
-5.0595e-05
-5.88521e-05
-6.66472e-05
-7.52835e-05
-8.89297e-05
-0.000108615
-0.00013127
-0.000152871
-0.000172591
-0.000192928
-0.000213818
-0.000233065
-0.000246929
-0.000249746
-0.000242715
-0.000233943
-0.000230614
-0.000234582
-0.000242916
-0.000251325
-0.000256154
-0.000255693
-0.000250048
-0.000240434
-0.000227852
-0.000212142
-0.000191628
-0.000163179
-0.000122084
-6.11624e-05
3.14992e-05
0.0001774
0.000418285
0.000841927
-7.45102e-05
-7.4902e-05
-7.72478e-05
-8.14485e-05
-8.54844e-05
-8.92802e-05
-9.52928e-05
-0.000102735
-0.000107674
-0.000109432
-0.000112117
-0.000119153
-0.000129626
-0.000140227
-0.00014972
-0.000160772
-0.000175896
-0.000195469
-0.000217753
-0.000239158
-0.000258391
-0.000277189
-0.000298301
-0.000323638
-0.000353289
-0.000386015
-0.000420103
-0.000454514
-0.000489246
-0.000525197
-0.000563673
-0.000606097
-0.000654064
-0.000709808
-0.000777043
-0.000862318
-0.000977376
-0.00114388
-0.00140384
-0.0018453
-0.000118099
-0.000121269
-0.000127884
-0.000137481
-0.00014887
-0.000161302
-0.000175618
-0.000192188
-0.000209959
-0.000228376
-0.000248551
-0.000271515
-0.000296131
-0.000320076
-0.000341653
-0.000359884
-0.000374788
-0.000386457
-0.000394435
-0.000398708
-0.000399967
-0.000399796
-0.00039995
-0.000401402
-0.000404023
-0.000406768
-0.000408231
-0.000407144
-0.000402779
-0.000394842
-0.000383145
-0.00036713
-0.0003455
-0.000315831
-0.000274011
-0.000213129
-0.000121234
2.33675e-05
0.000262628
0.000684474
-0.000160208
-0.00016351
-0.000169803
-0.000177947
-0.000187873
-0.000198429
-0.000207985
-0.00021713
-0.00022739
-0.000238177
-0.000247472
-0.000254761
-0.000262708
-0.000274536
-0.000289933
-0.000307917
-0.000327651
-0.000347181
-0.000368241
-0.000392441
-0.000418186
-0.000444538
-0.000471529
-0.000499873
-0.000529676
-0.000560997
-0.000594034
-0.00062879
-0.000665035
-0.000702553
-0.000741707
-0.000783563
-0.000829955
-0.000883537
-0.000948386
-0.00103121
-0.00114378
-0.0013077
-0.00156493
-0.00200346
-0.000215308
-0.00022156
-0.000233139
-0.000249073
-0.000268423
-0.000289558
-0.000311766
-0.000335509
-0.000360343
-0.000384455
-0.000406681
-0.000427826
-0.000448507
-0.000467778
-0.000484596
-0.000497059
-0.000504752
-0.000510496
-0.000514831
-0.000517421
-0.00051922
-0.000520302
-0.000520425
-0.000519468
-0.000518078
-0.000516522
-0.000514231
-0.000510324
-0.000504161
-0.00049543
-0.000483674
-0.000467997
-0.000446802
-0.000417577
-0.000376254
-0.000316042
-0.000225067
-8.1656e-05
0.000156169
0.000576375
-0.000249946
-0.00025318
-0.000262446
-0.000276104
-0.000292937
-0.00031193
-0.000330458
-0.000347156
-0.000362086
-0.000375623
-0.000386589
-0.000394511
-0.000401438
-0.000410376
-0.0004224
-0.000437586
-0.000453859
-0.000469896
-0.000487446
-0.000506674
-0.000526741
-0.000547346
-0.000568274
-0.000589534
-0.000611187
-0.000633748
-0.0006578
-0.000683714
-0.000711548
-0.00074139
-0.000773744
-0.000809638
-0.000850716
-0.000899476
-0.000959942
-0.00103889
-0.0011482
-0.00130958
-0.00156505
-0.00200267
-0.000318292
-0.000325506
-0.00034158
-0.000364894
-0.000393997
-0.000426307
-0.000458374
-0.000489734
-0.000520024
-0.000546917
-0.000567381
-0.000582267
-0.000594449
-0.000605209
-0.000613989
-0.000618143
-0.000616719
-0.000612813
-0.000607456
-0.000600532
-0.000592926
-0.000584178
-0.000573856
-0.000562117
-0.000549966
-0.000537985
-0.000525938
-0.000513233
-0.000499358
-0.000483978
-0.000466573
-0.000446214
-0.000421308
-0.000389328
-0.000346195
-0.000285114
-0.000194239
-5.19692e-05
0.000183532
0.000599985
0.00533234
0.00541646
0.0057302
0.00595651
0.00601044
0.00589046
0.00564674
0.00534544
0.00503941
0.00476037
0.00452262
0.00432959
0.00417604
0.00405202
0.00394629
0.00384905
0.00375288
0.00365338
0.00354866
0.0034392
0.0033271
0.00321429
0.00310287
0.00299304
0.00288583
0.00277911
0.00267427
0.00256843
0.00246249
0.00235515
0.00224668
0.00213622
0.0020241
0.0019112
0.0017961
0.0016832
0.00156565
0.00145329
0.00134259
0.00122341
0.00110354
0.000979775
0.000851557
0.000742862
0.000632441
0.000485884
0.000288946
4.06383e-05
-0.000320622
-0.000839579
-0.00135508
-0.00182455
-0.00215834
-0.00220519
-0.00229135
-0.00283765
-0.00391983
-0.00499863
-0.00568697
-0.00632415
-0.006921
-0.00711658
-0.00699163
-0.00672588
-0.00629009
-0.00580596
-0.00539359
-0.00508939
-0.00487845
-0.00473139
-0.00467684
-0.00467081
-0.00467552
-0.00471722
-0.00474038
-0.00472571
-0.00471919
-0.00467932
-0.00460147
-0.00455963
-0.0045436
-0.00449159
-0.004414
-0.00434073
-0.0042841
-0.004238
-0.00420573
-0.00418167
-0.00416461
-0.00415559
-0.00415012
-0.00415281
-0.00415396
-0.00416022
-0.00416469
-0.00416848
-0.00417459
-0.00417142
-0.00417571
-0.00416407
0.00417928
0.00426009
0.00472438
0.00518403
0.00547292
0.0055507
0.00543963
0.00520872
0.0049323
0.00466359
0.00442987
0.00424047
0.00409301
0.00397757
0.00388151
0.00379375
0.00370602
0.00361338
0.00351368
0.00340716
0.00329624
0.00318365
0.00307258
0.00296378
0.0028582
0.00275294
0.00264942
0.00254423
0.00243897
0.00233228
0.00222481
0.00211528
0.00200384
0.00189143
0.00177691
0.00166496
0.00154726
0.00143478
0.00132382
0.00120413
0.00108439
0.000960832
0.000832425
0.000722356
0.000608913
0.00046065
0.000260548
1.46261e-05
-0.000340097
-0.000853749
-0.00135761
-0.00182021
-0.00215837
-0.00221109
-0.00229242
-0.0028409
-0.00391818
-0.00498728
-0.00565903
-0.00629232
-0.00689422
-0.00708426
-0.00695569
-0.00669793
-0.00627188
-0.00579459
-0.00538497
-0.00508187
-0.00487225
-0.00472571
-0.0046721
-0.00466685
-0.00467153
-0.00471396
-0.00473789
-0.00472341
-0.00471754
-0.00467838
-0.00460083
-0.00455924
-0.00454352
-0.00449167
-0.00441421
-0.00434111
-0.00428455
-0.00423831
-0.00420585
-0.00418169
-0.00416458
-0.00415556
-0.00415006
-0.00415274
-0.00415389
-0.00416017
-0.00416467
-0.00416848
-0.00417459
-0.00417142
-0.0041757
-0.00416403
0.00398996
0.00410078
0.0046052
0.00510735
0.00543448
0.00554242
0.00544991
0.00522524
0.00494573
0.00466898
0.00442596
0.00422818
0.00407447
0.0039554
0.00385772
0.00376967
0.00368226
0.00359018
0.00349086
0.00338416
0.00327194
0.00315723
0.00304373
0.00293351
0.0028271
0.00272228
0.00261898
0.00251435
0.00240951
0.00230327
0.00219663
0.00208808
0.00197747
0.00186585
0.00175271
0.00164057
0.00152447
0.00141016
0.00129677
0.00117672
0.00105663
0.000932423
0.000801522
0.000683619
0.000556767
0.000402052
0.000197111
-5.38439e-05
-0.000393773
-0.000876479
-0.00135089
-0.00178212
-0.00212844
-0.00223824
-0.00236445
-0.00288926
-0.00390229
-0.00491789
-0.00556712
-0.00617732
-0.00675681
-0.00696332
-0.00687159
-0.00664293
-0.00623716
-0.00577637
-0.00538086
-0.00508533
-0.00487793
-0.00473151
-0.00467594
-0.00466865
-0.00467194
-0.00471277
-0.0047358
-0.00472119
-0.00471512
-0.00467612
-0.00459904
-0.00455765
-0.00454199
-0.00449042
-0.00441338
-0.00434054
-0.00428412
-0.00423816
-0.00420594
-0.00418185
-0.00416473
-0.00415568
-0.00415018
-0.00415289
-0.00415401
-0.00416026
-0.00416471
-0.00416849
-0.0041746
-0.00417146
-0.00417576
-0.00416403
0.00349596
0.00358658
0.00408454
0.00460289
0.00496604
0.00512541
0.00509136
0.00492226
0.00468926
0.00444854
0.00423259
0.00405498
0.00391692
0.00381114
0.00372578
0.00364953
0.00357338
0.00349199
0.00340259
0.00330471
0.00319962
0.00309018
0.00298023
0.00287248
0.00276856
0.00266652
0.00256664
0.00246542
0.00236356
0.0022598
0.00215506
0.0020483
0.00193931
0.0018295
0.00171762
0.00160673
0.00149109
0.00137543
0.001262
0.00114181
0.00102106
0.000896584
0.000763352
0.000638972
0.000502858
0.00034597
0.000138985
-0.000113913
-0.000434245
-0.000890964
-0.00133954
-0.00174852
-0.00211074
-0.00227387
-0.00242337
-0.00291773
-0.00387205
-0.0048437
-0.00546862
-0.00605533
-0.00662955
-0.00684379
-0.00676772
-0.00656007
-0.0061823
-0.00574772
-0.00536611
-0.00507563
-0.00487113
-0.00472581
-0.00466977
-0.00466204
-0.00466386
-0.00470355
-0.00472699
-0.00471267
-0.00470673
-0.00466918
-0.00459415
-0.00455377
-0.00453826
-0.00448723
-0.00441147
-0.00433986
-0.00428427
-0.00423845
-0.00420615
-0.00418202
-0.00416487
-0.00415576
-0.00415016
-0.00415277
-0.00415388
-0.00416017
-0.00416468
-0.0041685
-0.00417461
-0.00417152
-0.00417586
-0.00416403
0.00323796
0.00334402
0.00386406
0.00440811
0.00479837
0.00498483
0.00497579
0.00482754
0.00461013
0.00438007
0.00417092
0.00399748
0.00386202
0.00375847
0.00367548
0.00360207
0.00352904
0.0034508
0.00336437
0.00326892
0.00316562
0.00305746
0.002948
0.00284018
0.00273568
0.00263359
0.00253437
0.0024345
0.00233447
0.00223196
0.00212817
0.00202162
0.00191294
0.00180336
0.00169294
0.001582
0.00146641
0.00134977
0.00123422
0.00111327
0.000991072
0.000865799
0.000729328
0.000599709
0.000455405
0.000291525
8.30403e-05
-0.000171524
-0.000478015
-0.000909416
-0.0013373
-0.00172745
-0.00209407
-0.00229859
-0.00247678
-0.00294906
-0.00384567
-0.0047655
-0.00536242
-0.00592342
-0.00647385
-0.00669386
-0.00664806
-0.00647277
-0.00612533
-0.00571457
-0.0053486
-0.00506774
-0.00486931
-0.00472662
-0.00466902
-0.00465931
-0.00465933
-0.00469671
-0.00471952
-0.00470519
-0.00469859
-0.00466184
-0.00458874
-0.00454906
-0.00453346
-0.00448304
-0.00440856
-0.00433818
-0.00428336
-0.00423809
-0.00420614
-0.00418219
-0.00416512
-0.00415607
-0.0041505
-0.00415312
-0.00415416
-0.00416034
-0.00416475
-0.00416854
-0.00417463
-0.00417159
-0.00417599
-0.00416405
0.00297739
0.00307665
0.00359303
0.00413713
0.00453084
0.00472395
0.00472426
0.00458745
0.00438295
0.00416683
0.00397202
0.00381303
0.00369171
0.00360147
0.00353062
0.00346791
0.00340424
0.00333394
0.00325434
0.00316492
0.00306755
0.00296538
0.00286191
0.00275936
0.00265942
0.00256076
0.00246482
0.00236835
0.0022719
0.0021729
0.00207186
0.00196761
0.00186033
0.00175224
0.00164378
0.00153498
0.00142097
0.00130382
0.00118776
0.00106801
0.000944859
0.000819542
0.000681293
0.000547248
0.000396166
0.000227843
2.18443e-05
-0.000234592
-0.000528123
-0.000931083
-0.00134163
-0.00171178
-0.00207501
-0.002319
-0.00252793
-0.00297871
-0.00381407
-0.00468169
-0.00525337
-0.00578712
-0.00632106
-0.00655327
-0.0065273
-0.00637927
-0.00606187
-0.00567842
-0.00533152
-0.00505856
-0.00486373
-0.00472194
-0.004663
-0.00465224
-0.00465037
-0.00468556
-0.00470832
-0.00469426
-0.00468729
-0.0046519
-0.00458139
-0.00454298
-0.00452746
-0.00447775
-0.00440495
-0.00433638
-0.00428274
-0.00423792
-0.00420618
-0.00418235
-0.00416534
-0.00415623
-0.0041505
-0.00415296
-0.00415399
-0.00416022
-0.00416472
-0.00416856
-0.00417466
-0.00417167
-0.00417613
-0.00416407
0.00278546
0.00288312
0.00339631
0.00393296
0.00431686
0.00449995
0.00449282
0.00435413
0.00415468
0.00395029
0.00377281
0.00363491
0.00353625
0.00346747
0.00341486
0.00336603
0.00331208
0.0032482
0.00317292
0.00308741
0.00299463
0.00289798
0.00280027
0.00270321
0.00260838
0.0025137
0.00242089
0.0023269
0.00223285
0.00213589
0.00203673
0.00193427
0.00182861
0.00172108
0.0016132
0.00150567
0.00139262
0.00127537
0.00115724
0.00103674
0.000911861
0.000785306
0.000644424
0.000504915
0.000348482
0.000174668
-3.12904e-05
-0.000287841
-0.0005711
-0.000948605
-0.0013424
-0.00169685
-0.00205659
-0.0023362
-0.00257443
-0.00300103
-0.00377634
-0.00459522
-0.00514127
-0.005649
-0.00616504
-0.00640025
-0.00639546
-0.00627896
-0.00599456
-0.00563764
-0.00530729
-0.00504442
-0.00485589
-0.00471726
-0.00465767
-0.00464583
-0.00464264
-0.00467575
-0.00469831
-0.00468459
-0.00467701
-0.00464272
-0.00457463
-0.00453715
-0.00452153
-0.00447258
-0.00440145
-0.00433437
-0.00428171
-0.00423751
-0.00420601
-0.00418235
-0.00416554
-0.00415656
-0.00415096
-0.00415345
-0.00415437
-0.00416046
-0.00416481
-0.0041686
-0.00417469
-0.00417175
-0.00417627
-0.00416411
0.00268245
0.00280068
0.00332813
0.00385773
0.00421572
0.00435898
0.00430909
0.00413833
0.0039248
0.00372322
0.0035598
0.00344211
0.00336474
0.00331396
0.00327424
0.00323321
0.00318365
0.00312256
0.00305012
0.00296867
0.00288153
0.00279133
0.00270033
0.00260915
0.00251994
0.00243045
0.00234179
0.00225149
0.00215993
0.00206534
0.00196809
0.00186818
0.00176525
0.00165985
0.00155266
0.00144631
0.00133557
0.00122011
0.00110106
0.000980737
0.000855471
0.000728514
0.000587472
0.000444004
0.000285056
0.000106993
-9.59348e-05
-0.000348493
-0.000623806
-0.000975303
-0.00135242
-0.00169491
-0.00204585
-0.00235062
-0.0026134
-0.00301735
-0.0037366
-0.00450782
-0.00503003
-0.00551096
-0.00600643
-0.00624792
-0.00626468
-0.00617581
-0.00592243
-0.00559347
-0.00528405
-0.00503228
-0.00484872
-0.00471222
-0.00465153
-0.00463863
-0.00463381
-0.00466444
-0.00468643
-0.00467292
-0.00466479
-0.00463169
-0.00456626
-0.0045301
-0.0045146
-0.00446647
-0.00439715
-0.00433201
-0.00428065
-0.00423707
-0.00420597
-0.0041826
-0.00416577
-0.00415673
-0.0041509
-0.0041532
-0.00415412
-0.00416028
-0.00416477
-0.00416864
-0.00417472
-0.00417183
-0.00417642
-0.00416415
0.00252745
0.00258217
0.00303479
0.00349823
0.00381378
0.00394672
0.00391966
0.00379485
0.00363622
0.00348704
0.0033672
0.003281
0.00322176
0.00317741
0.00313674
0.00309245
0.00304109
0.00298172
0.00291523
0.00284318
0.00276743
0.00268879
0.00260876
0.00252668
0.00244479
0.00236131
0.00227721
0.00219069
0.00210202
0.00201043
0.00191613
0.0018196
0.00171988
0.00161767
0.00151163
0.00140613
0.00129698
0.00118343
0.00106461
0.000943004
0.000816338
0.000687904
0.000546333
0.000398477
0.000236277
5.43195e-05
-0.000147786
-0.000396395
-0.000666389
-0.000995681
-0.00135687
-0.00169099
-0.00203195
-0.00235485
-0.00264385
-0.00302986
-0.00369321
-0.00441692
-0.00491473
-0.00536813
-0.00584404
-0.00608949
-0.00612271
-0.00606135
-0.00584322
-0.00554336
-0.00525316
-0.00501293
-0.00483669
-0.00470406
-0.00464293
-0.00462917
-0.00462327
-0.0046517
-0.00467366
-0.00466078
-0.00465215
-0.0046204
-0.0045579
-0.00452301
-0.00450753
-0.00446034
-0.00439296
-0.00432961
-0.00427942
-0.00423653
-0.0042057
-0.00418239
-0.0041659
-0.00415704
-0.00415143
-0.00415381
-0.00415461
-0.00416059
-0.00416489
-0.00416868
-0.00417476
-0.00417191
-0.00417658
-0.0041642
0.00443416
0.00435492
0.00386953
0.00336717
0.00300751
0.00282545
0.0027991
0.0028672
0.0029658
0.00305119
0.00310255
0.0031146
0.00309266
0.00304756
0.00299
0.00292751
0.00286469
0.00280334
0.00274351
0.00268364
0.00262248
0.00255842
0.00249159
0.00242073
0.00234708
0.00226979
0.0021895
0.00210587
0.00201928
0.00193031
0.00183894
0.00174549
0.00164822
0.00154858
0.00144433
0.00133957
0.00123152
0.00111951
0.00100197
0.000879952
0.000752824
0.000622895
0.000482368
0.000332514
0.000169141
-1.39366e-05
-0.000214729
-0.000455317
-0.000718992
-0.00102791
-0.00137069
-0.00169792
-0.00202636
-0.00235865
-0.00266974
-0.00303753
-0.00364529
-0.00432398
-0.00480023
-0.00522838
-0.00568321
-0.00593195
-0.00598368
-0.00594894
-0.00576247
-0.0054908
-0.00522212
-0.00499517
-0.0048259
-0.00469644
-0.00463463
-0.00462015
-0.0046131
-0.00463913
-0.00466064
-0.00464823
-0.00463907
-0.00460846
-0.00454873
-0.0045152
-0.00449985
-0.00445361
-0.00438817
-0.00432685
-0.00427803
-0.00423589
-0.00420549
-0.00418275
-0.00416621
-0.00415724
-0.00415132
-0.00415345
-0.00415426
-0.00416037
-0.00416484
-0.00416873
-0.00417481
-0.00417199
-0.00417674
-0.00416426
0.00428071
0.00413828
0.00357689
0.00300712
0.00260408
0.00241097
0.00240667
0.00251995
0.00267275
0.00280984
0.00290367
0.00294577
0.00294007
0.00289914
0.0028383
0.0027704
0.00270386
0.00264244
0.00258675
0.00253459
0.00248342
0.00243023
0.00237391
0.0023129
0.00224724
0.00217657
0.00210114
0.00202173
0.00193876
0.00185383
0.00176632
0.00167699
0.00158326
0.00148697
0.00138637
0.00128367
0.00117797
0.0010675
0.000952323
0.000831307
0.000704223
0.000572625
0.000432357
0.000281534
0.000116535
-6.70315e-05
-0.000268049
-0.000501477
-0.000759663
-0.00105381
-0.00137887
-0.00170091
-0.00201968
-0.00235411
-0.00268416
-0.0030389
-0.00359437
-0.0042289
-0.00468357
-0.00508466
-0.00551702
-0.00576814
-0.00583383
-0.00582156
-0.00566994
-0.00543
-0.00518351
-0.00497018
-0.00480933
-0.00468452
-0.00462261
-0.00460766
-0.00460009
-0.00462396
-0.00464531
-0.00463385
-0.00462426
-0.00459498
-0.00453846
-0.00450648
-0.00449134
-0.00444624
-0.00438299
-0.00432374
-0.00427635
-0.00423505
-0.00420509
-0.00418224
-0.00416614
-0.00415751
-0.0041519
-0.00415417
-0.00415484
-0.00416071
-0.00416495
-0.00416877
-0.00417486
-0.00417207
-0.00417691
-0.00416433
0.0042514
0.00413362
0.00358658
0.00300581
0.00256931
0.00232559
0.00226515
0.00233137
0.00245484
0.00258086
0.00267764
0.00273183
0.00274199
0.00271581
0.00266579
0.00260447
0.00254165
0.0024829
0.00243025
0.00238269
0.00233781
0.00229245
0.00224437
0.00219186
0.00213385
0.00207019
0.00200065
0.00192644
0.001848
0.00176707
0.00168287
0.00159623
0.00150542
0.00141156
0.00131414
0.0012128
0.00110847
0.000998411
0.000884574
0.00076441
0.000637728
0.000505024
0.000364
0.000213902
4.83942e-05
-0.000133089
-0.00033318
-0.000559188
-0.000808474
-0.00108959
-0.0013951
-0.00171093
-0.002021
-0.00234898
-0.00269154
-0.00303577
-0.00353958
-0.00413079
-0.00456653
-0.00494375
-0.00535478
-0.00560776
-0.00568878
-0.0056997
-0.00557943
-0.00536785
-0.00514336
-0.0049448
-0.0047931
-0.00467316
-0.00461115
-0.00459576
-0.00458774
-0.00460942
-0.00463039
-0.00461979
-0.00460978
-0.00458168
-0.00452819
-0.00449775
-0.00448278
-0.0044388
-0.00437774
-0.00432065
-0.0042747
-0.00423424
-0.0042048
-0.00418273
-0.0041666
-0.00415771
-0.00415175
-0.00415372
-0.00415442
-0.00416044
-0.00416494
-0.00416883
-0.00417493
-0.00417216
-0.00417708
-0.00416441
0.00413211
0.00400507
0.00344383
0.00284523
0.00238948
0.00212667
0.0020494
0.00210334
0.00222036
0.0023458
0.00244721
0.00251042
0.00253255
0.00251929
0.00248117
0.00242961
0.00237392
0.00232022
0.00227127
0.00222725
0.00218636
0.00214615
0.00210404
0.00205835
0.00200743
0.00195095
0.00188818
0.00182016
0.00174725
0.00167076
0.00159063
0.00150704
0.00141983
0.00132882
0.00123542
0.0011373
0.00103614
0.000928665
0.000817121
0.000699616
0.000574895
0.000443404
0.000302253
0.000154008
-1.12389e-05
-0.000190184
-0.000388074
-0.000608713
-0.00084881
-0.00112055
-0.00140945
-0.0017173
-0.0020216
-0.00233917
-0.00268865
-0.00302649
-0.00348293
-0.00403168
-0.00444922
-0.00480192
-0.0051885
-0.00544109
-0.0055339
-0.0055624
-0.00547409
-0.00529566
-0.00509609
-0.0049133
-0.00477121
-0.00465707
-0.00459544
-0.00457989
-0.00457208
-0.00459179
-0.00461245
-0.00460308
-0.00459282
-0.00456602
-0.00451592
-0.00448727
-0.00447268
-0.00443006
-0.0043714
-0.00431661
-0.00427235
-0.00423294
-0.00420403
-0.00418192
-0.00416623
-0.00415792
-0.00415233
-0.00415451
-0.00415508
-0.00416084
-0.00416501
-0.00416887
-0.00417497
-0.00417224
-0.00417725
-0.0041645
0.00398274
0.00385253
0.00328707
0.00268424
0.00222464
0.00195861
0.00187878
0.00193076
0.00204633
0.00217096
0.0022723
0.00233638
0.00236038
0.00234996
0.00231529
0.00226743
0.00221527
0.00216483
0.00211879
0.00207769
0.00203996
0.00200351
0.00196579
0.00192514
0.00187988
0.00182925
0.00177263
0.00171023
0.00164274
0.00157064
0.0014949
0.00141487
0.00133185
0.00124427
0.00115435
0.00105908
0.000960375
0.00085555
0.000745347
0.00062978
0.000505538
0.000375426
0.000233651
8.65343e-05
-7.73391e-05
-0.000253835
-0.000447229
-0.000663535
-0.000893333
-0.00115498
-0.00142846
-0.0017248
-0.00202512
-0.00232956
-0.00267744
-0.00301104
-0.00342288
-0.00392892
-0.00433008
-0.00466155
-0.00502596
-0.00527907
-0.00538456
-0.00543173
-0.00537263
-0.00522205
-0.00504537
-0.00487876
-0.00474766
-0.00464062
-0.00457974
-0.0045639
-0.00455649
-0.00457451
-0.00459492
-0.00458691
-0.00457654
-0.00455097
-0.00450416
-0.0044773
-0.00446307
-0.00442177
-0.00436556
-0.00431311
-0.00427041
-0.00423195
-0.00420373
-0.0041823
-0.00416689
-0.0041581
-0.00415217
-0.004154
-0.00415457
-0.00416059
-0.00416504
-0.00416894
-0.00417507
-0.00417234
-0.00417743
-0.0041646
0.00382918
0.00369814
0.003131
0.00252627
0.00206456
0.00179615
0.00171373
0.00176312
0.00187635
0.00199914
0.00209928
0.00216291
0.00218722
0.00217781
0.00214473
0.00209895
0.00204923
0.00200149
0.00195839
0.00192044
0.00188616
0.00185344
0.00181988
0.00178366
0.00174334
0.00169777
0.00164659
0.00158929
0.00152697
0.00145944
0.00138844
0.00131271
0.00123392
0.00114989
0.00106289
0.000970947
0.000874797
0.000773128
0.000664697
0.000552023
0.000429739
0.000302408
0.000162261
1.71752e-05
-0.000143588
-0.000317452
-0.000504374
-0.000715846
-0.00093591
-0.00118745
-0.00144918
-0.00173179
-0.00202759
-0.00231881
-0.00265824
-0.00298878
-0.00336315
-0.00382725
-0.00421202
-0.00452362
-0.0048631
-0.00511283
-0.00522809
-0.00528847
-0.00525653
-0.00513848
-0.00498836
-0.00483964
-0.00471939
-0.00461967
-0.00456013
-0.00454433
-0.00453784
-0.00455433
-0.00457433
-0.00456787
-0.00455751
-0.00453317
-0.00448985
-0.00446499
-0.00445131
-0.00441159
-0.00435797
-0.004308
-0.00426721
-0.00423002
-0.00420243
-0.00418123
-0.00416602
-0.00415822
-0.00415269
-0.00415479
-0.00415535
-0.0041609
-0.00416509
-0.00416897
-0.00417511
-0.00417241
-0.0041776
-0.00416472
0.00367139
0.00353961
0.00297133
0.00236511
0.00190172
0.00163152
0.00154732
0.00159509
0.00170696
0.00182874
0.00192828
0.00199176
0.0020164
0.00200781
0.00197603
0.00193196
0.00188431
0.00183892
0.0017985
0.00176343
0.00173239
0.00170306
0.00167326
0.00164086
0.00160476
0.00156348
0.00151693
0.00146416
0.00140649
0.00134348
0.00127698
0.00120564
0.00113071
0.00105069
0.000966847
0.000878828
0.000785481
0.000687566
0.000581564
0.000472007
0.000352348
0.000227745
9.0528e-05
-5.327e-05
-0.000209639
-0.0003808
-0.000561046
-0.000767192
-0.000979429
-0.00121963
-0.00147109
-0.00173793
-0.00202795
-0.00230825
-0.00263305
-0.00295946
-0.00330117
-0.00372264
-0.00409104
-0.00438592
-0.00470252
-0.00495017
-0.005076
-0.00515026
-0.00514384
-0.00505265
-0.0049264
-0.00479517
-0.00468711
-0.00459661
-0.00453913
-0.00452317
-0.00451787
-0.00453346
-0.00455339
-0.00454886
-0.0045389
-0.00451587
-0.00447606
-0.00445333
-0.0044403
-0.00440219
-0.0043513
-0.0043039
-0.00426486
-0.00422879
-0.00420208
-0.00418169
-0.00416705
-0.00415845
-0.00415256
-0.0041543
-0.00415478
-0.00416076
-0.00416514
-0.00416908
-0.00417525
-0.00417253
-0.00417779
-0.00416485
0.00351442
0.00338124
0.00281088
0.0022028
0.00173793
0.00146661
0.00138159
0.00142878
0.00154024
0.00166177
0.00176125
0.00182486
0.0018499
0.00184197
0.00181117
0.00176829
0.00172211
0.00167835
0.00163986
0.00160694
0.00157842
0.00155181
0.00152504
0.00149579
0.00146314
0.00142549
0.00138287
0.00133425
0.00128075
0.00122202
0.00115946
0.00109234
0.00102112
0.000945356
0.000864867
0.000780701
0.000690487
0.000596223
0.000493348
0.000386714
0.000270443
0.000148495
1.53097e-05
-0.000126291
-0.00027747
-0.000445346
-0.000619377
-0.000818161
-0.00102278
-0.00125045
-0.00149365
-0.00174588
-0.00202634
-0.00229688
-0.00260289
-0.00292158
-0.00323872
-0.00362077
-0.00397185
-0.00425265
-0.00454594
-0.00478741
-0.00492115
-0.00500537
-0.00502028
-0.00495773
-0.00485782
-0.00474646
-0.0046509
-0.00456954
-0.00451505
-0.00449934
-0.00449551
-0.00451036
-0.00453
-0.0045274
-0.0045179
-0.00449607
-0.00445973
-0.00443918
-0.00442691
-0.00439057
-0.00434244
-0.00429767
-0.00426071
-0.00422607
-0.00420011
-0.00418003
-0.00416577
-0.0041582
-0.00415289
-0.00415499
-0.00415546
-0.00416094
-0.00416516
-0.00416906
-0.00417526
-0.00417259
-0.00417797
-0.00416499
0.00335575
0.00322205
0.00265049
0.00204108
0.00157509
0.00130296
0.0012175
0.00126448
0.0013759
0.00149742
0.00159695
0.00166066
0.00168597
0.00167846
0.00164832
0.00160627
0.00156113
0.00151852
0.00148139
0.00145006
0.00142347
0.00139912
0.00137488
0.00134838
0.00131862
0.00128418
0.00124496
0.00120011
0.00115028
0.00109546
0.00103648
0.000973437
0.000905922
0.000834366
0.000757434
0.000677132
0.000590501
0.000499912
0.000400924
0.000297208
0.000185094
6.61277e-05
-6.21791e-05
-0.000200984
-0.00034677
-0.000509653
-0.000677671
-0.000867459
-0.00106604
-0.00128143
-0.00151551
-0.00175375
-0.00202114
-0.00228405
-0.00257079
-0.00287835
-0.00317595
-0.00351957
-0.00385071
-0.00411919
-0.00439096
-0.00462645
-0.00476829
-0.00486211
-0.0048974
-0.00486036
-0.00478433
-0.00469163
-0.00460941
-0.00453874
-0.00448841
-0.00447285
-0.00447049
-0.00448517
-0.00450503
-0.00450487
-0.00449642
-0.00447602
-0.0044433
-0.00442527
-0.00441405
-0.00437969
-0.0043346
-0.00429266
-0.00425773
-0.0042245
-0.00419967
-0.00418052
-0.00416664
-0.00415861
-0.00415285
-0.00415455
-0.00415498
-0.00416093
-0.00416525
-0.00416923
-0.00417545
-0.00417274
-0.00417817
-0.00416515
0.00319761
0.00306357
0.00249098
0.00188041
0.00141341
0.00114055
0.00105471
0.00110161
0.00121311
0.00133476
0.00143442
0.00149824
0.0015237
0.00151647
0.0014868
0.0014454
0.00140107
0.0013594
0.00132331
0.00129322
0.00126813
0.00124563
0.0012235
0.0011994
0.00117213
0.00114049
0.00110415
0.00106263
0.0010161
0.000964924
0.000909371
0.00085012
0.000786259
0.000718662
0.00064558
0.000568956
0.000486253
0.000399207
0.000304617
0.000204227
9.66458e-05
-1.88241e-05
-0.000142046
-0.000276604
-0.000417075
-0.000573799
-0.000736645
-0.00091698
-0.00110848
-0.00131156
-0.00153541
-0.00176224
-0.00201467
-0.00226909
-0.00253661
-0.0028281
-0.00310967
-0.00342058
-0.00373126
-0.00398971
-0.0042422
-0.00446883
-0.00461682
-0.00471869
-0.00476989
-0.00475586
-0.004704
-0.00463191
-0.00456373
-0.00450374
-0.00445844
-0.00444367
-0.00444309
-0.004458
-0.00447816
-0.00448062
-0.00447338
-0.00445427
-0.00442492
-0.00440927
-0.00439912
-0.00436674
-0.00432453
-0.00428529
-0.00425255
-0.00422086
-0.00419687
-0.00417818
-0.00416494
-0.00415789
-0.00415291
-0.00415502
-0.00415548
-0.00416098
-0.0041652
-0.00416916
-0.00417543
-0.00417278
-0.00417834
-0.00416531
0.00303962
0.00290545
0.0023321
0.00172057
0.00125266
0.000979092
0.000892855
0.000939651
0.00105127
0.00117312
0.00127299
0.00133698
0.0013626
0.00135558
0.00132626
0.00128538
0.00124174
0.0012009
0.00116574
0.00113671
0.00111285
0.00109188
0.00107152
0.00104951
0.0010244
0.000995185
0.000961341
0.000922715
0.000879172
0.000831296
0.000779008
0.00072319
0.000662932
0.000599025
0.000529943
0.000456962
0.000378399
0.000295041
0.000205059
0.000108443
5.45773e-06
-0.000105773
-0.000223739
-0.000353161
-0.000488665
-0.000638171
-0.000795194
-0.000965453
-0.00114939
-0.00134202
-0.00155419
-0.00177046
-0.00200634
-0.00225038
-0.00250135
-0.00277517
-0.00304305
-0.00332534
-0.0036136
-0.00386137
-0.00409646
-0.00431376
-0.00446653
-0.00457498
-0.00464055
-0.00464865
-0.00461914
-0.00456635
-0.00451238
-0.00446407
-0.00442529
-0.00441185
-0.00441294
-0.00442832
-0.004449
-0.00445438
-0.00444892
-0.00443129
-0.00440539
-0.00439256
-0.00438397
-0.00435394
-0.00431505
-0.00427894
-0.00424862
-0.00421874
-0.00419622
-0.00417864
-0.00416583
-0.00415847
-0.00415297
-0.00415475
-0.00415518
-0.00416102
-0.00416538
-0.0041694
-0.00417567
-0.00417296
-0.00417856
-0.00416549
0.0028823
0.00274807
0.00217419
0.00156195
0.00109335
0.000819164
0.000732529
0.000779179
0.000890876
0.00101294
0.00111307
0.00117731
0.00120315
0.00119633
0.00116726
0.0011268
0.00108371
0.0010436
0.00100924
0.000981148
0.000958294
0.000938581
0.000919657
0.000899383
0.000876138
0.000849008
0.000817362
0.000781228
0.000740387
0.000695458
0.000646276
0.000593677
0.000536954
0.000476598
0.00041151
0.000342123
0.000267695
0.000188084
0.000102691
1.04299e-05
-8.78397e-05
-0.000194294
-0.000307194
-0.000430568
-0.000560716
-0.000702392
-0.000853151
-0.00101442
-0.00118941
-0.00137182
-0.00157111
-0.00177716
-0.00199772
-0.00222988
-0.00246621
-0.00272045
-0.00297355
-0.00323203
-0.00349828
-0.0037357
-0.00395643
-0.00416336
-0.00431878
-0.00443357
-0.00451074
-0.00453732
-0.00452827
-0.00449522
-0.00445631
-0.00441979
-0.00438833
-0.00437709
-0.00438015
-0.00439614
-0.00441745
-0.00442617
-0.00442308
-0.00440715
-0.00438454
-0.00437446
-0.00436745
-0.00433973
-0.00430386
-0.00427052
-0.0042424
-0.00421408
-0.00419245
-0.00417545
-0.00416344
-0.00415714
-0.00415258
-0.00415485
-0.00415532
-0.00416096
-0.0041652
-0.00416923
-0.00417559
-0.00417298
-0.00417871
-0.00416568
0.00272593
0.00259158
0.00201729
0.00140454
0.000935424
0.000660781
0.000573803
0.000620287
0.000731998
0.000854226
0.000954599
0.00101912
0.00104521
0.00103863
0.0010098
0.000969661
0.00092702
0.000887509
0.000853866
0.000826612
0.000804672
0.000786029
0.000768341
0.000749543
0.000727964
0.000702687
0.000673074
0.000639158
0.000600811
0.000558529
0.00051228
0.000462619
0.000409185
0.000352135
0.000290807
0.000225145
0.000154797
7.92353e-05
-1.65403e-06
-8.92481e-05
-0.00018279
-0.000283926
-0.000391439
-0.000508306
-0.000632684
-0.00076681
-0.000910406
-0.00106255
-0.0012277
-0.00140072
-0.00158751
-0.00178302
-0.00198913
-0.00220722
-0.00242933
-0.00266478
-0.00290328
-0.00314219
-0.00338731
-0.0036132
-0.00382107
-0.00401753
-0.00417392
-0.00429337
-0.00437989
-0.00442336
-0.00443359
-0.00441891
-0.00439485
-0.00437041
-0.00434739
-0.00433943
-0.00434466
-0.0043614
-0.0043834
-0.00439571
-0.00439576
-0.00438173
-0.00436207
-0.00435481
-0.0043498
-0.0043247
-0.0042923
-0.00426233
-0.00423712
-0.00421115
-0.00419142
-0.0041758
-0.00416438
-0.0041579
-0.00415286
-0.0041548
-0.00415532
-0.00416113
-0.00416549
-0.00416958
-0.00417591
-0.00417321
-0.00417896
-0.00416589
0.00257136
0.00243674
0.00186198
0.00124877
0.000779265
0.000504305
0.000417097
0.000463465
0.000575176
0.000697517
0.00079809
0.000862875
0.000889239
0.000882924
0.000854352
0.000814504
0.000772228
0.000733207
0.000700178
0.000673665
0.000652567
0.000634888
0.000618301
0.000600779
0.000580673
0.000557043
0.000529276
0.000497353
0.000461255
0.000421369
0.000377795
0.000330888
0.000280541
0.0002267
0.000169004
0.000107067
4.0714e-05
-3.06447e-05
-0.00010707
-0.000189703
-0.000278238
-0.000373867
-0.000476092
-0.000586388
-0.0007044
-0.000830696
-0.000966338
-0.00111026
-0.00126548
-0.00142895
-0.00160336
-0.00178719
-0.00197964
-0.00218325
-0.0023921
-0.00261022
-0.00283299
-0.0030547
-0.00328028
-0.0034939
-0.00369079
-0.00387702
-0.00403246
-0.0041559
-0.00425034
-0.00430778
-0.0043347
-0.00433749
-0.00432845
-0.00431621
-0.00430212
-0.00429848
-0.00430648
-0.00432419
-0.00434678
-0.00436285
-0.00436678
-0.004355
-0.0043382
-0.00433385
-0.0043312
-0.00430905
-0.0042799
-0.00425286
-0.00422986
-0.00420538
-0.00418654
-0.0041716
-0.00416111
-0.0041558
-0.00415183
-0.0041544
-0.00415503
-0.00416082
-0.00416513
-0.00416929
-0.00417575
-0.00417318
-0.00417909
-0.00416608
0.00241899
0.00228396
0.00170861
0.00109488
0.000625011
0.000349825
0.0002625
0.000308834
0.000420576
0.000543011
0.00064374
0.000708742
0.000735364
0.000729329
0.000701043
0.000661502
0.000619577
0.000580993
0.000548513
0.000522674
0.000502376
0.000485606
0.000470056
0.000453697
0.000434926
0.000412782
0.000386703
0.000356627
0.000322607
0.000284961
0.00024387
0.000199599
0.000152143
0.000101423
4.71476e-05
-1.10644e-05
-7.34783e-05
-0.000140593
-0.000212636
-0.000290353
-0.000373884
-0.000463934
-0.000560349
-0.000663986
-0.000775175
-0.000894118
-0.00102186
-0.00115727
-0.00130217
-0.00145556
-0.00161811
-0.00179026
-0.00197014
-0.00215961
-0.00235472
-0.00255656
-0.00276385
-0.00297032
-0.0031785
-0.00337927
-0.00356593
-0.00374237
-0.00389551
-0.00402147
-0.00412169
-0.00419098
-0.004233
-0.00425184
-0.0042572
-0.00425693
-0.00425235
-0.00425416
-0.00426545
-0.00428447
-0.00430757
-0.0043272
-0.00433576
-0.00432688
-0.00431263
-0.00431108
-0.00431112
-0.00429194
-0.00426615
-0.00424255
-0.00422286
-0.00420138
-0.00418496
-0.0041717
-0.00416203
-0.00415672
-0.00415236
-0.00415464
-0.00415527
-0.00416118
-0.00416557
-0.00416975
-0.00417616
-0.00417347
-0.00417937
-0.00416633
0.00226925
0.00213379
0.00155775
0.000943447
0.000473198
0.00019783
0.000110473
0.000156866
0.000268709
0.000391274
0.00049216
0.00055736
0.000584225
0.000578473
0.000550498
0.000511296
0.000469745
0.000431595
0.000399635
0.000374426
0.000354878
0.00033898
0.000324422
0.00030917
0.000291642
0.000270885
0.000246375
0.000218041
0.000185968
0.000150451
0.000111703
6.99661e-05
2.52759e-05
-2.24326e-05
-7.34194e-05
-0.000128046
-0.000186656
-0.000249645
-0.000317284
-0.000390095
-0.000468438
-0.000552805
-0.000643413
-0.000740676
-0.000844996
-0.000956487
-0.00107572
-0.00120249
-0.00133751
-0.00148101
-0.0016326
-0.00179295
-0.00196035
-0.00213583
-0.00231741
-0.00250437
-0.00269653
-0.0028887
-0.00308141
-0.00326932
-0.0034466
-0.00361414
-0.00376359
-0.00389094
-0.00399568
-0.00407457
-0.00412913
-0.00416247
-0.00418171
-0.00419311
-0.00419841
-0.00420648
-0.00422174
-0.00424283
-0.00426632
-0.00428909
-0.00430304
-0.00429778
-0.004286
-0.00428706
-0.00429001
-0.00427427
-0.00425216
-0.00423158
-0.00421434
-0.0041943
-0.0041788
-0.00416635
-0.00415772
-0.00415368
-0.00415052
-0.00415358
-0.0041545
-0.00416053
-0.00416498
-0.00416929
-0.0041759
-0.00417338
-0.00417945
-0.00416652
0.00212154
0.00198582
0.00140922
0.000794391
0.00032378
4.8234e-05
-3.91371e-05
7.35045e-06
0.000119341
0.000242074
0.00034314
0.000408541
0.000435633
0.000430147
0.000402474
0.000363614
0.000322447
0.000284736
0.000253285
0.000228678
0.000209842
0.000194775
0.00018117
0.00016699
0.000150666
0.000131247
0.000108235
8.15636e-05
5.13496e-05
1.78804e-05
-1.86145e-05
-5.79092e-05
-9.99458e-05
-0.000144758
-0.000192569
-0.000243699
-0.000298503
-0.000357379
-0.000420648
-0.000488782
-0.000562074
-0.000640958
-0.000725563
-0.000816277
-0.000913451
-0.00101742
-0.00112851
-0.00124685
-0.0013725
-0.00150596
-0.0016466
-0.00179512
-0.00195051
-0.00211295
-0.00228137
-0.00245435
-0.00263207
-0.00281036
-0.00298916
-0.00316462
-0.00333219
-0.00349141
-0.00363653
-0.00376422
-0.00387202
-0.00395858
-0.00402379
-0.0040698
-0.00410191
-0.00412419
-0.00413957
-0.00415478
-0.00417431
-0.0041984
-0.00422261
-0.00424752
-0.00426732
-0.00426697
-0.00425753
-0.00426084
-0.00426725
-0.0042553
-0.00423655
-0.00421938
-0.00420565
-0.00418913
-0.00417647
-0.00416604
-0.00415851
-0.0041547
-0.00415129
-0.00415412
-0.00415501
-0.00416112
-0.0041656
-0.0041699
-0.00417641
-0.00417374
-0.00417977
-0.00416679
0.00197895
0.00184318
0.00126621
0.000650971
0.000180048
-9.56646e-05
-0.00018305
-0.000136454
-2.42859e-05
9.86563e-05
0.000199937
0.000265557
0.000292878
0.000287642
0.000260249
0.000221711
0.000180909
0.000143613
0.000112638
8.85819e-05
7.03886e-05
5.60687e-05
4.33281e-05
3.0129e-05
1.49113e-05
-3.27917e-06
-2.49138e-05
-5.00546e-05
-7.85469e-05
-0.00011011
-0.000144482
-0.000181464
-0.000220962
-0.000263045
-0.000307878
-0.000355792
-0.000407079
-0.000462156
-0.000521278
-0.000584883
-0.000653197
-0.000726683
-0.000805498
-0.000890067
-0.000980576
-0.00107736
-0.00118054
-0.00129041
-0.00140688
-0.00153041
-0.00166076
-0.00179811
-0.00194207
-0.00209205
-0.00224787
-0.00240778
-0.00257204
-0.00273752
-0.00290353
-0.00306725
-0.00322542
-0.00337705
-0.00351701
-0.00364363
-0.0037532
-0.00384539
-0.00391933
-0.00397604
-0.00401996
-0.00405237
-0.00407754
-0.00410053
-0.0041245
-0.00415233
-0.00417808
-0.00420423
-0.00422942
-0.00423501
-0.00422849
-0.00423353
-0.00424303
-0.00423516
-0.00422023
-0.00420628
-0.00419518
-0.00418038
-0.00416882
-0.00415936
-0.00415301
-0.0041506
-0.0041485
-0.00415229
-0.00415365
-0.00416005
-0.00416471
-0.00416923
-0.00417602
-0.00417358
-0.00417981
-0.00416698
0.00183246
0.0016967
0.00111943
0.000503933
3.29345e-05
-0.000242644
-0.000329697
-0.000282623
-0.000169893
-4.63453e-05
5.5568e-05
0.000121845
0.000149851
0.000145338
0.000118718
8.101e-05
4.11026e-05
4.76557e-06
-2.51848e-05
-4.81538e-05
-6.51887e-05
-7.8279e-05
-8.97042e-05
-0.000101506
-0.000115231
-0.000131844
-0.000151801
-0.000175172
-0.000201769
-0.000231314
-0.000263505
-0.000298161
-0.000335154
-0.000374559
-0.000416472
-0.00046121
-0.00050901
-0.000560308
-0.000615345
-0.000674568
-0.000738161
-0.000806535
-0.000879842
-0.00095842
-0.00104243
-0.00113215
-0.0012278
-0.00132955
-0.00143749
-0.00155172
-0.00167232
-0.00179909
-0.00193208
-0.00207049
-0.00221437
-0.00236209
-0.00251381
-0.00266719
-0.00282123
-0.00297425
-0.00312305
-0.00326718
-0.00340182
-0.00352646
-0.00363694
-0.00373308
-0.00381447
-0.00387999
-0.00393443
-0.00397638
-0.00401042
-0.00404202
-0.00407076
-0.00410264
-0.00413173
-0.00415868
-0.00418815
-0.00420114
-0.00419841
-0.00420477
-0.0042178
-0.00421467
-0.00420345
-0.00419268
-0.00418521
-0.00417409
-0.00416564
-0.00415847
-0.00415349
-0.00415158
-0.00414944
-0.00415311
-0.00415442
-0.00416088
-0.00416552
-0.00416998
-0.00417664
-0.004174
-0.00418017
-0.00416727
0.00168918
0.00155255
0.000974194
0.000357847
-0.000113686
-0.00038948
-0.000476477
-0.000429172
-0.000316126
-0.000192233
-8.99685e-05
-2.33427e-05
5.0148e-06
8.69316e-07
-2.53445e-05
-6.25874e-05
-0.00010195
-0.000137653
-0.000166871
-0.000189011
-0.000205112
-0.000217166
-0.000227439
-0.000237974
-0.000250302
-0.000265395
-0.000283697
-0.000305283
-0.000329944
-0.000357397
-0.000387312
-0.00041951
-0.000453847
-0.000490399
-0.000529239
-0.000570658
-0.000614867
-0.000662274
-0.000713132
-0.000767835
-0.000826586
-0.000889702
-0.000957387
-0.00102988
-0.0011074
-0.00119013
-0.00127833
-0.00137204
-0.00147151
-0.00157658
-0.00168758
-0.00180414
-0.00192651
-0.0020539
-0.00218629
-0.00232258
-0.00246241
-0.00260453
-0.00274744
-0.00289034
-0.00303017
-0.00316691
-0.0032962
-0.00341755
-0.00352798
-0.00362623
-0.0037131
-0.00378561
-0.00384837
-0.00389939
-0.00394123
-0.00398092
-0.00401492
-0.00405019
-0.00408352
-0.00411164
-0.00414363
-0.00416409
-0.00416635
-0.00417372
-0.00418942
-0.00419114
-0.00418416
-0.00417669
-0.00417214
-0.00416327
-0.00415631
-0.00415038
-0.00414676
-0.00414636
-0.00414563
-0.00415041
-0.00415241
-0.00415932
-0.0041643
-0.00416908
-0.0041761
-0.00417375
-0.00418015
-0.00416743
0.0015735
0.00143844
0.00086134
0.000245976
-0.000224736
-0.000499807
-0.000586115
-0.000538112
-0.000424352
-0.000299749
-0.000196803
-0.000129538
-0.000100592
-0.000104196
-0.000129897
-0.00016664
-0.000205496
-0.000240685
-0.000269377
-0.000290989
-0.000306566
-0.000318109
-0.000327878
-0.000337914
-0.000349732
-0.000364293
-0.000382017
-0.000402959
-0.00042688
-0.000453464
-0.000482359
-0.000513349
-0.000546293
-0.000581229
-0.000618245
-0.000657572
-0.000699444
-0.000744185
-0.000792094
-0.000843472
-0.000898598
-0.000957682
-0.00102097
-0.00108858
-0.00116077
-0.00123764
-0.00131946
-0.00140627
-0.00149827
-0.00159538
-0.0016978
-0.00180535
-0.00191809
-0.0020356
-0.00215764
-0.0022835
-0.00241264
-0.00254435
-0.00267712
-0.00281058
-0.00294201
-0.00307148
-0.00319564
-0.00331368
-0.00342364
-0.0035233
-0.00361438
-0.00369273
-0.00376221
-0.00382181
-0.00387062
-0.00391799
-0.00395844
-0.00399704
-0.00403553
-0.00406645
-0.00409964
-0.00412711
-0.0041359
-0.00414452
-0.00416251
-0.00416938
-0.00416666
-0.00416222
-0.0041611
-0.00415591
-0.00415216
-0.00414867
-0.00414668
-0.0041471
-0.00414658
-0.0041514
-0.00415339
-0.00416034
-0.00416529
-0.00416996
-0.00417682
-0.00417425
-0.00418054
-0.00416774
0.00133141
0.00119657
0.000620531
8.22794e-06
-0.000457374
-0.000725478
-0.000803449
-0.000746683
-0.000624627
-0.000492722
-0.000383645
-0.000311428
-0.00027855
-0.000278884
-0.000301559
-0.000335176
-0.000370609
-0.000402011
-0.000426587
-0.000443844
-0.000454963
-0.000462087
-0.000467602
-0.00047363
-0.000481729
-0.00049285
-0.000507386
-0.000525322
-0.000546356
-0.000570092
-0.000596134
-0.000624208
-0.000654156
-0.000685972
-0.000719747
-0.000755668
-0.000793969
-0.000834921
-0.000878817
-0.000925916
-0.000976507
-0.00103077
-0.00108894
-0.00115109
-0.00121748
-0.00128816
-0.00136338
-0.00144317
-0.0015277
-0.00161695
-0.00171102
-0.00180985
-0.00191332
-0.00202131
-0.00213339
-0.00224931
-0.00236826
-0.00248998
-0.00261317
-0.00273752
-0.00286101
-0.00298318
-0.00310195
-0.00321577
-0.00332381
-0.00342354
-0.00351642
-0.00359917
-0.00367337
-0.0037399
-0.00379531
-0.00384866
-0.00389593
-0.00393804
-0.00398082
-0.00401615
-0.0040502
-0.0040828
-0.00409937
-0.00411052
-0.00413006
-0.00414189
-0.00414426
-0.00414334
-0.00414529
-0.00414285
-0.00414111
-0.00413922
-0.00413877
-0.00414083
-0.00414181
-0.00414787
-0.00415072
-0.0041583
-0.00416374
-0.00416883
-0.00417614
-0.00417391
-0.00418046
-0.00416787
0.00136168
0.00123055
0.00065739
4.53406e-05
-0.000423327
-0.000698098
-0.000786003
-0.000741029
-0.000630895
-0.000509715
-0.000409407
-0.000343644
-0.000314897
-0.000317457
-0.000341203
-0.000375556
-0.000412065
-0.000445328
-0.000472708
-0.000493655
-0.000509115
-0.000520895
-0.000531023
-0.00054131
-0.00055309
-0.000567186
-0.000583952
-0.000603418
-0.000625382
-0.000649574
-0.000675713
-0.000703611
-0.000733159
-0.000764375
-0.000797358
-0.000832299
-0.000869434
-0.000909003
-0.00095125
-0.000996352
-0.00104454
-0.00109591
-0.0011507
-0.00120897
-0.00127099
-0.00133679
-0.00140663
-0.00148052
-0.00155864
-0.00164104
-0.00172773
-0.00181886
-0.00191413
-0.00201371
-0.00211696
-0.00222404
-0.00233401
-0.0024468
-0.00256145
-0.00267728
-0.0027935
-0.00290864
-0.00302209
-0.00313191
-0.00323728
-0.00333681
-0.0034301
-0.00351625
-0.00359467
-0.00366615
-0.00372781
-0.00378626
-0.00383957
-0.0038858
-0.00393202
-0.0039723
-0.00400789
-0.00404365
-0.00406762
-0.00408232
-0.00410288
-0.00411884
-0.00412602
-0.00412826
-0.00413325
-0.00413432
-0.00413578
-0.00413642
-0.00413781
-0.00414099
-0.00414251
-0.00414882
-0.00415177
-0.00415942
-0.00416483
-0.00416978
-0.00417691
-0.00417445
-0.00418086
-0.00416817
-0.0018984
-0.00178144
-0.00122447
-0.000630274
-0.000180466
7.48901e-05
0.000143137
7.84906e-05
-5.13098e-05
-0.000192306
-0.000312806
-0.000399356
-0.000449752
-0.00047004
-0.000470548
-0.000461898
-0.000452452
-0.000447476
-0.00044953
-0.000459148
-0.000475419
-0.00049664
-0.000520913
-0.000546605
-0.000572558
-0.000598148
-0.000623197
-0.00064788
-0.000672571
-0.000697751
-0.000723873
-0.000751346
-0.000780466
-0.000811459
-0.000844458
-0.000879546
-0.000916766
-0.000956153
-0.000997793
-0.00104178
-0.00108831
-0.0011375
-0.00118959
-0.00124467
-0.00130298
-0.0013646
-0.00142978
-0.00149862
-0.00157129
-0.00164787
-0.00172829
-0.00181275
-0.00190097
-0.00199322
-0.0020889
-0.00218819
-0.00229037
-0.00239524
-0.00250225
-0.00261051
-0.00271986
-0.00282876
-0.00293695
-0.00304289
-0.00314536
-0.00324388
-0.00333705
-0.00342511
-0.00350676
-0.00358211
-0.0036493
-0.0037123
-0.00377114
-0.00382255
-0.00387201
-0.00391755
-0.00395657
-0.0039947
-0.00402557
-0.00404586
-0.00406824
-0.004088
-0.00410073
-0.00410709
-0.00411525
-0.00411938
-0.00412334
-0.00412593
-0.00412905
-0.00413395
-0.00413701
-0.00414463
-0.00414859
-0.00415699
-0.00416302
-0.00416848
-0.0041761
-0.00417404
-0.00418073
-0.00416826
0.00119121
0.00106059
0.000487575
-0.000124788
-0.00059424
-0.000870263
-0.000959684
-0.000916201
-0.000807328
-0.000687101
-0.00058746
-0.000522126
-0.000493568
-0.000496096
-0.000519659
-0.000553783
-0.000590135
-0.000623405
-0.000650974
-0.000672248
-0.000688092
-0.000700201
-0.000710513
-0.000720752
-0.000732211
-0.00074568
-0.000761523
-0.000779771
-0.000800247
-0.000822683
-0.000846812
-0.000872432
-0.000899425
-0.000927777
-0.000957536
-0.000988849
-0.00102189
-0.00105688
-0.00109401
-0.00113347
-0.00117539
-0.00121994
-0.00126724
-0.00131745
-0.00137072
-0.00142717
-0.00148692
-0.00155003
-0.00161661
-0.00168672
-0.00176049
-0.0018379
-0.00191892
-0.00200351
-0.00209147
-0.00218278
-0.00227696
-0.00237392
-0.00247304
-0.002574
-0.0026762
-0.00277871
-0.00288111
-0.00298212
-0.0030811
-0.00317727
-0.00326934
-0.00335769
-0.0034402
-0.00351795
-0.00358963
-0.00365551
-0.0037176
-0.00377378
-0.00382587
-0.00387472
-0.00391721
-0.00395698
-0.00399233
-0.00401777
-0.00404204
-0.0040642
-0.0040813
-0.00409122
-0.00410215
-0.0041094
-0.00411647
-0.00412165
-0.00412678
-0.00413312
-0.00413707
-0.00414521
-0.00414946
-0.00415801
-0.00416407
-0.00416941
-0.00417686
-0.00417458
-0.0041811
-0.00416854
-0.00220735
-0.00208522
-0.00152126
-0.000918667
-0.000459843
-0.00019541
-0.000118568
-0.000175537
-0.000298692
-0.000433917
-0.000549249
-0.000630989
-0.00067672
-0.000692155
-0.000687423
-0.000673128
-0.000657755
-0.000646743
-0.000642807
-0.000646617
-0.000657378
-0.000673447
-0.000692952
-0.000714228
-0.000736069
-0.000757776
-0.000779105
-0.000800153
-0.000821241
-0.000842791
-0.000865235
-0.000888958
-0.000914255
-0.000941339
-0.000970335
-0.00100131
-0.0010343
-0.0010693
-0.00110635
-0.00114551
-0.00118686
-0.00123053
-0.00127661
-0.00132525
-0.00137652
-0.00143058
-0.00148754
-0.00154754
-0.00161069
-0.00167706
-0.00174669
-0.0018196
-0.0018958
-0.0019753
-0.00205797
-0.00214372
-0.00223232
-0.00232357
-0.00241713
-0.00251254
-0.00260934
-0.00270698
-0.00280479
-0.00290229
-0.00299854
-0.00309311
-0.00318477
-0.00327313
-0.00335716
-0.00343725
-0.00351254
-0.00358265
-0.00364842
-0.00370922
-0.00376543
-0.0038183
-0.00386543
-0.00390837
-0.00394806
-0.00397947
-0.0040075
-0.00403273
-0.00405459
-0.00406908
-0.00408342
-0.00409374
-0.00410357
-0.00411093
-0.0041179
-0.00412593
-0.00413137
-0.0041408
-0.00414608
-0.00415543
-0.00416216
-0.00416806
-0.00417602
-0.00417415
-0.00418097
-0.00416861
0.00103225
0.000900408
0.000325963
-0.000287544
-0.00075753
-0.00103331
-0.00112172
-0.00107671
-0.000966109
-0.000844229
-0.000743166
-0.000676716
-0.000647375
-0.000649477
-0.000672892
-0.00070699
-0.000743258
-0.00077625
-0.000803288
-0.000823775
-0.000838603
-0.000849528
-0.000858545
-0.00086744
-0.000877542
-0.000889666
-0.00090417
-0.000921071
-0.000940157
-0.000961125
-0.000983661
-0.00100752
-0.00103255
-0.0010587
-0.001086
-0.00111457
-0.00114458
-0.00117621
-0.00120963
-0.001245
-0.00128245
-0.00132208
-0.00136403
-0.00140838
-0.00145528
-0.00150481
-0.00155705
-0.00161207
-0.00166991
-0.00173073
-0.00179452
-0.00186143
-0.00193134
-0.00200434
-0.00208029
-0.00215917
-0.00224082
-0.00232496
-0.00241151
-0.0025
-0.00259026
-0.00268178
-0.0027739
-0.00286641
-0.00295795
-0.00304862
-0.00313729
-0.00322365
-0.00330741
-0.00338739
-0.00346303
-0.00353473
-0.00360214
-0.00366533
-0.00372381
-0.00377847
-0.00382835
-0.00387344
-0.00391532
-0.00395048
-0.00398148
-0.00400878
-0.00403377
-0.00405165
-0.00406877
-0.00408187
-0.00409459
-0.00410461
-0.00411379
-0.00412358
-0.00413029
-0.00414058
-0.00414644
-0.00415612
-0.00416298
-0.00416883
-0.00417665
-0.0041746
-0.00418124
-0.0041688
-0.00236312
-0.00223916
-0.0016731
-0.0010686
-0.000608339
-0.000343096
-0.000266069
-0.000323272
-0.000446785
-0.000582234
-0.000697492
-0.000778764
-0.000823575
-0.000837651
-0.000831229
-0.000815063
-0.000797801
-0.00078501
-0.000779469
-0.000781853
-0.000791327
-0.00080619
-0.000824491
-0.000844503
-0.000864958
-0.000885129
-0.000904744
-0.000923909
-0.000942946
-0.000962309
-0.000982431
-0.00100372
-0.00102647
-0.00105089
-0.0010771
-0.00110516
-0.00113504
-0.00116676
-0.0012003
-0.0012357
-0.00127304
-0.00131236
-0.0013538
-0.00139737
-0.00144324
-0.00149141
-0.00154212
-0.00159536
-0.00165131
-0.00170997
-0.00177135
-0.00183561
-0.00190255
-0.00197253
-0.00204508
-0.00212057
-0.00219854
-0.00227907
-0.00236203
-0.00244671
-0.00253352
-0.00262128
-0.0027102
-0.00279988
-0.00288903
-0.00297874
-0.00306644
-0.00315261
-0.0032369
-0.00331711
-0.00339536
-0.003471
-0.0035405
-0.00360653
-0.00366945
-0.00372764
-0.00378106
-0.00383
-0.00387534
-0.00391477
-0.00395013
-0.0039808
-0.00400935
-0.00403129
-0.00405189
-0.00406783
-0.00408308
-0.00409517
-0.00410606
-0.00411731
-0.00412529
-0.00413667
-0.00414341
-0.00415381
-0.00416129
-0.00416764
-0.00417592
-0.00417425
-0.00418116
-0.00416887
0.000922768
0.000789861
0.00021423
-0.000400243
-0.000870759
-0.0011465
-0.00123431
-0.00118829
-0.00107653
-0.000953578
-0.000851668
-0.00078469
-0.000755197
-0.000757493
-0.000781341
-0.000815971
-0.000852729
-0.000886047
-0.000913176
-0.000933496
-0.000947925
-0.00095827
-0.000966595
-0.000974743
-0.000984098
-0.000995504
-0.00100934
-0.00102559
-0.00104405
-0.00106435
-0.00108615
-0.00110916
-0.00113323
-0.00115826
-0.00118426
-0.00121134
-0.00123964
-0.00126934
-0.00130059
-0.00133351
-0.00136821
-0.00140482
-0.00144337
-0.00148402
-0.00152676
-0.00157176
-0.00161897
-0.00166851
-0.00172038
-0.00177471
-0.00183157
-0.00189093
-0.00195293
-0.0020174
-0.00208454
-0.00215413
-0.00222619
-0.00230065
-0.00237715
-0.002456
-0.0025364
-0.00261868
-0.0027021
-0.00278623
-0.00287096
-0.00295512
-0.00303876
-0.00312177
-0.0032027
-0.00328251
-0.00335946
-0.0034322
-0.00350213
-0.00356981
-0.0036328
-0.00369132
-0.00374628
-0.00379678
-0.00384335
-0.00388482
-0.00392291
-0.00395578
-0.00398647
-0.0040111
-0.00403454
-0.00405321
-0.00407122
-0.00408615
-0.00409951
-0.00411288
-0.0041226
-0.00413522
-0.00414289
-0.00415386
-0.00416165
-0.00416809
-0.0041763
-0.00417451
-0.00418128
-0.00416897
-0.00236229
-0.00223849
-0.00167304
-0.00106989
-0.000611802
-0.000349548
-0.000276179
-0.000337351
-0.000464765
-0.000603801
-0.00072222
-0.000806193
-0.000853251
-0.000869235
-0.000864556
-0.00085015
-0.000834805
-0.000824193
-0.000821127
-0.000826257
-0.000838676
-0.000856571
-0.000877886
-0.000900796
-0.000923967
-0.00094662
-0.000968472
-0.000989631
-0.00101045
-0.0010314
-0.00105293
-0.00107547
-0.0010993
-0.00112464
-0.00115156
-0.00118008
-0.00121015
-0.00124178
-0.0012749
-0.00130957
-0.00134578
-0.00138361
-0.00142311
-0.00146436
-0.00150745
-0.00155246
-0.00159955
-0.00164875
-0.00170022
-0.00175387
-0.00180987
-0.00186821
-0.00192896
-0.00199215
-0.00205768
-0.00212575
-0.002196
-0.00226875
-0.00234347
-0.00242023
-0.00249879
-0.00257875
-0.00266033
-0.0027428
-0.00282614
-0.00290996
-0.00299272
-0.00307521
-0.00315595
-0.0032355
-0.00331414
-0.003389
-0.00345998
-0.00352961
-0.00359552
-0.00365643
-0.00371387
-0.00376737
-0.00381684
-0.00386124
-0.00390228
-0.00393755
-0.00397054
-0.00399787
-0.00402374
-0.00404428
-0.00406393
-0.00408022
-0.00409473
-0.00410904
-0.00411948
-0.00413283
-0.00414101
-0.00415245
-0.00416061
-0.00416737
-0.00417588
-0.00417434
-0.00418129
-0.00416903
0.000942469
0.000806762
0.000227896
-0.000390173
-0.00086433
-0.0011435
-0.0012343
-0.0011908
-0.00108121
-0.000960266
-0.000860418
-0.000795716
-0.000768844
-0.000774169
-0.000801417
-0.000839701
-0.00088021
-0.000917211
-0.000947845
-0.000971433
-0.000988881
-0.00100202
-0.00101295
-0.00102358
-0.00103534
-0.00104909
-0.00106524
-0.00108379
-0.00110451
-0.00112701
-0.00115094
-0.00117594
-0.00120181
-0.00122841
-0.00125576
-0.00128395
-0.0013131
-0.00134334
-0.00137481
-0.00140765
-0.00144192
-0.00147777
-0.00151518
-0.00155433
-0.0015952
-0.00163793
-0.00168242
-0.00172876
-0.00177699
-0.00182724
-0.00187963
-0.00193392
-0.00199048
-0.00204904
-0.00210988
-0.00217279
-0.00223776
-0.00230496
-0.00237378
-0.00244507
-0.0025178
-0.00259256
-0.00266899
-0.002746
-0.00282435
-0.00290197
-0.00297942
-0.00305783
-0.00313453
-0.00321185
-0.00328749
-0.00335773
-0.00342686
-0.00349622
-0.00356037
-0.00361993
-0.00367768
-0.00373188
-0.00378207
-0.00382778
-0.00387071
-0.00390819
-0.00394375
-0.00397392
-0.0040027
-0.00402625
-0.004049
-0.00406838
-0.00408575
-0.00410256
-0.00411512
-0.00413006
-0.00413947
-0.00415171
-0.00416039
-0.00416741
-0.00417593
-0.00417436
-0.00418129
-0.00416907
)
;

boundaryField
{
    zeroGradient
    {
        type            zeroGradient;
    }
    inlet
    {
        type            zeroGradient;
    }
    fixedWalls
    {
        type            zeroGradient;
    }
    frontAndBack
    {
        type            empty;
    }
}


// ************************************************************************* //
