/*--------------------------------*- C++ -*----------------------------------*\
| =========                 |                                                 |
| \\      /  F ield         | OpenFOAM: The Open Source CFD Toolbox           |
|  \\    /   O peration     | Version:  2312                                  |
|   \\  /    A nd           | Website:  www.openfoam.com                      |
|    \\/     M anipulation  |                                                 |
\*---------------------------------------------------------------------------*/
FoamFile
{
    version     2.0;
    format      ascii;
    arch        "LSB;label=32;scalar=64";
    class       volScalarField;
    location    "0.05";
    object      p;
}
// * * * * * * * * * * * * * * * * * * * * * * * * * * * * * * * * * * * * * //

dimensions      [0 2 -2 0 0 0 0];

internalField   nonuniform List<scalar> 
5600
(
1.51662e-09
3.12646e-05
7.39893e-05
0.000173407
0.00019972
0.000475514
0.000269344
0.00107478
0.000293224
0.00181004
0.00133881
0.00327385
0.00218075
0.00139827
0.00152792
0.00164632
0.00127815
0.00145411
0.00170525
0.0015658
0.00155715
0.00189655
0.00206142
0.00200759
0.00215573
0.00251971
0.00277425
0.00285581
0.00301101
0.00335169
0.00376523
0.00406233
0.00424771
0.00453595
0.0049879
0.00547092
0.00592414
0.00625735
0.00649468
0.00653923
-2.2361e-07
3.09419e-05
7.38244e-05
0.000172524
0.0002007
0.000470966
0.000278483
0.00105543
0.000325457
0.00177323
0.00135755
0.00289454
0.00215961
0.00140262
0.00152974
0.00163576
0.00127757
0.00144848
0.00170395
0.00156425
0.00155503
0.00189075
0.00205702
0.00200497
0.00214547
0.00250394
0.00275912
0.00284147
0.00298437
0.00332126
0.00372242
0.0039954
0.00415073
0.00437851
0.00472756
0.00509127
0.00534794
0.00541722
0.0053289
0.00498028
-4.64483e-07
3.06542e-05
7.36408e-05
0.000171935
0.000200863
0.000468945
0.000281712
0.00105031
0.00033977
0.00176744
0.00134987
0.00272642
0.00213778
0.00140263
0.00152707
0.00163122
0.00127793
0.00144418
0.00170121
0.00156252
0.00155111
0.00188226
0.00205047
0.00200079
0.0021335
0.00248824
0.00274369
0.00282197
0.0029565
0.00327953
0.00366579
0.00392073
0.00405249
0.0042483
0.00456405
0.004886
0.00510099
0.00514675
0.00503928
0.00471224
-8.68542e-07
3.01276e-05
7.32187e-05
0.000170674
0.000201721
0.000463442
0.000291756
0.0010294
0.000376511
0.00172604
0.00135516
0.00251191
0.00210069
0.00140175
0.00152444
0.00161814
0.00127701
0.00143458
0.00169679
0.00155939
0.00154464
0.00186924
0.00204189
0.00199178
0.00211395
0.0024625
0.00271816
0.00279087
0.00291053
0.00321898
0.0035891
0.00381824
0.00391819
0.00406812
0.00430682
0.00454734
0.00467257
0.00460025
0.00438233
0.0039669
-1.4026e-06
2.94849e-05
7.26859e-05
0.000169392
0.000201922
0.000459205
0.000297461
0.0010167
0.000396337
0.00170069
0.00133881
0.00233553
0.00206215
0.0013927
0.00151091
0.00161106
0.00127741
0.00142203
0.00168811
0.00155554
0.00153438
0.001851
0.0020294
0.00198006
0.00209052
0.00242877
0.00268374
0.00275492
0.0028532
0.00313773
0.00348376
0.00369245
0.00376568
0.00387206
0.00406708
0.00426461
0.00434884
0.00425782
0.00402372
0.00361305
-2.11686e-06
2.86056e-05
7.19501e-05
0.000167507
0.000202584
0.000452035
0.000308513
0.00099046
0.000434376
0.00164509
0.00133585
0.00215665
0.00200996
0.00138325
0.00149569
0.00159798
0.00127453
0.00140445
0.00167774
0.00155173
0.00151933
0.00182685
0.00201245
0.00196336
0.00205737
0.00238286
0.00263513
0.0026998
0.00277799
0.00303563
0.0033604
0.00354864
0.00359427
0.00366471
0.00381418
0.00396651
0.00401875
0.00389635
0.00362431
0.00318767
-3.04579e-06
2.74912e-05
7.09636e-05
0.000165338
0.000202622
0.00044521
0.00031624
0.000969116
0.000458631
0.00159917
0.00131463
0.00199322
0.00195671
0.00136702
0.001468
0.00158735
0.00127373
0.00138143
0.00166054
0.00154616
0.00150033
0.00179676
0.00199049
0.00194169
0.0020164
0.00232545
0.00257571
0.00263219
0.00268644
0.0029127
0.00321333
0.00338651
0.0034117
0.00344513
0.00355684
0.00368445
0.00371851
0.00358645
0.00330947
0.00286053
-4.22898e-06
2.60774e-05
6.96982e-05
0.000162548
0.000202887
0.000435781
0.000328036
0.000935967
0.000497245
0.00152705
0.0013063
0.00183754
0.0018914
0.00135305
0.00143517
0.00157144
0.00127045
0.00135212
0.001642
0.0015411
0.00147343
0.0017568
0.0019633
0.00191505
0.00196417
0.00225444
0.00250166
0.0025498
0.00257615
0.0027664
0.00304424
0.0032103
0.00321777
0.00321773
0.00330137
0.00340684
0.00343412
0.00330238
0.00302617
0.00258931
-5.71821e-06
2.43149e-05
6.80609e-05
0.000159235
0.000202435
0.000425946
0.000336967
0.000905144
0.000524315
0.00146038
0.00128312
0.00169079
0.00182405
0.00133285
0.00138881
0.00155256
0.00127076
0.00131562
0.0016073
0.00153558
0.00144458
0.00170515
0.00193009
0.0018847
0.00190035
0.00216552
0.00241488
0.0024593
0.00245304
0.00259691
0.00284732
0.00300917
0.00300763
0.00298063
0.00304995
0.00316997
0.00323182
0.00313596
0.00286856
0.0024
-7.5714e-06
2.21354e-05
6.60075e-05
0.000155201
0.000201906
0.000413776
0.000348398
0.000864694
0.000560886
0.00137339
0.00126982
0.00155581
0.00174393
0.00132111
0.00133732
0.00152371
0.00127203
0.00127387
0.00156731
0.00152967
0.00141198
0.00163782
0.00188524
0.00185365
0.00182806
0.00205475
0.00231121
0.0023594
0.00232059
0.00240964
0.00262543
0.00278634
0.0027691
0.00267811
0.00267025
0.00275684
0.00286202
0.00290337
0.00288802
0.00294558
-9.85739e-06
1.94691e-05
6.34264e-05
0.000150429
0.000200415
0.000400624
0.00035688
0.000824817
0.000586943
0.00128963
0.0012427
0.00143077
0.00165815
0.00130021
0.00127642
0.0014837
0.00127613
0.00122927
0.00150858
0.00151997
0.00138556
0.0015589
0.00181987
0.00181906
0.00175603
0.00192534
0.0021794
0.00224925
0.00218809
0.00221104
0.00237479
0.00254344
0.00256875
0.00249483
0.00247769
0.0025707
0.00270368
0.00278147
0.00276108
0.00272011
-1.26554e-05
1.62272e-05
6.02288e-05
0.00014476
0.000198406
0.000385405
0.000365761
0.000778422
0.000615877
0.00119469
0.00121936
0.00132077
0.00155713
0.00128368
0.00121812
0.00142417
0.00127664
0.00118817
0.00143234
0.00149853
0.00136546
0.00147095
0.00172812
0.00177332
0.00169129
0.00178676
0.00201651
0.00211825
0.00205919
0.00202769
0.00212877
0.00227138
0.00231115
0.00223335
0.00216781
0.00222758
0.00239937
0.00260516
0.00283032
0.00320572
-1.60583e-05
1.23142e-05
5.62814e-05
0.000138127
0.000194842
0.000368879
0.000370982
0.000732091
0.000633451
0.0011037
0.00117729
0.0012231
0.00144952
0.00126055
0.0011602
0.00135051
0.00127008
0.0011529
0.00134253
0.00145713
0.00135067
0.00138826
0.00161081
0.0017016
0.0016304
0.00165464
0.00183287
0.00195851
0.00192544
0.00185986
0.00189463
0.00200493
0.00207931
0.0020593
0.00201392
0.002051
0.00220371
0.00242517
0.00268101
0.00304498
-2.01732e-05
7.61531e-06
5.14526e-05
0.000130365
0.000190413
0.00035055
0.000374115
0.000682939
0.000646215
0.00101248
0.0011293
0.00114128
0.00133288
0.00122691
0.0011138
0.00126194
0.00124394
0.00112769
0.0012525
0.00138924
0.00132603
0.00131305
0.00147955
0.00159952
0.00156024
0.00153608
0.00164711
0.00177022
0.00177314
0.00170644
0.00169367
0.00176213
0.00183971
0.0018578
0.001837
0.00185832
0.00197715
0.0021867
0.00246735
0.00287249
-2.51237e-05
2.00327e-06
4.55729e-05
0.000121377
0.000184076
0.000330757
0.000372314
0.000634384
0.000645738
0.000928323
0.0010677
0.00106629
0.00121871
0.00117729
0.00106651
0.00117037
0.00119784
0.00110138
0.00116452
0.00129682
0.00128146
0.0012465
0.00134981
0.00146743
0.00146543
0.00142666
0.00147503
0.00156905
0.00159876
0.0015535
0.00151677
0.00154114
0.0016
0.00163968
0.00165037
0.00167802
0.00177535
0.00196259
0.00224261
0.0026591
-3.10515e-05
-4.67e-06
3.84635e-05
0.000110972
0.000175748
0.000309264
0.000366192
0.000585598
0.000635055
0.000849588
0.000995361
0.000999899
0.00110774
0.00111024
0.0010228
0.00108116
0.001128
0.00106544
0.00108697
0.00119161
0.00121055
0.00117749
0.00122728
0.00132048
0.00134449
0.00131238
0.00131825
0.00137346
0.00140762
0.00138574
0.0013474
0.00134227
0.00137518
0.00141563
0.00144506
0.00148336
0.00156987
0.00173481
0.00199888
0.00241175
-3.81181e-05
-1.25709e-05
2.99147e-05
9.89831e-05
0.000164994
0.000286111
0.000353836
0.000537645
0.000611003
0.000776826
0.000914766
0.000929277
0.00100394
0.00102983
0.000969214
0.000994497
0.00104381
0.00101276
0.00101015
0.0010802
0.00111462
0.00109553
0.00111113
0.00117025
0.00120018
0.00118226
0.00116908
0.00118941
0.00121223
0.00120389
0.00117399
0.00115537
0.00116463
0.00119282
0.00122653
0.00127206
0.00135485
0.0015049
0.00175306
0.00215554
-4.65065e-05
-2.1889e-05
1.97009e-05
8.51868e-05
0.000151511
0.000261008
0.000336148
0.000489732
0.000576826
0.000707086
0.000829278
0.000856001
0.000906409
0.00093892
0.000904853
0.000911607
0.000949773
0.000940448
0.000930572
0.000969649
0.00100239
0.000995573
0.000994234
0.0010227
0.00104523
0.00103672
0.00101807
0.00101515
0.0010212
0.00101435
0.000991593
0.000969549
0.000963784
0.00097703
0.00100523
0.00105127
0.00113144
0.00127154
0.00150558
0.00189324
-5.64224e-05
-3.28367e-05
7.57217e-06
6.93412e-05
0.00013494
0.00023376
0.000312154
0.000441499
0.000532256
0.000638124
0.000741757
0.000776363
0.000811931
0.000842736
0.00082785
0.000825513
0.000849918
0.000851173
0.000841338
0.000857743
0.000879542
0.000878424
0.000870438
0.000877091
0.00088624
0.000878972
0.000859522
0.000843938
0.000835184
0.000823522
0.000803396
0.000781073
0.000767201
0.000768372
0.000787078
0.000827824
0.000902986
0.00103425
0.00125488
0.00162454
-6.80947e-05
-4.56511e-05
-6.73877e-06
5.11654e-05
0.000114988
0.000203925
0.000282187
0.000391665
0.000479846
0.000567792
0.000653011
0.00069093
0.000717921
0.000742717
0.000738966
0.000734058
0.000745915
0.000748595
0.000740098
0.000742218
0.000751034
0.000748472
0.000737069
0.000730022
0.000725988
0.000714625
0.000694231
0.000672355
0.000653467
0.000634935
0.000613329
0.000590418
0.000572303
0.000565268
0.000574606
0.000606909
0.000673663
0.000794122
0.000999684
0.00134744
-8.17762e-05
-6.05938e-05
-2.35174e-05
3.03524e-05
9.13605e-05
0.000171087
0.000246267
0.000339422
0.000420511
0.000494545
0.000563307
0.000600019
0.000621625
0.000639705
0.000640393
0.000634792
0.000637024
0.000636316
0.000627366
0.000620462
0.000617547
0.000609561
0.000594693
0.000579114
0.000564709
0.000547237
0.000524304
0.000498651
0.000473497
0.000449147
0.000424448
0.000399982
0.000379014
0.000366369
0.00036777
0.000390702
0.00044659
0.000553479
0.000740809
0.00106163
-9.77421e-05
-7.79493e-05
-4.30636e-05
6.57091e-06
6.37998e-05
0.000134782
0.000204633
0.000283814
0.000355453
0.000417564
0.000472101
0.00050451
0.000521747
0.000533437
0.00053401
0.000527399
0.00052248
0.000516262
0.000504552
0.00049134
0.000479152
0.000464509
0.000445307
0.000423804
0.00040184
0.00037835
0.000351965
0.000323443
0.000294504
0.000266094
0.000238287
0.000211653
0.000188176
0.000171387
0.000166378
0.000180428
0.000224515
0.000315612
0.000481077
0.000769179
-0.000116288
-9.8022e-05
-6.56877e-05
-2.0523e-05
3.2061e-05
9.45844e-05
0.000157457
0.00022423
0.000285269
0.000336466
0.000378714
0.000404905
0.000417598
0.000423349
0.000421084
0.000412201
0.000401656
0.000389507
0.000373576
0.000355088
0.000335754
0.000314708
0.000290728
0.000264473
0.000237099
0.000208727
0.000178908
0.000147864
0.000116404
8.53384e-05
5.51589e-05
2.65567e-05
9.59914e-07
-1.90167e-05
-2.91969e-05
-2.31347e-05
9.13592e-06
8.3128e-05
0.000223709
0.000473759
-0.000137725
-0.000121131
-9.1705e-05
-5.12738e-05
-4.08098e-06
5.01056e-05
0.000104892
0.000160245
0.00021031
0.000251061
0.000282481
0.00030144
0.000308918
0.000309
0.000302448
0.000290086
0.000274562
0.000256773
0.000236007
0.000212623
0.000187593
0.000161014
0.000132476
0.000102205
7.08423e-05
3.8783e-05
6.07119e-06
-2.71069e-05
-6.03306e-05
-9.30429e-05
-0.000124738
-0.000154747
-0.000181959
-0.000204393
-0.000218741
-0.000219634
-0.000198516
-0.000141829
-2.77835e-05
0.000180536
-0.000162375
-0.000147602
-0.000121427
-8.60104e-05
-4.48294e-05
1.02642e-06
4.70367e-05
9.15706e-05
0.000130751
0.000161361
0.000182915
0.000194212
0.000195827
0.000190238
0.000178702
0.000162027
0.000141719
0.000118726
9.31152e-05
6.51421e-05
3.53968e-05
4.24604e-06
-2.82618e-05
-6.19149e-05
-9.63106e-05
-0.000131062
-0.000165946
-0.000200738
-0.00023516
-0.000268837
-0.000301367
-0.000332194
-0.000360458
-0.000384663
-0.00040227
-0.000409019
-0.000397943
-0.000357773
-0.000270255
-0.000104822
-0.000190556
-0.000177753
-0.000155149
-0.000125029
-9.03549e-05
-5.28813e-05
-1.60181e-05
1.80959e-05
4.66974e-05
6.7444e-05
7.97521e-05
8.32871e-05
7.85817e-05
6.72092e-05
5.03874e-05
2.89632e-05
3.94607e-06
-2.38394e-05
-5.39899e-05
-8.61605e-05
-0.000119883
-0.000154764
-0.00019054
-0.000226936
-0.000263634
-0.000300304
-0.000336694
-0.000372573
-0.000407723
-0.000441877
-0.000474741
-0.000505895
-0.000534704
-0.000560073
-0.000580124
-0.000591633
-0.000589212
-0.000563981
-0.00050141
-0.000377332
-0.000222573
-0.000211884
-0.000193137
-0.000168576
-0.000140781
-0.000111745
-8.41695e-05
-6.01529e-05
-4.17425e-05
-3.05511e-05
-2.70538e-05
-3.12084e-05
-4.24574e-05
-5.96997e-05
-8.18876e-05
-0.000108188
-0.000137794
-0.000169987
-0.000204248
-0.000240135
-0.00027723
-0.00031513
-0.000353497
-0.000392024
-0.000430424
-0.000468418
-0.000505777
-0.000542292
-0.000577786
-0.000612064
-0.000644917
-0.000676052
-0.000705027
-0.000731077
-0.000752877
-0.00076811
-0.000772832
-0.000760427
-0.00071997
-0.00063334
-0.0002587
-0.000250255
-0.000235606
-0.000216826
-0.000196165
-0.000175585
-0.000157271
-0.000143038
-0.000134399
-0.00013241
-0.000137357
-0.000149023
-0.000166836
-0.000189929
-0.000217412
-0.000248501
-0.000282478
-0.000318692
-0.000356588
-0.000395706
-0.00043562
-0.000475932
-0.000516299
-0.00055642
-0.000596031
-0.000634896
-0.000672818
-0.000709625
-0.000745176
-0.00077933
-0.000811947
-0.000842838
-0.000871718
-0.000898089
-0.000921072
-0.000939102
-0.000949465
-0.000947544
-0.000925638
-0.000870985
-0.000299153
-0.00029306
-0.000282697
-0.000269863
-0.000256474
-0.000244302
-0.000235098
-0.000230306
-0.000230998
-0.00023781
-0.000250834
-0.00026975
-0.000293981
-0.000322779
-0.000355365
-0.000391013
-0.000429055
-0.000468881
-0.000509956
-0.000551813
-0.000594033
-0.000636245
-0.000678126
-0.0007194
-0.000759832
-0.000799223
-0.000837411
-0.00087426
-0.000909665
-0.000943533
-0.000975778
-0.00100629
-0.00103491
-0.00106134
-0.00108506
-0.00110508
-0.00111969
-0.00112592
-0.00111879
-0.00109
-0.000344061
-0.000340403
-0.000334453
-0.000327654
-0.000321568
-0.000317676
-0.00031733
-0.000321589
-0.000331148
-0.000346318
-0.000367012
-0.000392839
-0.000423214
-0.000457453
-0.000494845
-0.000534719
-0.000576452
-0.000619473
-0.000663274
-0.000707407
-0.000751484
-0.000795168
-0.000838171
-0.000880247
-0.000921198
-0.000960856
-0.000999094
-0.00103581
-0.00107094
-0.00110442
-0.00113621
-0.00116628
-0.00119454
-0.00122087
-0.00124499
-0.00126636
-0.00128403
-0.0012963
-0.00130031
-0.00129124
-0.000393434
-0.000392251
-0.000390765
-0.000390002
-0.000391136
-0.000395302
-0.000403471
-0.000416333
-0.000434256
-0.000457292
-0.000485204
-0.000517534
-0.000553693
-0.000593025
-0.000634863
-0.000678564
-0.000723558
-0.000769329
-0.000815408
-0.000861387
-0.000906916
-0.000951698
-0.000995488
-0.00103808
-0.00107931
-0.00111906
-0.00115721
-0.00119372
-0.00122851
-0.00126158
-0.00129289
-0.00132244
-0.00135022
-0.0013762
-0.00140029
-0.00142233
-0.00144196
-0.0014585
-0.0014708
-0.00147681
-0.000447128
-0.000448434
-0.000451401
-0.000456595
-0.000464779
-0.000476709
-0.000492987
-0.000513959
-0.000539708
-0.000570071
-0.000604683
-0.000643031
-0.000684518
-0.000728506
-0.000774364
-0.000821506
-0.00086938
-0.000917502
-0.000965458
-0.00101289
-0.00105949
-0.00110502
-0.00114926
-0.00119207
-0.00123333
-0.00127296
-0.00131091
-0.00134712
-0.0013816
-0.00141434
-0.00144537
-0.00147471
-0.0015024
-0.00152846
-0.0015529
-0.00157568
-0.0015967
-0.00161577
-0.0016325
-0.00164628
-0.000504735
-0.000508464
-0.000515765
-0.000526709
-0.00054162
-0.000560884
-0.000584754
-0.000613269
-0.000646256
-0.00068337
-0.000724129
-0.000767961
-0.000814251
-0.000862383
-0.000911771
-0.00096187
-0.00101218
-0.00106226
-0.00111172
-0.00116023
-0.00120752
-0.00125335
-0.00129756
-0.00134001
-0.00138063
-0.00141939
-0.00145629
-0.00149134
-0.00152459
-0.00155611
-0.00158595
-0.00161421
-0.00164098
-0.00166642
-0.00169071
-0.00171414
-0.00173717
-0.00176052
-0.00178536
-0.00181337
-0.000565813
-0.000572014
-0.000583614
-0.000600172
-0.000621566
-0.000647798
-0.000678789
-0.000714302
-0.000753949
-0.00079723
-0.000843573
-0.000892364
-0.000942982
-0.000994828
-0.00104735
-0.00110004
-0.00115248
-0.00120431
-0.00125523
-0.00130501
-0.00135347
-0.00140046
-0.00144585
-0.00148954
-0.00153146
-0.00157154
-0.00160974
-0.00164605
-0.00168045
-0.00171295
-0.00174359
-0.00177236
-0.00179929
-0.00182435
-0.00184751
-0.00186862
-0.00188748
-0.0019037
-0.00191673
-0.0019258
-0.000628801
-0.000636983
-0.000652234
-0.000673693
-0.000700835
-0.000733277
-0.000770617
-0.000812356
-0.000857912
-0.00090665
-0.000957913
-0.00101104
-0.00106537
-0.00112031
-0.00117527
-0.00122972
-0.0012832
-0.00133528
-0.00138561
-0.00143392
-0.00147997
-0.00152363
-0.00156481
-0.00160347
-0.0016396
-0.00167326
-0.00170452
-0.0017335
-0.00176035
-0.00178532
-0.00180876
-0.00183126
-0.00185382
-0.00187811
-0.00190695
-0.00194499
-0.00199975
-0.00208321
-0.00221455
-0.00242558
-0.000694243
-0.000704904
-0.000724267
-0.000750899
-0.000783807
-0.000822284
-0.000865686
-0.000913315
-0.000964435
-0.00101831
-0.00107424
-0.00113156
-0.00118968
-0.00124808
-0.00130631
-0.00136402
-0.00142092
-0.00147678
-0.00153142
-0.0015847
-0.00163652
-0.00168677
-0.00173538
-0.00178229
-0.00182747
-0.00187087
-0.00191247
-0.00195224
-0.00199014
-0.00202605
-0.00205978
-0.00209091
-0.00211865
-0.00214158
-0.00215716
-0.0021611
-0.00214634
-0.00210147
-0.00200817
-0.0018359
-0.00075537
-0.000767307
-0.000789223
-0.000819438
-0.000856697
-0.000899927
-0.00094815
-0.00100044
-0.00105593
-0.00111375
-0.0011731
-0.00123324
-0.00129348
-0.00135322
-0.00141192
-0.00146913
-0.00152446
-0.00157763
-0.00162842
-0.00167669
-0.00172237
-0.00176542
-0.00180588
-0.00184381
-0.00187929
-0.00191243
-0.00194336
-0.00197222
-0.00199919
-0.00202449
-0.00204843
-0.00207153
-0.0020946
-0.00211905
-0.00214727
-0.00218324
-0.00223348
-0.00230853
-0.0024253
-0.00261185
-0.00082106
-0.000835375
-0.000861096
-0.00089599
-0.000938279
-0.000986646
-0.00104002
-0.00109737
-0.00115771
-0.00122014
-0.00128385
-0.00134815
-0.00141243
-0.0014762
-0.00153903
-0.00160059
-0.0016606
-0.00171885
-0.00177519
-0.00182947
-0.00188163
-0.00193159
-0.00197932
-0.0020248
-0.00206804
-0.00210905
-0.00214787
-0.00218451
-0.00221901
-0.00225133
-0.0022814
-0.00230893
-0.00233342
-0.00235381
-0.0023682
-0.00237325
-0.00236332
-0.00232916
-0.00225566
-0.00211785
-0.000865632
-0.000880435
-0.000907428
-0.000944303
-0.000989198
-0.00104049
-0.00109679
-0.0011569
-0.00121974
-0.00128433
-0.00134975
-0.00141521
-0.00148003
-0.00154363
-0.00160552
-0.00166533
-0.00172274
-0.00177756
-0.00182964
-0.00187892
-0.00192537
-0.00196902
-0.00200993
-0.00204818
-0.00208389
-0.00211717
-0.00214815
-0.00217698
-0.00220382
-0.00222886
-0.00225237
-0.00227471
-0.0022965
-0.00231874
-0.00234317
-0.00237269
-0.00241215
-0.00246948
-0.00255764
-0.00269776
-0.000928024
-0.000944901
-0.000975301
-0.00101643
-0.00106585
-0.00112175
-0.00118278
-0.00124773
-0.00131545
-0.00138488
-0.00145512
-0.0015254
-0.00159507
-0.00166357
-0.00173043
-0.00179528
-0.00185782
-0.00191783
-0.00197514
-0.00202965
-0.00208128
-0.00213003
-0.00217592
-0.00221899
-0.00225931
-0.00229697
-0.00233208
-0.00236474
-0.00239506
-0.0024231
-0.00244893
-0.00247247
-0.00249353
-0.00251159
-0.00252561
-0.00253369
-0.00253244
-0.00251615
-0.00247525
-0.00239404
0.00631199
0.00636779
0.0065511
0.00656177
0.00637025
0.00607336
0.0057457
0.00539752
0.00502813
0.00465662
0.00432005
0.00405218
0.00384653
0.00366757
0.00349435
0.00330775
0.00313087
0.00296694
0.00279583
0.00260775
0.00242502
0.00225094
0.00207968
0.00191792
0.00173705
0.00160784
0.00146109
0.0012617
0.00108887
0.000832818
0.000592419
0.000439119
0.000290118
0.000138869
-0.000147
-0.000409988
-0.000572252
-0.000883452
-0.00114411
-0.00134594
-0.00177649
-0.00210958
-0.00231168
-0.00287448
-0.00349755
-0.00375494
-0.00420686
-0.00531867
-0.00643882
-0.00678386
-0.00639976
-0.00579019
-0.00530754
-0.00503762
-0.00492535
-0.00490933
-0.00494769
-0.00501756
-0.00510675
-0.00521036
-0.00532661
-0.00545446
-0.0055938
-0.00574441
-0.00590614
-0.0060789
-0.00626265
-0.00645744
-0.00666341
-0.00688072
-0.00710965
-0.00735049
-0.0076036
-0.00786939
-0.00814833
-0.00844092
-0.00874771
-0.00906929
-0.0094063
-0.00975941
-0.0101294
-0.0105169
-0.0109229
-0.0113481
-0.0117935
-0.01226
-0.0127487
-0.0132605
-0.0137965
-0.0143581
-0.0149462
-0.0155625
-0.0162071
-0.0168843
-0.0175887
-0.0183351
-0.0190986
-0.0199121
-0.0207286
-0.0214966
0.00460732
0.00468343
0.00511595
0.00550742
0.00569703
0.00567065
0.00547753
0.00519021
0.00485993
0.00452881
0.00421608
0.00394558
0.00373479
0.00356195
0.0034157
0.00325585
0.00308606
0.00291702
0.00275403
0.00258062
0.00239361
0.00221395
0.00205157
0.00189333
0.00170611
0.00158002
0.00143268
0.00123324
0.00106605
0.000803878
0.000572323
0.000424694
0.000270829
0.000117277
-0.000173208
-0.000427633
-0.000586047
-0.000905052
-0.00116038
-0.00135882
-0.00179643
-0.0021221
-0.0023175
-0.00288122
-0.00350193
-0.0037463
-0.00419706
-0.00528789
-0.00639256
-0.00672706
-0.00634579
-0.0057615
-0.00529871
-0.00503983
-0.00493101
-0.00491485
-0.0049519
-0.00502046
-0.00510853
-0.00521137
-0.00532698
-0.00545451
-0.00559376
-0.00574436
-0.00590609
-0.00607885
-0.00626261
-0.00645741
-0.00666338
-0.0068807
-0.00710963
-0.00735047
-0.00760358
-0.00786938
-0.00814832
-0.00844091
-0.0087477
-0.00906928
-0.00940629
-0.00975941
-0.0101294
-0.0105169
-0.0109229
-0.0113481
-0.0117935
-0.01226
-0.0127486
-0.0132605
-0.0137965
-0.0143581
-0.0149462
-0.0155625
-0.0162071
-0.0168843
-0.0175887
-0.0183351
-0.0190986
-0.0199121
-0.0207286
-0.0214968
0.00438074
0.0044911
0.00497176
0.00541696
0.00565871
0.00566737
0.00548763
0.00519806
0.00486216
0.00452871
0.00421345
0.00393212
0.00370621
0.00352542
0.00338025
0.00323706
0.00307335
0.00289929
0.002734
0.0025675
0.00238607
0.0022071
0.00203705
0.00186898
0.0016851
0.00153332
0.00138763
0.00119563
0.00100665
0.000796796
0.000596406
0.000416115
0.000230028
5.5591e-05
-0.000195621
-0.000438646
-0.000628316
-0.000919983
-0.0011784
-0.00140646
-0.00179895
-0.00212581
-0.00237136
-0.00288108
-0.00344125
-0.00375206
-0.0042101
-0.00515245
-0.00607698
-0.00639748
-0.00614554
-0.00567496
-0.00528041
-0.00504219
-0.00493616
-0.00491722
-0.00495162
-0.00501901
-0.00510699
-0.00521006
-0.00532636
-0.0054543
-0.00559363
-0.00574425
-0.005906
-0.00607878
-0.00626255
-0.00645736
-0.00666334
-0.00688067
-0.0071096
-0.00735045
-0.00760356
-0.00786937
-0.00814831
-0.00844091
-0.0087477
-0.00906928
-0.00940629
-0.00975941
-0.0101294
-0.0105169
-0.0109229
-0.0113481
-0.0117935
-0.01226
-0.0127486
-0.0132605
-0.0137965
-0.0143581
-0.0149462
-0.0155625
-0.0162071
-0.0168843
-0.0175887
-0.0183351
-0.0190986
-0.0199121
-0.0207287
-0.0214969
0.00359321
0.00368373
0.00417152
0.00466137
0.00497644
0.00507759
0.00498753
0.00477565
0.00450462
0.00422265
0.00395526
0.00371001
0.00350789
0.00334358
0.00321194
0.00308802
0.00295283
0.0027968
0.0026329
0.00247501
0.0023098
0.00213592
0.00196018
0.00179899
0.00161861
0.00146606
0.00132811
0.00113548
0.000955446
0.000756273
0.000552575
0.000375371
0.000183074
1.09326e-05
-0.000225949
-0.000479177
-0.000664953
-0.000940423
-0.00121569
-0.00143899
-0.00180367
-0.00215176
-0.00240159
-0.0028651
-0.00341615
-0.00375493
-0.00418263
-0.00501857
-0.00588506
-0.00623443
-0.00602922
-0.00562787
-0.00526256
-0.00504593
-0.00494635
-0.00492732
-0.00495936
-0.00502431
-0.00511023
-0.00521222
-0.00532678
-0.00545418
-0.00559342
-0.00574406
-0.00590584
-0.00607864
-0.00626244
-0.00645727
-0.00666327
-0.00688061
-0.00710956
-0.00735041
-0.00760354
-0.00786934
-0.00814829
-0.00844089
-0.00874768
-0.00906927
-0.00940628
-0.0097594
-0.0101294
-0.0105169
-0.0109229
-0.0113481
-0.0117935
-0.01226
-0.0127486
-0.0132605
-0.0137965
-0.0143581
-0.0149462
-0.0155625
-0.0162071
-0.0168843
-0.0175887
-0.0183351
-0.0190986
-0.0199121
-0.0207288
-0.0214971
0.00326549
0.00337875
0.00389637
0.00442007
0.00477257
0.00490957
0.00484903
0.00465803
0.00440426
0.00413607
0.00388065
0.00364597
0.00344548
0.00328354
0.00315048
0.00303104
0.00290809
0.00276223
0.00259876
0.00243784
0.00228284
0.00211678
0.00193493
0.0017657
0.00159555
0.00143439
0.00129009
0.00111202
0.000915284
0.000727903
0.000549465
0.000358073
0.000159284
-2.50265e-05
-0.000256269
-0.000491986
-0.000693636
-0.000962452
-0.00122597
-0.0014672
-0.00181723
-0.0021475
-0.00242017
-0.00286204
-0.0033723
-0.00372104
-0.00415553
-0.00489679
-0.00562842
-0.00592423
-0.00579853
-0.00549366
-0.00521497
-0.00503083
-0.00494185
-0.00492482
-0.00495622
-0.00502105
-0.00510695
-0.00520976
-0.00532577
-0.00545366
-0.00559306
-0.00574377
-0.00590561
-0.00607846
-0.00626229
-0.00645716
-0.00666318
-0.00688054
-0.0071095
-0.00735037
-0.0076035
-0.00786932
-0.00814827
-0.00844087
-0.00874767
-0.00906926
-0.00940627
-0.0097594
-0.0101293
-0.0105169
-0.0109229
-0.0113481
-0.0117935
-0.01226
-0.0127486
-0.0132605
-0.0137965
-0.0143581
-0.0149462
-0.0155625
-0.0162071
-0.0168843
-0.0175888
-0.0183351
-0.0190986
-0.0199122
-0.0207289
-0.0214972
0.00283389
0.00294037
0.0034519
0.00397716
0.00434017
0.00449651
0.00446057
0.00429477
0.00406786
0.00382793
0.00360081
0.00339413
0.00321765
0.00307557
0.00296264
0.00285858
0.00275063
0.00262151
0.00246807
0.00231179
0.0021606
0.00200854
0.00183362
0.00166633
0.00150707
0.00134771
0.0012083
0.00103657
0.000845058
0.000666344
0.000488002
0.000301949
0.000103519
-8.14066e-05
-0.00029784
-0.000537904
-0.000743511
-0.000992115
-0.00126231
-0.00150897
-0.00183072
-0.00216485
-0.00245301
-0.00285422
-0.00333225
-0.00371037
-0.00412237
-0.00476381
-0.00542134
-0.00575499
-0.00569818
-0.00544448
-0.00519556
-0.00503004
-0.00494934
-0.00493359
-0.00496357
-0.00502642
-0.00511175
-0.00521151
-0.00532586
-0.00545323
-0.00559259
-0.00574337
-0.00590528
-0.0060782
-0.00626209
-0.006457
-0.00666305
-0.00688044
-0.00710942
-0.00735031
-0.00760346
-0.00786928
-0.00814825
-0.00844085
-0.00874766
-0.00906925
-0.00940627
-0.00975939
-0.0101293
-0.0105169
-0.0109229
-0.0113481
-0.0117935
-0.01226
-0.0127486
-0.0132605
-0.0137965
-0.0143581
-0.0149462
-0.0155625
-0.0162071
-0.0168843
-0.0175888
-0.0183351
-0.0190986
-0.0199122
-0.020729
-0.0214974
0.00250321
0.00262048
0.00314813
0.00368459
0.00405433
0.00421629
0.00418696
0.00403009
0.00381507
0.00359273
0.00338658
0.00320403
0.00305015
0.00292651
0.0028301
0.00273871
0.00264349
0.00252989
0.00238948
0.00223546
0.00208357
0.0019405
0.00178097
0.0016177
0.0014613
0.00130502
0.00116357
0.00100049
0.000805415
0.000626516
0.000462436
0.000273369
7.29278e-05
-0.000111508
-0.000326469
-0.000559439
-0.000769928
-0.00101568
-0.00127636
-0.00152639
-0.00184137
-0.0021655
-0.002454
-0.00283937
-0.00329029
-0.00366094
-0.00406186
-0.00463661
-0.00520863
-0.00549154
-0.00546471
-0.00528892
-0.00511288
-0.00499407
-0.00493071
-0.00492241
-0.00495418
-0.00501927
-0.00510513
-0.00520794
-0.00532407
-0.0054522
-0.00559186
-0.00574281
-0.00590485
-0.00607786
-0.00626182
-0.00645679
-0.00666289
-0.00688032
-0.00710933
-0.00735023
-0.0076034
-0.00786924
-0.00814821
-0.00844083
-0.00874764
-0.00906923
-0.00940626
-0.00975938
-0.0101293
-0.0105169
-0.0109229
-0.0113481
-0.0117935
-0.01226
-0.0127486
-0.0132605
-0.0137965
-0.0143581
-0.0149462
-0.0155625
-0.0162071
-0.0168843
-0.0175888
-0.0183351
-0.0190986
-0.0199123
-0.0207291
-0.0214976
0.00224545
0.00237549
0.00291692
0.00345854
0.00382245
0.00396951
0.00392247
0.0037524
0.00353418
0.00331914
0.00313083
0.00297017
0.00283861
0.00272953
0.0026436
0.00256358
0.00247882
0.00237799
0.00224493
0.00209284
0.00193884
0.00180654
0.00166774
0.00151144
0.00135567
0.00119975
0.00107021
0.00091911
0.000720542
0.000548253
0.000393878
0.000206745
8.76529e-06
-0.000174861
-0.000378416
-0.000605997
-0.000823729
-0.00105751
-0.00131044
-0.00156518
-0.00186261
-0.00217709
-0.00247439
-0.00283363
-0.00325032
-0.00362607
-0.00401357
-0.00451379
-0.00501848
-0.00532105
-0.00536642
-0.00525314
-0.00510725
-0.00499153
-0.00493537
-0.00492992
-0.00496231
-0.00502669
-0.00510969
-0.00520934
-0.00532371
-0.00545132
-0.00559101
-0.0057421
-0.00590428
-0.00607742
-0.00626148
-0.00645652
-0.00666269
-0.00688016
-0.00710921
-0.00735014
-0.00760333
-0.00786919
-0.00814817
-0.0084408
-0.00874762
-0.00906922
-0.00940625
-0.00975938
-0.0101293
-0.0105169
-0.0109229
-0.0113481
-0.0117935
-0.01226
-0.0127486
-0.0132605
-0.0137965
-0.0143581
-0.0149462
-0.0155625
-0.0162071
-0.0168843
-0.0175888
-0.0183351
-0.0190986
-0.0199123
-0.0207293
-0.0214978
0.0019994
0.00208514
0.00257787
0.00307732
0.00341325
0.00354884
0.00351207
0.00337111
0.00319513
0.00302611
0.00288197
0.00275421
0.00263699
0.00252735
0.00243979
0.00237225
0.0023058
0.00222354
0.00210293
0.00195657
0.00180833
0.00169256
0.00158202
0.0014357
0.00127543
0.00111871
0.000995885
0.00086422
0.000667201
0.000485502
0.000345454
0.00016607
-3.69664e-05
-0.000216373
-0.00041426
-0.000636208
-0.000851887
-0.00108556
-0.00133204
-0.00158002
-0.0018702
-0.00217791
-0.00246942
-0.00281101
-0.00320466
-0.00356824
-0.00393568
-0.00438655
-0.00483192
-0.00509987
-0.00515198
-0.00508479
-0.0049956
-0.00492861
-0.0048993
-0.00490665
-0.00494785
-0.00501309
-0.00510013
-0.00520381
-0.00532076
-0.00544956
-0.00558976
-0.00574115
-0.00590355
-0.00607685
-0.00626104
-0.00645619
-0.00666243
-0.00687996
-0.00710906
-0.00735003
-0.00760325
-0.00786912
-0.00814813
-0.00844077
-0.00874759
-0.0090692
-0.00940623
-0.00975937
-0.0101293
-0.0105169
-0.0109229
-0.0113481
-0.0117935
-0.01226
-0.0127486
-0.0132605
-0.0137966
-0.0143581
-0.0149462
-0.0155625
-0.0162071
-0.0168843
-0.0175888
-0.0183351
-0.0190986
-0.0199124
-0.0207294
-0.021498
0.00307021
0.00310633
0.00306108
0.0029856
0.00290023
0.00281103
0.00273142
0.00267549
0.00265092
0.00264149
0.00261988
0.00255671
0.00245062
0.00232644
0.00221992
0.00215123
0.00209729
0.00203345
0.00192908
0.00179101
0.00164955
0.00154299
0.00145639
0.00132372
0.00116244
0.00100475
0.000881418
0.000770721
0.000589863
0.000398254
0.000261815
9.87422e-05
-0.000103566
-0.000284185
-0.000472058
-0.000686443
-0.00090065
-0.0011287
-0.0013692
-0.00161295
-0.00188978
-0.00218664
-0.00247687
-0.00280027
-0.00316454
-0.00351768
-0.00387134
-0.00427134
-0.00466517
-0.00493764
-0.00504719
-0.00503759
-0.00498066
-0.00492752
-0.00490441
-0.00491475
-0.00495707
-0.00502023
-0.00510419
-0.00520456
-0.00531964
-0.00544798
-0.00558833
-0.00573999
-0.00590264
-0.00607615
-0.0062605
-0.00645577
-0.00666211
-0.00687972
-0.00710887
-0.00734989
-0.00760314
-0.00786905
-0.00814807
-0.00844073
-0.00874756
-0.00906918
-0.00940622
-0.00975936
-0.0101293
-0.0105169
-0.0109229
-0.0113481
-0.0117935
-0.01226
-0.0127487
-0.0132605
-0.0137966
-0.0143581
-0.0149462
-0.0155625
-0.0162071
-0.0168843
-0.0175888
-0.0183351
-0.0190987
-0.0199125
-0.0207296
-0.0214982
0.00273683
0.00273262
0.00267946
0.00260153
0.00251052
0.00241587
0.00233492
0.00228724
0.00228378
0.00231101
0.00233813
0.00232696
0.00225746
0.00214611
0.00202843
0.00194153
0.00188151
0.00182695
0.00174634
0.00163034
0.00150302
0.00139778
0.0013197
0.00120808
0.00105766
0.000903823
0.000773609
0.000670483
0.000518098
0.000325492
0.000179872
3.44956e-05
-0.0001595
-0.000343519
-0.000522814
-0.000729928
-0.000939502
-0.00116026
-0.00139795
-0.00163515
-0.00189797
-0.00218618
-0.00246993
-0.00277528
-0.00311721
-0.00345467
-0.00378718
-0.00414973
-0.00450306
-0.00475274
-0.00486135
-0.00487592
-0.00485849
-0.00484387
-0.00484793
-0.00487593
-0.0049278
-0.00499981
-0.00509054
-0.00519656
-0.00531517
-0.0054452
-0.00558636
-0.00573851
-0.0059015
-0.00607527
-0.00625983
-0.00645526
-0.00666172
-0.00687942
-0.00710865
-0.00734972
-0.00760302
-0.00786896
-0.00814801
-0.00844068
-0.00874753
-0.00906916
-0.0094062
-0.00975935
-0.0101293
-0.0105169
-0.0109228
-0.0113481
-0.0117935
-0.01226
-0.0127487
-0.0132605
-0.0137966
-0.0143581
-0.0149462
-0.0155625
-0.0162071
-0.0168844
-0.0175888
-0.0183352
-0.0190987
-0.0199125
-0.0207298
-0.0214984
0.00354758
0.00345785
0.00297886
0.00246744
0.00208117
0.00185614
0.00177935
0.00180449
0.00188049
0.00196629
0.00203211
0.0020557
0.00202168
0.00193733
0.0018266
0.00172553
0.00165056
0.00159553
0.00153762
0.001454
0.00134935
0.00124246
0.00115669
0.00106294
0.000934799
0.000791757
0.00065621
0.000549246
0.000422594
0.00024597
8.90521e-05
-4.89864e-05
-0.000225623
-0.000410739
-0.000585938
-0.000781959
-0.000987802
-0.00120065
-0.00143082
-0.00166458
-0.00191446
-0.00218879
-0.00246652
-0.00275742
-0.00307474
-0.003395
-0.0037118
-0.0040408
-0.00435774
-0.00460356
-0.00475019
-0.0048143
-0.00483166
-0.00483599
-0.0048496
-0.0048816
-0.00493442
-0.00500536
-0.00509307
-0.00519588
-0.00531279
-0.00544259
-0.00558412
-0.00573672
-0.00590011
-0.0060742
-0.00625901
-0.00645463
-0.00666124
-0.00687906
-0.00710838
-0.00734952
-0.00760287
-0.00786885
-0.00814793
-0.00844062
-0.00874749
-0.00906913
-0.00940619
-0.00975934
-0.0101293
-0.0105169
-0.0109228
-0.0113481
-0.0117935
-0.01226
-0.0127487
-0.0132605
-0.0137966
-0.0143581
-0.0149462
-0.0155625
-0.0162071
-0.0168844
-0.0175888
-0.0183352
-0.0190988
-0.0199126
-0.02073
-0.0214986
0.0033374
0.00320686
0.00268505
0.00213956
0.00173495
0.00151067
0.00145006
0.00149812
0.0015937
0.00169171
0.00176451
0.0017975
0.00178067
0.00171695
0.00162112
0.00151965
0.00143621
0.0013765
0.00132954
0.00127078
0.00118804
0.0010873
0.00099419
0.000907943
0.000800572
0.00067315
0.000540682
0.000426305
0.00031303
0.000159177
-7.77231e-07
-0.000139612
-0.000299416
-0.000478907
-0.000652235
-0.000838038
-0.0010375
-0.00124269
-0.00146359
-0.00169173
-0.00192967
-0.00218963
-0.00245786
-0.0027338
-0.00302993
-0.00333215
-0.00362915
-0.00393038
-0.00422001
-0.00445138
-0.00459585
-0.00467031
-0.00471054
-0.00474241
-0.00478007
-0.00483063
-0.00489683
-0.00497854
-0.00507529
-0.0051852
-0.00530651
-0.00543851
-0.00558118
-0.0057345
-0.00589841
-0.0060729
-0.00625801
-0.00645387
-0.00666066
-0.00687863
-0.00710805
-0.00734928
-0.00760269
-0.00786871
-0.00814783
-0.00844056
-0.00874745
-0.0090691
-0.00940617
-0.00975933
-0.0101293
-0.0105169
-0.0109229
-0.0113481
-0.0117935
-0.01226
-0.0127487
-0.0132605
-0.0137966
-0.0143581
-0.0149462
-0.0155625
-0.0162071
-0.0168844
-0.0175888
-0.0183352
-0.0190988
-0.0199127
-0.0207302
-0.0214988
0.00318974
0.00306908
0.00254661
0.00199121
0.00157142
0.00133117
0.00125662
0.00129404
0.00138126
0.00147139
0.00153665
0.00156426
0.00154927
0.00149531
0.00141376
0.00132244
0.00124128
0.00117966
0.00113371
0.00108479
0.00101708
0.000928807
0.000835605
0.000749368
0.000654664
0.000543105
0.000420635
0.000303784
0.000193883
5.96029e-05
-9.26423e-05
-0.000233694
-0.000382035
-0.000550867
-0.000721488
-0.000898252
-0.00108909
-0.00128731
-0.00149719
-0.00171763
-0.00194631
-0.0021911
-0.00244727
-0.00271046
-0.00298666
-0.00326964
-0.00355031
-0.00382891
-0.00409372
-0.00431715
-0.00448234
-0.00459394
-0.00466753
-0.00472175
-0.00477255
-0.00482988
-0.00489861
-0.00498003
-0.00507447
-0.0051819
-0.00530215
-0.00543443
-0.00557784
-0.00573188
-0.00589639
-0.00607134
-0.00625682
-0.00645296
-0.00665997
-0.00687811
-0.00710766
-0.00734899
-0.00760247
-0.00786856
-0.00814772
-0.00844048
-0.00874739
-0.00906907
-0.00940615
-0.00975931
-0.0101293
-0.0105169
-0.0109229
-0.0113481
-0.0117935
-0.01226
-0.0127487
-0.0132605
-0.0137966
-0.0143581
-0.0149462
-0.0155625
-0.0162071
-0.0168844
-0.0175888
-0.0183352
-0.0190989
-0.0199128
-0.0207304
-0.0214991
0.00298162
0.00286557
0.00234531
0.0017868
0.00136087
0.00111459
0.00103609
0.00107164
0.00115785
0.00124596
0.00130758
0.00133079
0.00131425
0.00126449
0.00119316
0.00111386
0.0010407
0.000981511
0.00093489
0.000889487
0.00083236
0.000757548
0.000670581
0.000584514
0.000497232
0.000399872
0.000290867
0.000177248
6.71507e-05
-5.32668e-05
-0.000191963
-0.000331522
-0.000472923
-0.000629529
-0.000793886
-0.000963236
-0.00114439
-0.00133432
-0.00153387
-0.00174455
-0.00196342
-0.00219451
-0.00243724
-0.00268679
-0.00294558
-0.00321066
-0.00347348
-0.003732
-0.00397918
-0.00419399
-0.0043583
-0.00447394
-0.00455868
-0.0046298
-0.00469873
-0.00477254
-0.00485527
-0.00494874
-0.00505346
-0.00516877
-0.00529389
-0.00542875
-0.00557364
-0.0057287
-0.00589395
-0.00606947
-0.00625539
-0.00645187
-0.00665915
-0.00687749
-0.0071072
-0.00734864
-0.00760222
-0.00786838
-0.00814759
-0.00844039
-0.00874733
-0.00906903
-0.00940612
-0.0097593
-0.0101293
-0.0105169
-0.0109229
-0.0113481
-0.0117935
-0.01226
-0.0127487
-0.0132605
-0.0137966
-0.0143581
-0.0149462
-0.0155625
-0.0162071
-0.0168844
-0.0175888
-0.0183353
-0.0190989
-0.0199129
-0.0207306
-0.0214993
0.00273903
0.0026328
0.0021258
0.00157645
0.00115494
0.000910171
0.000832198
0.000868303
0.000955038
0.00104251
0.00110158
0.00112042
0.00109999
0.00104982
0.000983162
0.000912479
0.000847702
0.000793652
0.000748506
0.000704646
0.00065226
0.000585824
0.000507239
0.000424927
0.000341988
0.000253538
0.000155345
4.88871e-05
-5.87289e-05
-0.000171137
-0.000297498
-0.000431123
-0.000567006
-0.000712962
-0.000868989
-0.00103111
-0.00120257
-0.00138343
-0.00157293
-0.00177285
-0.00198161
-0.00219982
-0.0024284
-0.00266445
-0.00290695
-0.00315414
-0.0034009
-0.00364288
-0.00387284
-0.00407799
-0.00424936
-0.00438773
-0.00449943
-0.00459281
-0.00467721
-0.00476052
-0.00484809
-0.00494299
-0.00504702
-0.00516143
-0.00528678
-0.00542275
-0.00556888
-0.00572499
-0.00589109
-0.00606727
-0.00625371
-0.00645059
-0.00665818
-0.00687675
-0.00710665
-0.00734824
-0.00760192
-0.00786816
-0.00814744
-0.00844028
-0.00874726
-0.00906898
-0.00940609
-0.00975929
-0.0101293
-0.0105169
-0.0109229
-0.0113481
-0.0117935
-0.01226
-0.0127487
-0.0132605
-0.0137966
-0.0143581
-0.0149462
-0.0155625
-0.0162072
-0.0168844
-0.0175889
-0.0183353
-0.019099
-0.019913
-0.0207309
-0.0214996
0.00248266
0.00238746
0.00190063
0.00136843
0.000957993
0.000718845
0.000642395
0.000677681
0.000762453
0.000847068
0.000902202
0.000916293
0.000891764
0.000840237
0.00077629
0.000712121
0.000655148
0.000607178
0.000564803
0.000521708
0.00047132
0.000410439
0.000339708
0.000263279
0.000184589
0.000101928
1.23892e-05
-8.48653e-05
-0.000187354
-0.000294524
-0.000410664
-0.000535321
-0.000664997
-0.00080218
-0.000948709
-0.00110257
-0.00126456
-0.00143562
-0.00161523
-0.00180406
-0.00200156
-0.0022074
-0.00242216
-0.00264399
-0.00287122
-0.0031025
-0.00333352
-0.00355965
-0.00377698
-0.00397693
-0.00414953
-0.00429162
-0.00440896
-0.00451168
-0.00460801
-0.00470406
-0.004804
-0.00491036
-0.0050244
-0.00514638
-0.00527644
-0.00541519
-0.00556316
-0.00572061
-0.00588773
-0.00606469
-0.00625173
-0.00644909
-0.00665704
-0.00687589
-0.00710601
-0.00734776
-0.00760158
-0.00786791
-0.00814726
-0.00844016
-0.00874718
-0.00906893
-0.00940606
-0.00975927
-0.0101293
-0.0105169
-0.0109229
-0.0113481
-0.0117935
-0.01226
-0.0127487
-0.0132605
-0.0137966
-0.0143581
-0.0149462
-0.0155625
-0.0162072
-0.0168844
-0.0175889
-0.0183353
-0.0190991
-0.0199131
-0.0207312
-0.0214999
0.00221479
0.00213043
0.00166852
0.00115948
0.000765463
0.000535554
0.000461776
0.000495192
0.000575799
0.000655416
0.000705418
0.000714881
0.0006873
0.000635507
0.000574593
0.000516211
0.00046587
0.000423058
0.000383283
0.000341136
0.000292461
0.000235493
0.00017074
0.000100439
2.67712e-05
-5.04421e-05
-0.000133029
-0.000222723
-0.000318862
-0.000419902
-0.000527647
-0.000643576
-0.000765984
-0.000894966
-0.00103223
-0.00117731
-0.00133
-0.00149107
-0.00166037
-0.00183803
-0.00202401
-0.00221761
-0.00241876
-0.0026267
-0.00283972
-0.00305589
-0.00327243
-0.00348607
-0.00369205
-0.00388355
-0.00405476
-0.00420571
-0.00433957
-0.00446007
-0.00457124
-0.00467804
-0.00478482
-0.00489484
-0.00501062
-0.00513404
-0.00526608
-0.00540693
-0.0055567
-0.00571559
-0.00588384
-0.0060617
-0.00624944
-0.00644734
-0.00665571
-0.00687489
-0.00710526
-0.00734721
-0.00760117
-0.00786762
-0.00814705
-0.00844002
-0.00874708
-0.00906887
-0.00940603
-0.00975926
-0.0101293
-0.0105169
-0.0109229
-0.0113481
-0.0117935
-0.0122601
-0.0127487
-0.0132605
-0.0137966
-0.0143582
-0.0149462
-0.0155625
-0.0162072
-0.0168844
-0.0175889
-0.0183354
-0.0190992
-0.0199132
-0.0207314
-0.0215001
0.00193597
0.0018622
0.00142923
0.000948515
0.000575568
0.000358293
0.000288784
0.000320142
0.000395146
0.000467929
0.000511471
0.00051613
0.000486489
0.000435782
0.000378629
0.000325512
0.000280423
0.000241572
0.000204094
0.000163228
0.000116143
6.22195e-05
2.32149e-06
-6.23416e-05
-0.000130815
-0.000203141
-0.000280328
-0.000363322
-0.000452329
-0.000547035
-0.000647858
-0.000755616
-0.00087011
-0.000991217
-0.00111964
-0.00125552
-0.00139878
-0.00154985
-0.00170876
-0.00187535
-0.00204951
-0.00223092
-0.00241934
-0.002614
-0.00281339
-0.00301589
-0.00321923
-0.00342022
-0.00361527
-0.00380053
-0.00397221
-0.00412763
-0.00426711
-0.00439351
-0.00451229
-0.00462811
-0.00474446
-0.00486384
-0.0049878
-0.00511733
-0.00525352
-0.0053973
-0.00554926
-0.00570983
-0.00587939
-0.00605827
-0.0062468
-0.00644532
-0.00665418
-0.00687374
-0.0071044
-0.00734657
-0.0076007
-0.00786728
-0.00814682
-0.00843985
-0.00874698
-0.0090688
-0.00940599
-0.00975924
-0.0101293
-0.0105169
-0.0109229
-0.0113481
-0.0117936
-0.0122601
-0.0127487
-0.0132605
-0.0137966
-0.0143582
-0.0149462
-0.0155625
-0.0162072
-0.0168845
-0.017589
-0.0183354
-0.0190993
-0.0199134
-0.0207317
-0.0215004
0.00164455
0.00158168
0.00118227
0.000735373
0.000388154
0.000186767
0.000123062
0.000152259
0.000220415
0.000284727
0.000320581
0.000320193
0.000289197
0.000240612
0.000187838
0.000139734
9.89316e-05
6.29641e-05
2.71629e-05
-1.24557e-05
-5.77761e-05
-0.000108792
-0.000164652
-0.000224606
-0.000288299
-0.000355878
-0.000427881
-0.000505001
-0.000587788
-0.000676203
-0.000770228
-0.000870438
-0.000977137
-0.00109028
-0.00121017
-0.00133703
-0.00147091
-0.001612
-0.00176039
-0.00191602
-0.00207889
-0.0022487
-0.00242484
-0.00260665
-0.00279308
-0.00298265
-0.00317347
-0.00336325
-0.00354939
-0.00372862
-0.00389759
-0.00405436
-0.0041995
-0.00433549
-0.004465
-0.00459041
-0.0047142
-0.004839
-0.00496721
-0.00510059
-0.00524017
-0.00538675
-0.00554097
-0.00570335
-0.00587435
-0.00605436
-0.00624379
-0.00644302
-0.00665242
-0.00687242
-0.00710341
-0.00734584
-0.00760017
-0.0078669
-0.00814655
-0.00843967
-0.00874686
-0.00906873
-0.00940595
-0.00975922
-0.0101293
-0.0105169
-0.0109229
-0.0113482
-0.0117936
-0.0122601
-0.0127487
-0.0132606
-0.0137966
-0.0143582
-0.0149463
-0.0155626
-0.0162072
-0.0168845
-0.017589
-0.0183355
-0.0190994
-0.0199135
-0.020732
-0.0215008
0.00133981
0.00128825
0.000927532
0.000520375
0.000203609
2.09435e-05
-3.60493e-05
-9.57583e-06
5.0408e-05
0.000104899
0.000132283
0.000126914
9.52557e-05
4.95961e-05
1.59188e-06
-4.17615e-05
-7.90529e-05
-0.000112959
-0.000147532
-0.000185886
-0.000229277
-0.000277489
-0.000329776
-0.000385615
-0.00044494
-0.000508024
-0.000575313
-0.000647281
-0.000724267
-0.00080646
-0.000894053
-0.000987333
-0.00108657
-0.00119189
-0.00130341
-0.00142137
-0.00154605
-0.00167754
-0.0018159
-0.0019611
-0.00211302
-0.00227129
-0.00243551
-0.00260517
-0.00277942
-0.00295701
-0.00313647
-0.00331594
-0.00349321
-0.00366593
-0.00383188
-0.00398965
-0.00413896
-0.00428061
-0.00441621
-0.00454801
-0.00467854
-0.00480993
-0.00494394
-0.00508205
-0.00522546
-0.00537512
-0.0055318
-0.00569615
-0.00586872
-0.00604998
-0.0062404
-0.00644041
-0.00665044
-0.00687091
-0.00710228
-0.007345
-0.00759956
-0.00786647
-0.00814624
-0.00843946
-0.00874672
-0.00906865
-0.00940591
-0.00975921
-0.0101293
-0.0105169
-0.0109229
-0.0113482
-0.0117936
-0.0122601
-0.0127488
-0.0132606
-0.0137967
-0.0143582
-0.0149463
-0.0155626
-0.0162072
-0.0168845
-0.0175891
-0.0183355
-0.0190995
-0.0199137
-0.0207324
-0.0215011
0.00102316
0.000982759
0.000665285
0.000303405
2.13831e-05
-0.000140331
-0.000190283
-0.000167383
-0.000116744
-7.28687e-05
-5.40022e-05
-6.37234e-05
-9.51927e-05
-0.000137353
-0.000180557
-0.000219613
-0.000254031
-0.000286363
-0.000319896
-0.000356947
-0.000398334
-0.000443808
-0.000492803
-0.000544988
-0.000600413
-0.000659372
-0.000722238
-0.000789354
-0.000861024
-0.000937503
-0.00101896
-0.00110559
-0.00119764
-0.00129534
-0.00139895
-0.00150874
-0.00162475
-0.00174698
-0.00187554
-0.0020105
-0.00215173
-0.00229904
-0.00245208
-0.00261037
-0.00277318
-0.00293956
-0.00310831
-0.003278
-0.003447
-0.00361358
-0.00377603
-0.00393303
-0.00408404
-0.0042294
-0.00437018
-0.00450794
-0.00464446
-0.00478144
-0.00492043
-0.00506285
-0.00520992
-0.00536265
-0.00552186
-0.00568828
-0.00586252
-0.00604514
-0.00623664
-0.00643751
-0.00664822
-0.00686923
-0.00710102
-0.00734407
-0.00759888
-0.00786598
-0.0081459
-0.00843923
-0.00874657
-0.00906856
-0.00940586
-0.00975919
-0.0101293
-0.0105169
-0.010923
-0.0113482
-0.0117936
-0.0122602
-0.0127488
-0.0132606
-0.0137967
-0.0143582
-0.0149463
-0.0155626
-0.0162073
-0.0168845
-0.0175891
-0.0183356
-0.0190997
-0.0199138
-0.0207327
-0.0215014
0.000698273
0.000668043
0.000396839
8.44584e-05
-0.000159521
-0.000298805
-0.00034178
-0.000323252
-0.000282676
-0.000249524
-0.000238567
-0.000251662
-0.000282141
-0.000320539
-0.000359224
-0.000394536
-0.000426564
-0.000457549
-0.000490035
-0.000525689
-0.000565042
-0.000607883
-0.000653823
-0.000702671
-0.000754515
-0.000809628
-0.000868331
-0.000930917
-0.000997639
-0.00106871
-0.00114434
-0.00122477
-0.00131023
-0.00140099
-0.00149723
-0.00159902
-0.00170649
-0.00181981
-0.00193911
-0.0020644
-0.00219562
-0.0023326
-0.00247506
-0.00262258
-0.00277465
-0.00293053
-0.0030893
-0.00324987
-0.00341098
-0.00357129
-0.00372951
-0.00388458
-0.00403593
-0.00418356
-0.00432801
-0.00447025
-0.00461152
-0.00475321
-0.00489666
-0.00504314
-0.00519375
-0.00534951
-0.00551128
-0.00567982
-0.00585581
-0.00603986
-0.00623251
-0.00643431
-0.00664576
-0.00686736
-0.00709962
-0.00734303
-0.00759812
-0.00786544
-0.00814553
-0.00843898
-0.00874641
-0.00906847
-0.00940582
-0.00975918
-0.0101293
-0.010517
-0.010923
-0.0113483
-0.0117937
-0.0122602
-0.0127488
-0.0132606
-0.0137967
-0.0143583
-0.0149463
-0.0155626
-0.0162073
-0.0168846
-0.0175892
-0.0183357
-0.0190998
-0.019914
-0.020733
-0.0215018
0.000371267
0.000349462
0.000125312
-0.000135556
-0.000339875
-0.000456289
-0.00049269
-0.000479084
-0.000448694
-0.000425723
-0.000421629
-0.00043702
-0.000465876
-0.000500487
-0.000535067
-0.000567148
-0.000597113
-0.000626808
-0.000658138
-0.000692276
-0.000729569
-0.000769865
-0.000812918
-0.000858634
-0.000907125
-0.000958632
-0.00101343
-0.00107177
-0.00113389
-0.00119998
-0.00127027
-0.00134495
-0.00142424
-0.00150832
-0.00159738
-0.00169162
-0.00179123
-0.00189632
-0.00200693
-0.00212311
-0.00224486
-0.00237208
-0.00250458
-0.00264207
-0.00278412
-0.00293019
-0.0030796
-0.0032315
-0.00338497
-0.00353898
-0.00369257
-0.00384487
-0.00399532
-0.00414374
-0.00429033
-0.00443567
-0.00458061
-0.00472616
-0.00487343
-0.00502349
-0.00517737
-0.00533601
-0.00550027
-0.00567093
-0.0058487
-0.00603421
-0.00622807
-0.00643085
-0.0066431
-0.00686533
-0.00709809
-0.00734189
-0.00759729
-0.00786484
-0.00814512
-0.00843871
-0.00874624
-0.00906837
-0.00940577
-0.00975917
-0.0101293
-0.010517
-0.010923
-0.0113483
-0.0117937
-0.0122602
-0.0127489
-0.0132607
-0.0137968
-0.0143583
-0.0149464
-0.0155627
-0.0162073
-0.0168846
-0.0175892
-0.0183358
-0.0191
-0.0199142
-0.0207334
-0.0215021
4.97894e-05
3.42536e-05
-0.000144618
-0.000354772
-0.000519979
-0.000614314
-0.000644827
-0.000636303
-0.000615562
-0.000601662
-0.000603124
-0.000619799
-0.000646618
-0.000677604
-0.000708537
-0.000737816
-0.000765921
-0.000794293
-0.000824321
-0.000856823
-0.000892035
-0.000929863
-0.000970168
-0.00101293
-0.00105826
-0.00110638
-0.00115751
-0.00121188
-0.00126968
-0.00133112
-0.00139637
-0.00146563
-0.0015391
-0.00161698
-0.0016995
-0.00178682
-0.00187908
-0.00197639
-0.00207884
-0.00218652
-0.00229944
-0.00241759
-0.00254083
-0.00266895
-0.00280166
-0.00293856
-0.00307916
-0.00322284
-0.00336891
-0.00351663
-0.00366523
-0.00381404
-0.00396256
-0.00411051
-0.00425793
-0.00440511
-0.00455258
-0.00470106
-0.0048514
-0.0050045
-0.00516125
-0.00532251
-0.00548911
-0.00566181
-0.00584132
-0.0060283
-0.00622339
-0.00642718
-0.00664025
-0.00686315
-0.00709644
-0.00734067
-0.0075964
-0.00786421
-0.00814468
-0.00843842
-0.00874606
-0.00906827
-0.00940573
-0.00975917
-0.0101293
-0.010517
-0.0109231
-0.0113484
-0.0117938
-0.0122603
-0.0127489
-0.0132607
-0.0137968
-0.0143583
-0.0149464
-0.0155627
-0.0162074
-0.0168847
-0.0175893
-0.0183359
-0.0191002
-0.0199144
-0.0207338
-0.0215025
-0.000258758
-0.000270173
-0.000407771
-0.000570702
-0.000699443
-0.00077358
-0.000799047
-0.00079536
-0.000783197
-0.000776913
-0.000782595
-0.000799739
-0.000824351
-0.000852007
-0.000879749
-0.000906574
-0.000932943
-0.000959933
-0.000988533
-0.00101932
-0.00105245
-0.00108789
-0.00112557
-0.00116552
-0.00120786
-0.00125276
-0.00130043
-0.00135105
-0.00140482
-0.0014619
-0.00152248
-0.00158674
-0.00165486
-0.00172705
-0.00180347
-0.00188431
-0.00196971
-0.00205982
-0.00215475
-0.00225458
-0.00235934
-0.00246907
-0.00258372
-0.00270315
-0.00282717
-0.00295552
-0.00308784
-0.00322371
-0.00336263
-0.00350405
-0.00364741
-0.00379218
-0.00393794
-0.0040844
-0.00423149
-0.00437933
-0.00452822
-0.00467867
-0.00483129
-0.00498679
-0.00514592
-0.00530945
-0.00547814
-0.00565271
-0.00583387
-0.00602228
-0.00621858
-0.00642338
-0.00663728
-0.00686087
-0.00709471
-0.00733938
-0.00759546
-0.00786354
-0.00814422
-0.00843812
-0.00874588
-0.00906818
-0.0094057
-0.00975919
-0.0101294
-0.0105171
-0.0109231
-0.0113484
-0.0117938
-0.0122604
-0.012749
-0.0132608
-0.0137968
-0.0143584
-0.0149464
-0.0155627
-0.0162074
-0.0168847
-0.0175894
-0.018336
-0.0191004
-0.0199147
-0.0207341
-0.0215029
-0.000548322
-0.000557414
-0.000659329
-0.000780654
-0.000877235
-0.000933842
-0.000955158
-0.00095575
-0.000950778
-0.000950555
-0.000959257
-0.0009763
-0.00099873
-0.00102343
-0.00104842
-0.00107308
-0.00109781
-0.00112338
-0.00115048
-0.00117951
-0.0012106
-0.00124375
-0.00127895
-0.00131624
-0.00135574
-0.00139761
-0.00144203
-0.00148916
-0.00153916
-0.00159221
-0.00164846
-0.00170808
-0.00177126
-0.00183816
-0.00190897
-0.00198385
-0.00206297
-0.00214648
-0.00223448
-0.00232707
-0.00242434
-0.00252632
-0.00263304
-0.00274444
-0.00286041
-0.00298079
-0.00310535
-0.00323381
-0.00336583
-0.00350101
-0.00363896
-0.00377928
-0.00392163
-0.00406575
-0.00421153
-0.00435898
-0.00450828
-0.00465973
-0.00481379
-0.00497098
-0.00513194
-0.0052973
-0.00546775
-0.00564397
-0.00582661
-0.00601633
-0.00621377
-0.00641955
-0.00663428
-0.00685854
-0.00709294
-0.00733806
-0.0075945
-0.00786286
-0.00814375
-0.00843782
-0.00874571
-0.0090681
-0.00940569
-0.00975922
-0.0101294
-0.0105172
-0.0109232
-0.0113485
-0.0117939
-0.0122604
-0.0127491
-0.0132609
-0.0137969
-0.0143584
-0.0149465
-0.0155628
-0.0162075
-0.0168848
-0.0175895
-0.0183361
-0.0191006
-0.0199149
-0.0207345
-0.0215033
-0.000815269
-0.000823316
-0.000895848
-0.000982361
-0.00105201
-0.00109413
-0.00111214
-0.00111628
-0.00111702
-0.0011214
-0.00113214
-0.00114873
-0.00116915
-0.00119131
-0.00121395
-0.00123671
-0.0012599
-0.00128406
-0.00130965
-0.00133696
-0.0013661
-0.00139708
-0.00142994
-0.00146475
-0.0015016
-0.00154065
-0.00158203
-0.00162591
-0.00167243
-0.00172175
-0.00177401
-0.00182937
-0.00188801
-0.00195008
-0.00201576
-0.0020852
-0.00215857
-0.00223602
-0.00231769
-0.00240367
-0.00249408
-0.00258898
-0.00268843
-0.00279244
-0.00290098
-0.00301396
-0.00313126
-0.00325271
-0.00337809
-0.00350715
-0.00363961
-0.0037752
-0.00391365
-0.00405477
-0.00419843
-0.00434459
-0.00449335
-0.00464491
-0.00479956
-0.00495773
-0.00511988
-0.00528658
-0.00545839
-0.00563593
-0.00581983
-0.0060107
-0.00620917
-0.00641585
-0.00663134
-0.00685625
-0.00709119
-0.00733675
-0.00759354
-0.00786219
-0.0081433
-0.00843754
-0.00874556
-0.00906804
-0.0094057
-0.00975927
-0.0101295
-0.0105173
-0.0109233
-0.0113486
-0.011794
-0.0122605
-0.0127492
-0.0132609
-0.013797
-0.0143585
-0.0149466
-0.0155629
-0.0162076
-0.0168849
-0.0175896
-0.0183363
-0.0191008
-0.0199152
-0.0207349
-0.0215037
-0.00105841
-0.00106618
-0.00111557
-0.00117431
-0.00122246
-0.00125311
-0.00126856
-0.00127546
-0.00128053
-0.00128823
-0.00130025
-0.00131623
-0.00133488
-0.00135491
-0.00137556
-0.00139667
-0.00141844
-0.00144124
-0.00146539
-0.00149106
-0.00151837
-0.00154735
-0.00157806
-0.00161056
-0.00164498
-0.00168141
-0.00172002
-0.00176091
-0.00180424
-0.00185014
-0.00189876
-0.00195024
-0.00200474
-0.00206242
-0.00212343
-0.00218793
-0.00225609
-0.00232805
-0.00240395
-0.00248393
-0.0025681
-0.00265655
-0.00274937
-0.00284661
-0.00294831
-0.00305445
-0.00316499
-0.00327984
-0.00339889
-0.00352199
-0.00364897
-0.00377966
-0.00391388
-0.00405148
-0.00419237
-0.0043365
-0.00448392
-0.00463475
-0.00478922
-0.00494761
-0.00511032
-0.00527778
-0.0054505
-0.00562901
-0.00581386
-0.00600566
-0.00620498
-0.00641243
-0.00662861
-0.00685411
-0.00708954
-0.00733552
-0.00759265
-0.00786157
-0.0081429
-0.0084373
-0.00874544
-0.00906802
-0.00940574
-0.00975935
-0.0101296
-0.0105174
-0.0109235
-0.0113488
-0.0117942
-0.0122607
-0.0127493
-0.013261
-0.0137971
-0.0143586
-0.0149466
-0.0155629
-0.0162076
-0.016885
-0.0175897
-0.0183364
-0.019101
-0.0199155
-0.0207353
-0.0215042
-0.00127828
-0.00128612
-0.00131809
-0.00135572
-0.00138752
-0.00140948
-0.00142299
-0.0014319
-0.00144007
-0.00145006
-0.00146282
-0.00147812
-0.00149526
-0.00151353
-0.00153254
-0.00155222
-0.00157271
-0.00159425
-0.00161703
-0.0016412
-0.00166683
-0.001694
-0.00172275
-0.00175317
-0.00178536
-0.00181943
-0.0018555
-0.00189369
-0.00193412
-0.00197693
-0.00202225
-0.00207022
-0.00212099
-0.00217469
-0.00223149
-0.00229154
-0.00235499
-0.002422
-0.00249272
-0.00256727
-0.0026458
-0.00272841
-0.00281521
-0.0029063
-0.00300174
-0.00310159
-0.00320585
-0.00331453
-0.00342757
-0.00354493
-0.00366653
-0.00379226
-0.00392203
-0.00405577
-0.00419339
-0.00433489
-0.0044803
-0.00462969
-0.00478324
-0.00494117
-0.00510378
-0.00527143
-0.00544454
-0.00562359
-0.00580906
-0.0060015
-0.00620147
-0.00640952
-0.00662625
-0.00685224
-0.00708811
-0.00733445
-0.00759189
-0.00786105
-0.00814258
-0.00843713
-0.00874539
-0.00906805
-0.00940583
-0.00975948
-0.0101298
-0.0105176
-0.0109236
-0.0113489
-0.0117943
-0.0122608
-0.0127494
-0.0132611
-0.0137972
-0.0143587
-0.0149467
-0.015563
-0.0162077
-0.0168851
-0.0175898
-0.0183366
-0.0191013
-0.0199158
-0.0207357
-0.0215046
-0.00147831
-0.00148643
-0.00150531
-0.00152697
-0.00154638
-0.00156178
-0.0015738
-0.00158414
-0.0015945
-0.00160602
-0.00161914
-0.00163379
-0.00164967
-0.0016665
-0.00168414
-0.00170259
-0.00172194
-0.00174232
-0.00176387
-0.00178667
-0.0018108
-0.00183634
-0.00186334
-0.00189189
-0.00192209
-0.00195404
-0.00198784
-0.0020236
-0.00206144
-0.00210149
-0.00214386
-0.00218869
-0.00223611
-0.00228627
-0.00233931
-0.00239538
-0.00245462
-0.0025172
-0.00258325
-0.00265293
-0.00272639
-0.00280374
-0.00288512
-0.00297064
-0.0030604
-0.00315449
-0.00325297
-0.0033559
-0.0034633
-0.00357518
-0.00369154
-0.00381235
-0.00393759
-0.00406723
-0.00420126
-0.00433968
-0.00448253
-0.00462989
-0.0047819
-0.00493874
-0.00510064
-0.00526792
-0.00544093
-0.00562006
-0.00580577
-0.00599854
-0.00619888
-0.00640732
-0.00662443
-0.00685079
-0.00708698
-0.00733361
-0.00759129
-0.00786066
-0.00814235
-0.00843704
-0.00874539
-0.00906812
-0.00940596
-0.00975964
-0.01013
-0.0105177
-0.0109238
-0.0113491
-0.0117945
-0.012261
-0.0127495
-0.0132613
-0.0137973
-0.0143588
-0.0149468
-0.0155631
-0.0162078
-0.0168852
-0.01759
-0.0183368
-0.0191015
-0.0199161
-0.0207361
-0.021505
-0.00165514
-0.00166302
-0.00167428
-0.00168669
-0.00169889
-0.00171038
-0.00172135
-0.0017323
-0.00174371
-0.00175591
-0.001769
-0.001783
-0.00179785
-0.00181353
-0.00183003
-0.00184741
-0.00186573
-0.00188506
-0.00190546
-0.00192702
-0.0019498
-0.00197388
-0.00199933
-0.00202622
-0.00205465
-0.0020847
-0.00211649
-0.00215009
-0.00218564
-0.00222323
-0.00226298
-0.00230502
-0.00234948
-0.0023965
-0.00244619
-0.00249872
-0.00255423
-0.00261286
-0.00267478
-0.00274012
-0.00280905
-0.00288171
-0.00295824
-0.00303876
-0.0031234
-0.00321228
-0.0033055
-0.00340316
-0.00350532
-0.00361206
-0.00372343
-0.00383946
-0.00396019
-0.00408564
-0.00421586
-0.00435088
-0.00449077
-0.00463563
-0.00478557
-0.00494076
-0.00510141
-0.00526778
-0.00544017
-0.00561894
-0.00580447
-0.00599721
-0.00619763
-0.00640622
-0.00662352
-0.00685009
-0.00708648
-0.0073333
-0.00759116
-0.00786067
-0.00814248
-0.00843725
-0.00874568
-0.00906845
-0.00940631
-0.00976
-0.0101303
-0.0105181
-0.0109241
-0.0113494
-0.0117947
-0.0122612
-0.0127497
-0.0132615
-0.0137974
-0.0143589
-0.0149469
-0.0155632
-0.0162079
-0.0168853
-0.0175901
-0.0183369
-0.0191018
-0.0199164
-0.0207365
-0.0215054
-0.00183579
-0.00184486
-0.001846
-0.00184559
-0.00184763
-0.00185357
-0.00186298
-0.00187465
-0.00188736
-0.00190037
-0.00191347
-0.00192681
-0.00194063
-0.00195518
-0.0019706
-0.00198696
-0.00200428
-0.00202259
-0.0020419
-0.00206229
-0.0020838
-0.00210652
-0.00213053
-0.0021559
-0.00218271
-0.00221105
-0.002241
-0.00227266
-0.00230613
-0.00234153
-0.00237895
-0.00241851
-0.00246034
-0.00250456
-0.00255131
-0.00260072
-0.00265293
-0.00270808
-0.00276634
-0.00282783
-0.00289273
-0.00296118
-0.00303333
-0.00310933
-0.00318932
-0.00327344
-0.00336184
-0.00345462
-0.00355193
-0.00365385
-0.0037605
-0.00387194
-0.00398828
-0.00410958
-0.00423592
-0.00436739
-0.00450407
-0.00464608
-0.00479355
-0.00494663
-0.00510554
-0.00527051
-0.0054418
-0.00561974
-0.00580468
-0.00599702
-0.00619719
-0.00640566
-0.00662293
-0.00684952
-0.00708598
-0.00733288
-0.00759083
-0.00786043
-0.00814234
-0.00843719
-0.00874568
-0.00906851
-0.00940641
-0.00976013
-0.0101305
-0.0105182
-0.0109243
-0.0113496
-0.0117949
-0.0122613
-0.0127499
-0.0132616
-0.0137976
-0.014359
-0.014947
-0.0155633
-0.016208
-0.0168854
-0.0175903
-0.0183371
-0.019102
-0.0199167
-0.0207369
-0.0215059
-0.00193089
-0.00193758
-0.00194934
-0.00196262
-0.00197528
-0.00198667
-0.00199719
-0.00200756
-0.00201839
-0.00202999
-0.00204236
-0.0020554
-0.00206904
-0.00208331
-0.00209828
-0.00211408
-0.0021308
-0.0021485
-0.00216721
-0.00218695
-0.00220775
-0.00222962
-0.00225265
-0.00227696
-0.00230265
-0.00232978
-0.00235841
-0.00238864
-0.00242056
-0.00245426
-0.00248986
-0.00252747
-0.00256719
-0.00260916
-0.0026535
-0.00270033
-0.00274981
-0.00280206
-0.00285724
-0.0029155
-0.00297698
-0.00304185
-0.00311026
-0.00318237
-0.00325834
-0.00333833
-0.00342249
-0.00351097
-0.00360391
-0.00370146
-0.00380375
-0.00391091
-0.00402306
-0.00414032
-0.00426282
-0.00439067
-0.00452401
-0.00466297
-0.0048077
-0.00495837
-0.00511519
-0.00527838
-0.00544819
-0.00562492
-0.00580889
-0.00600047
-0.00620005
-0.00640808
-0.00662502
-0.00685136
-0.00708764
-0.00733441
-0.00759226
-0.00786178
-0.0081436
-0.00843838
-0.00874679
-0.00906955
-0.00940737
-0.00976101
-0.0101313
-0.010519
-0.0109249
-0.0113501
-0.0117954
-0.0122618
-0.0127502
-0.0132619
-0.0137978
-0.0143592
-0.0149472
-0.0155635
-0.0162082
-0.0168856
-0.0175905
-0.0183373
-0.0191023
-0.019917
-0.0207373
-0.0215063
-0.00261487
-0.00261804
-0.0024535
-0.00225827
-0.00211097
-0.00203816
-0.0020324
-0.00206807
-0.00211758
-0.00216147
-0.00219124
-0.0022073
-0.00221507
-0.00222082
-0.00222894
-0.00224108
-0.0022568
-0.00227472
-0.00229361
-0.00231284
-0.00233245
-0.00235281
-0.00237429
-0.00239707
-0.00242119
-0.00244671
-0.00247369
-0.00250217
-0.00253225
-0.00256402
-0.0025976
-0.00263309
-0.00267059
-0.00271023
-0.00275212
-0.00279638
-0.00284316
-0.00289259
-0.00294481
-0.00299996
-0.00305821
-0.00311972
-0.00318464
-0.00325313
-0.00332536
-0.00340151
-0.00348174
-0.00356621
-0.0036551
-0.00374857
-0.00384678
-0.0039499
-0.00405808
-0.00417148
-0.00429026
-0.00441456
-0.00454455
-0.0046804
-0.00482228
-0.00497037
-0.0051249
-0.00528607
-0.00545415
-0.00562942
-0.00581218
-0.00600278
-0.00620159
-0.00640903
-0.00662553
-0.00685156
-0.00708763
-0.00733428
-0.00759205
-0.00786155
-0.00814338
-0.00843819
-0.00874665
-0.00906945
-0.00940731
-0.009761
-0.0101313
-0.010519
-0.010925
-0.0113502
-0.0117955
-0.0122619
-0.0127503
-0.013262
-0.0137979
-0.0143593
-0.0149473
-0.0155636
-0.0162083
-0.0168857
-0.0175906
-0.0183375
-0.0191026
-0.0199173
-0.0207377
-0.0215067
-0.00167537
-0.00168609
-0.00185863
-0.00206172
-0.00221973
-0.00230711
-0.00233112
-0.0023165
-0.00228976
-0.00226958
-0.00226404
-0.00227273
-0.00229047
-0.00231139
-0.0023314
-0.00234906
-0.0023649
-0.0023803
-0.00239652
-0.00241425
-0.00243356
-0.00245418
-0.00247589
-0.00249866
-0.00252256
-0.00254771
-0.0025742
-0.00260211
-0.00263153
-0.00266256
-0.00269527
-0.00272977
-0.00276615
-0.00280454
-0.00284505
-0.0028878
-0.00293291
-0.00298053
-0.00303079
-0.00308384
-0.00313983
-0.00319891
-0.00326126
-0.00332702
-0.00339639
-0.00346953
-0.00354662
-0.00362784
-0.00371337
-0.00380341
-0.00389812
-0.00399771
-0.00410235
-0.00421223
-0.00432754
-0.00444846
-0.00457518
-0.0047079
-0.00484682
-0.00499215
-0.00514411
-0.00530295
-0.00546891
-0.00564229
-0.00582339
-0.00601253
-0.00621008
-0.00641642
-0.00663199
-0.00685723
-0.00709262
-0.00733868
-0.00759596
-0.00786502
-0.00814647
-0.00844094
-0.0087491
-0.00907162
-0.00940924
-0.0097627
-0.0101328
-0.0105203
-0.0109261
-0.0113512
-0.0117963
-0.0122626
-0.0127509
-0.0132625
-0.0137983
-0.0143597
-0.0149476
-0.0155638
-0.0162085
-0.0168859
-0.0175909
-0.0183378
-0.0191028
-0.0199176
-0.0207381
-0.0215071
-0.00277971
-0.00278499
-0.00264389
-0.00247509
-0.00234769
-0.00228519
-0.00228089
-0.00231224
-0.00235525
-0.00239317
-0.0024189
-0.00243305
-0.00244035
-0.00244613
-0.00245402
-0.00246534
-0.00247969
-0.00249591
-0.00251295
-0.00253036
-0.00254823
-0.00256684
-0.00258645
-0.00260721
-0.00262921
-0.00265249
-0.00267711
-0.00270312
-0.00273059
-0.00275961
-0.00279028
-0.00282268
-0.00285693
-0.00289313
-0.00293139
-0.00297183
-0.00301456
-0.00305974
-0.00310748
-0.00315794
-0.00321126
-0.0032676
-0.00332713
-0.00339
-0.00345641
-0.00352651
-0.0036005
-0.00367858
-0.00376092
-0.00384772
-0.00393919
-0.00403553
-0.00413694
-0.00424363
-0.0043558
-0.00447367
-0.00459744
-0.00472735
-0.00486361
-0.00500646
-0.00515613
-0.00531288
-0.00547697
-0.00564869
-0.00582834
-0.00601625
-0.00621277
-0.00641827
-0.00663316
-0.00685788
-0.00709288
-0.00733867
-0.00759576
-0.00786471
-0.00814611
-0.00844057
-0.00874875
-0.00907131
-0.00940898
-0.00976249
-0.0101326
-0.0105202
-0.0109261
-0.0113511
-0.0117963
-0.0122626
-0.012751
-0.0132625
-0.0137984
-0.0143598
-0.0149477
-0.0155639
-0.0162086
-0.016886
-0.017591
-0.018338
-0.0191031
-0.0199179
-0.0207384
-0.0215074
-0.00198788
-0.00199513
-0.0021328
-0.00229616
-0.00242367
-0.00249434
-0.00251441
-0.00250408
-0.00248468
-0.00247093
-0.00246894
-0.00247809
-0.00249421
-0.00251271
-0.00253055
-0.0025467
-0.00256165
-0.0025765
-0.00259214
-0.00260901
-0.00262716
-0.00264648
-0.00266685
-0.00268824
-0.00271067
-0.00273424
-0.00275903
-0.00278513
-0.00281265
-0.00284165
-0.00287221
-0.00290442
-0.00293837
-0.00297418
-0.00301194
-0.00305177
-0.00309379
-0.00313812
-0.0031849
-0.00323427
-0.00328637
-0.00334135
-0.00339937
-0.0034606
-0.00352522
-0.00359339
-0.00366532
-0.00374119
-0.0038212
-0.00390555
-0.00399445
-0.00408813
-0.00418679
-0.00429066
-0.00439998
-0.00451496
-0.00463586
-0.00476291
-0.00489636
-0.00503646
-0.00518348
-0.00533769
-0.00549937
-0.00566883
-0.00584637
-0.00603234
-0.00622707
-0.00643096
-0.00664439
-0.0068678
-0.00710164
-0.00734638
-0.00760256
-0.0078707
-0.00815137
-0.0084452
-0.0087528
-0.00907486
-0.00941207
-0.00976518
-0.010135
-0.0105222
-0.0109278
-0.0113526
-0.0117975
-0.0122636
-0.0127518
-0.0132632
-0.013799
-0.0143602
-0.0149481
-0.0155643
-0.0162089
-0.0168863
-0.0175913
-0.0183382
-0.0191034
-0.0199182
-0.0207387
-0.0215078
-0.00282488
-0.00283223
-0.00273218
-0.00261106
-0.00252025
-0.00247735
-0.00247695
-0.00250214
-0.00253531
-0.00256446
-0.0025848
-0.0025971
-0.00260493
-0.00261206
-0.00262094
-0.00263236
-0.00264598
-0.002661
-0.00267683
-0.00269319
-0.00271012
-0.00272779
-0.00274639
-0.00276605
-0.00278687
-0.00280889
-0.00283215
-0.00285671
-0.00288262
-0.00290998
-0.00293889
-0.00296942
-0.00300169
-0.00303578
-0.00307181
-0.00310989
-0.00315013
-0.00319266
-0.00323761
-0.00328513
-0.00333535
-0.00338843
-0.00344453
-0.00350381
-0.00356645
-0.00363263
-0.00370253
-0.00377636
-0.0038543
-0.00393658
-0.00402341
-0.004115
-0.00421159
-0.0043134
-0.00442068
-0.00453367
-0.00465261
-0.00477777
-0.00490941
-0.00504779
-0.00519318
-0.00534588
-0.00550618
-0.00567437
-0.00585079
-0.00603576
-0.00622965
-0.00643281
-0.00664564
-0.00686857
-0.00710203
-0.00734649
-0.00760246
-0.00787047
-0.00815107
-0.00844486
-0.00875246
-0.00907454
-0.00941178
-0.00976494
-0.0101348
-0.0105221
-0.0109277
-0.0113525
-0.0117975
-0.0122636
-0.0127518
-0.0132633
-0.013799
-0.0143603
-0.0149481
-0.0155643
-0.016209
-0.0168864
-0.0175914
-0.0183383
-0.0191035
-0.0199184
-0.020739
-0.0215081
-0.00231538
-0.0023196
-0.0024039
-0.00250505
-0.00258475
-0.0026298
-0.00264435
-0.00264101
-0.00263279
-0.00262845
-0.00263142
-0.00264108
-0.00265483
-0.00267004
-0.00268509
-0.00269948
-0.0027135
-0.00272776
-0.00274278
-0.00275884
-0.002776
-0.00279421
-0.00281343
-0.00283364
-0.00285489
-0.00287725
-0.0029008
-0.00292564
-0.00295182
-0.00297944
-0.00300855
-0.00303925
-0.00307163
-0.00310578
-0.00314181
-0.00317981
-0.0032199
-0.0032622
-0.00330684
-0.00335394
-0.00340364
-0.00345609
-0.00351145
-0.00356986
-0.0036315
-0.00369655
-0.00376519
-0.00383761
-0.00391401
-0.00399461
-0.00407961
-0.00416925
-0.00426376
-0.00436337
-0.00446835
-0.00457895
-0.00469543
-0.00481807
-0.00494714
-0.00508295
-0.00522578
-0.00537594
-0.00553375
-0.00569955
-0.00587365
-0.00605642
-0.00624823
-0.00644945
-0.00666049
-0.00688177
-0.00711372
-0.00735683
-0.00761158
-0.00787848
-0.0081581
-0.00845102
-0.00875785
-0.00907924
-0.00941588
-0.00976848
-0.0101378
-0.0105247
-0.0109299
-0.0113544
-0.0117991
-0.0122649
-0.0127529
-0.0132642
-0.0137997
-0.0143609
-0.0149486
-0.0155647
-0.0162093
-0.0168867
-0.0175916
-0.0183386
-0.0191038
-0.0199187
-0.0207393
-0.0215084
)
;

boundaryField
{
    zeroGradient
    {
        type            zeroGradient;
    }
    inlet
    {
        type            zeroGradient;
    }
    fixedWalls
    {
        type            zeroGradient;
    }
    frontAndBack
    {
        type            empty;
    }
}


// ************************************************************************* //
