/*--------------------------------*- C++ -*----------------------------------*\
| =========                 |                                                 |
| \\      /  F ield         | OpenFOAM: The Open Source CFD Toolbox           |
|  \\    /   O peration     | Version:  2312                                  |
|   \\  /    A nd           | Website:  www.openfoam.com                      |
|    \\/     M anipulation  |                                                 |
\*---------------------------------------------------------------------------*/
FoamFile
{
    version     2.0;
    format      ascii;
    arch        "LSB;label=32;scalar=64";
    class       volScalarField;
    location    "0.75";
    object      p;
}
// * * * * * * * * * * * * * * * * * * * * * * * * * * * * * * * * * * * * * //

dimensions      [0 2 -2 0 0 0 0];

internalField   nonuniform List<scalar> 
5600
(
1.19291e-08
0.000474401
0.000304927
0.000442698
0.00036942
0.000527088
0.000507431
0.000649572
0.000666741
0.000805072
0.000862548
0.000988329
0.00107524
0.00120382
0.00131034
0.00144309
0.00156681
0.00170684
0.00185044
0.00200205
0.00215839
0.00232597
0.00250341
0.00269411
0.00288988
0.00309661
0.00330789
0.00353123
0.00376145
0.00400649
0.00426284
0.00453779
0.00482604
0.00512494
0.00542241
0.00570912
0.0059923
0.00627023
0.00647992
0.00644713
2.63832e-06
0.00047147
0.000306778
0.000439861
0.000371964
0.00052344
0.000510113
0.000645394
0.000669447
0.000800567
0.000864658
0.000983397
0.00107605
0.00119892
0.00130972
0.00143811
0.00156378
0.00170099
0.00184536
0.00199767
0.00215316
0.0023198
0.00249502
0.00268219
0.0028764
0.00307997
0.00329059
0.00351134
0.00374063
0.0039796
0.00422428
0.00446938
0.00470796
0.00494097
0.00517066
0.00538786
0.00556621
0.00566274
0.0056061
0.00527254
5.00333e-06
0.0004698
0.000307774
0.000438677
0.000372985
0.00052176
0.000510967
0.00064349
0.000669952
0.000798643
0.00086481
0.000981512
0.00107564
0.0011973
0.00130829
0.00143629
0.00156155
0.00169854
0.00184227
0.00199345
0.00214853
0.00231444
0.00248803
0.00267391
0.00286627
0.00306823
0.00327599
0.00349246
0.00371405
0.00394194
0.00417175
0.00439833
0.00461623
0.00482874
0.00503628
0.00522777
0.00537594
0.00544401
0.00537035
0.00504787
8.98846e-06
0.000465632
0.000310145
0.000434898
0.000376034
0.000516845
0.000514252
0.000638117
0.000673231
0.000792937
0.00086721
0.000975366
0.00107619
0.00119111
0.00130715
0.00143093
0.00155741
0.00169337
0.00183606
0.00198616
0.00214075
0.00230392
0.00247621
0.00265823
0.00284814
0.0030459
0.00325058
0.00346172
0.00367477
0.00388344
0.00408453
0.00428148
0.00447652
0.00466622
0.00483949
0.00497902
0.00506002
0.00504869
0.00489246
0.00449779
1.25894e-05
0.000461834
0.000312109
0.000432296
0.000378148
0.000513267
0.000515912
0.000634249
0.000674129
0.000789471
0.000867359
0.000972053
0.00107518
0.00118784
0.00130393
0.00142746
0.00155263
0.00168742
0.0018292
0.001978
0.00213114
0.00229207
0.00246177
0.00264047
0.00282648
0.00301887
0.00321555
0.00341502
0.00361407
0.00380887
0.00399374
0.00416956
0.00434142
0.00450659
0.00465225
0.00476082
0.00481062
0.00477358
0.00460375
0.00421381
1.75541e-05
0.000455751
0.000315579
0.000427267
0.000382215
0.000506697
0.000520083
0.000627514
0.000677519
0.000782556
0.000868572
0.000965952
0.00107293
0.00118474
0.00129947
0.00142129
0.00154577
0.00167937
0.00182007
0.00196685
0.00211833
0.00227615
0.0024425
0.00261651
0.00279708
0.00298284
0.00317137
0.00335798
0.00353642
0.0037062
0.00387159
0.00403532
0.00419459
0.00434185
0.00446518
0.00454956
0.00457529
0.00451449
0.00432147
0.00390947
2.24602e-05
0.00044939
0.00031878
0.000423087
0.000385458
0.000500966
0.000522234
0.000621971
0.000678337
0.000778306
0.000867754
0.000962802
0.00106929
0.0011802
0.0012938
0.00141439
0.00153783
0.00167007
0.00180892
0.00195343
0.00210237
0.00225668
0.00241836
0.00258656
0.00275938
0.00293462
0.00310899
0.00327966
0.00344234
0.0035959
0.00374648
0.00389687
0.00404194
0.0041729
0.00427905
0.00434774
0.00436146
0.00429384
0.0040988
0.00368583
2.87551e-05
0.000440574
0.000323605
0.000416542
0.000390751
0.000492619
0.000526955
0.000614034
0.000679678
0.000772527
0.000864791
0.000959988
0.00106429
0.00117393
0.00128666
0.00140621
0.00152784
0.00165849
0.001795
0.00193679
0.00208238
0.00223265
0.00238829
0.0025489
0.00271145
0.00287413
0.00303244
0.00318219
0.00332589
0.00346877
0.00361144
0.00375169
0.00388359
0.0040005
0.00409342
0.00415231
0.0041618
0.00409787
0.00391621
0.00352856
3.53068e-05
0.000430841
0.000328289
0.000410637
0.000394796
0.000484726
0.000528678
0.000608038
0.000679314
0.000769677
0.000861064
0.000955093
0.00105848
0.00116667
0.00127846
0.00139616
0.00151599
0.00164427
0.00177833
0.00191643
0.00205793
0.00220312
0.00235231
0.00250387
0.00265287
0.00279455
0.0029302
0.0030646
0.00319898
0.00333286
0.00346467
0.00359353
0.00371729
0.00383322
0.00393541
0.00401417
0.00405178
0.00401673
0.00384722
0.0034193
4.33024e-05
0.000418472
0.00033434
0.000402798
0.000401081
0.000475077
0.000532356
0.000600133
0.000675132
0.000766742
0.000857046
0.000948514
0.00105189
0.0011577
0.00126873
0.00138366
0.00150195
0.00162679
0.00175837
0.00189172
0.0020282
0.0021659
0.00230532
0.00244304
0.00257455
0.00270063
0.0028253
0.00294988
0.00307206
0.00318724
0.00329171
0.00338455
0.00346933
0.0035534
0.00364026
0.00372107
0.00379435
0.00388647
0.00406864
0.00448034
5.18572e-05
0.000404508
0.000340509
0.00039534
0.000404787
0.000466093
0.000531727
0.000597921
0.000671095
0.000761908
0.000851151
0.000941039
0.00104356
0.00114743
0.00125679
0.00136928
0.00148484
0.00160618
0.00173395
0.00186217
0.0019919
0.00212004
0.00224494
0.00236532
0.00248361
0.00260127
0.00271777
0.0028303
0.00293689
0.0030366
0.00313119
0.00322516
0.00332404
0.00342709
0.00352485
0.00361263
0.00369943
0.00381238
0.00400461
0.0043768
6.19051e-05
0.000387781
0.000346907
0.000387765
0.000410417
0.000458715
0.000525628
0.000594064
0.000667201
0.000756419
0.000843958
0.000932274
0.00103313
0.00113549
0.00124224
0.00135245
0.00146427
0.0015818
0.00170421
0.00182526
0.00194459
0.00205969
0.00217036
0.00227985
0.00239028
0.00250045
0.00260777
0.00270983
0.00280619
0.00289977
0.00299607
0.0030965
0.00319354
0.00328026
0.00335627
0.00342966
0.00351753
0.00364899
0.00387418
0.0042889
7.26318e-05
0.000369439
0.000353313
0.000379844
0.000410465
0.000455393
0.000519915
0.000588609
0.000661573
0.000750365
0.000835976
0.000921958
0.00102084
0.00112134
0.00122503
0.00133237
0.00143996
0.00155243
0.0016686
0.00177988
0.00188488
0.00198604
0.00208796
0.00219002
0.00228992
0.00238698
0.00248409
0.002586
0.00269248
0.00279727
0.00289433
0.00298073
0.0030565
0.00312433
0.00318937
0.00326158
0.00335707
0.00350101
0.00373742
0.00415413
8.48575e-05
0.000347711
0.000358294
0.000376881
0.000408237
0.000451548
0.000514184
0.000581152
0.000653202
0.000742574
0.000826526
0.000909876
0.00100634
0.00110464
0.00120478
0.00130838
0.00141089
0.00151575
0.00162237
0.00172119
0.00181521
0.00191017
0.00200787
0.00210618
0.00220301
0.00229687
0.00238658
0.00247192
0.00255346
0.0026348
0.00272083
0.00280994
0.00289319
0.00296582
0.00303211
0.00310375
0.00319808
0.00334081
0.00357546
0.00398859
9.76008e-05
0.000327034
0.000359763
0.000372935
0.000403238
0.00044659
0.000508985
0.000574928
0.000644824
0.000732621
0.000814719
0.000895408
0.000989232
0.00108497
0.001181
0.00127945
0.00137545
0.00147018
0.00156515
0.00165538
0.00174304
0.00183163
0.001921
0.00200831
0.00209256
0.00217605
0.00226248
0.00235449
0.00244774
0.0025359
0.00261474
0.00268338
0.00274344
0.00279893
0.00285607
0.00292422
0.00301786
0.00316057
0.00339503
0.00380841
0.000111318
0.000305845
0.000355924
0.000370538
0.000399739
0.000441557
0.000502683
0.000567015
0.000634354
0.000720473
0.000800552
0.000878195
0.000969036
0.00106159
0.00115257
0.00124376
0.00133106
0.00141554
0.00150218
0.00158706
0.00166829
0.00174743
0.0018262
0.00190483
0.00198505
0.00206993
0.00215946
0.00224983
0.00233513
0.00241087
0.0024751
0.00252917
0.00257662
0.00262278
0.00267444
0.00274055
0.00283438
0.00297817
0.00321364
0.00362738
0.000125271
0.000286428
0.000347596
0.000366999
0.000395379
0.000435479
0.000495041
0.000557664
0.000622371
0.000706396
0.000784101
0.000857902
0.000945083
0.00103361
0.00111797
0.00120007
0.00127813
0.0013558
0.00143643
0.00151549
0.00159112
0.00166446
0.00173818
0.00181153
0.00188304
0.00195365
0.00202604
0.00210341
0.00218326
0.00225776
0.00232064
0.00237123
0.00241382
0.00245504
0.00250254
0.00256568
0.00265765
0.00280044
0.00303545
0.0034491
0.000139222
0.000267492
0.000334725
0.000362341
0.00039128
0.000429262
0.000486576
0.000547174
0.000608601
0.000689993
0.000764735
0.000833564
0.000915897
0.000999303
0.00107572
0.0011491
0.00122134
0.00129387
0.00136807
0.00143834
0.0015029
0.00156359
0.00162597
0.0016945
0.00176978
0.0018487
0.0019263
0.0019992
0.00206466
0.0021213
0.00216899
0.00220938
0.00224559
0.00228265
0.00232722
0.00238812
0.0024783
0.00261961
0.00285342
0.00326636
0.000153091
0.00025115
0.000316265
0.000355261
0.000386459
0.000422422
0.000477103
0.000535184
0.000592574
0.000670449
0.000742192
0.000804949
0.000879926
0.000955999
0.00102558
0.00109414
0.00116223
0.00122848
0.00129513
0.00135812
0.00141683
0.00147301
0.00152955
0.00158872
0.00165037
0.00171546
0.00178467
0.00185454
0.00191837
0.00197154
0.00201337
0.00204689
0.0020771
0.00210978
0.00215138
0.00221025
0.00229895
0.00243913
0.00267212
0.00308462
0.000163689
0.000237468
0.000298406
0.000343554
0.000379249
0.000414206
0.000466382
0.000522391
0.000574895
0.000646927
0.000713359
0.00076862
0.000837404
0.000909979
0.00097503
0.00103647
0.00109799
0.00115729
0.00121592
0.00127082
0.00132045
0.00136742
0.00141516
0.00146775
0.00152663
0.00159172
0.00165883
0.00172238
0.00177748
0.00182182
0.00185606
0.00188351
0.00190903
0.0019382
0.00197731
0.00203448
0.00212205
0.00226146
0.00249395
0.00290623
0.000171129
0.00022824
0.000280015
0.00032587
0.000368291
0.000404303
0.000453864
0.000506855
0.000553692
0.000619477
0.000681799
0.000730354
0.000792013
0.000859652
0.000919097
0.000972303
0.00102578
0.00107833
0.00112933
0.00117672
0.00121949
0.00126115
0.00130474
0.00135288
0.00140635
0.00146519
0.00152624
0.00158288
0.00162988
0.00166581
0.00169281
0.00171483
0.00173663
0.00176335
0.00180088
0.00185699
0.00194377
0.00208254
0.00231451
0.00272652
0.000175601
0.000219069
0.000262683
0.000306569
0.000352814
0.000390685
0.000437927
0.000488453
0.000530208
0.000589347
0.000647436
0.000688668
0.00074143
0.000802822
0.000856663
0.000902005
0.000946819
0.000992558
0.00103676
0.00107708
0.00111283
0.00114821
0.00118787
0.00123489
0.00128902
0.0013456
0.00139833
0.00144278
0.0014776
0.00150387
0.00152423
0.00154219
0.00156171
0.0015872
0.00162404
0.00167969
0.00176606
0.00190443
0.00213608
0.00254799
0.000176825
0.000210059
0.000246688
0.000286706
0.000332205
0.00037188
0.000417824
0.00046653
0.000503646
0.000555704
0.000609424
0.00064332
0.000685821
0.000740167
0.000788335
0.00082631
0.000862412
0.000900562
0.000938399
0.000972812
0.00100342
0.00103464
0.00107211
0.00111841
0.00117073
0.00122138
0.00126397
0.00129648
0.00132033
0.00133835
0.00135352
0.00136871
0.00138701
0.00141209
0.00144877
0.00150422
0.00159029
0.00172831
0.00195965
0.00237148
0.000174617
0.000200345
0.000230798
0.000266108
0.000308924
0.000347858
0.000392252
0.000440149
0.00047341
0.000517978
0.00056741
0.000594874
0.000626212
0.000671997
0.000714071
0.00074498
0.00077253
0.000802691
0.000834568
0.000864596
0.00089206
0.000920943
0.000956913
0.0010017
0.00104941
0.00109152
0.00112308
0.00114453
0.00115927
0.00117108
0.0011827
0.00119634
0.00121411
0.001239
0.00127544
0.00133052
0.00141613
0.00155371
0.00178475
0.00219654
0.000168689
0.00018938
0.000214703
0.000245181
0.000284318
0.000319728
0.000359806
0.000406424
0.000437519
0.000474947
0.000520092
0.000543891
0.000564632
0.000600009
0.000635242
0.000659151
0.000678162
0.00069998
0.000725941
0.000752941
0.000779573
0.000808452
0.00084332
0.000883564
0.000923093
0.000955171
0.000976645
0.000989273
0.000997168
0.0010044
0.00101354
0.00102617
0.00104367
0.00106842
0.00110458
0.0011592
0.00124427
0.00138142
0.00161227
0.00202417
0.0001594
0.000175991
0.00019707
0.00022266
0.000258101
0.000290747
0.000324822
0.000366416
0.000394247
0.000423224
0.000462889
0.00048672
0.000501001
0.000525451
0.000553061
0.000570559
0.000581289
0.000594407
0.000613918
0.00063831
0.000665135
0.000694271
0.000725746
0.000758577
0.00078883
0.000812059
0.00082615
0.00083291
0.000836209
0.000840004
0.000846841
0.000858143
0.000875031
0.000899517
0.000935434
0.000989726
0.00107441
0.00121117
0.00144169
0.00185351
0.000146565
0.000159858
0.000177346
0.00019806
0.000228583
0.000257905
0.000285976
0.000321867
0.00034724
0.00036902
0.000400837
0.000422812
0.000432476
0.000447106
0.000467098
0.000480159
0.00048558
0.00049192
0.00050491
0.000524621
0.000548185
0.00057419
0.000601088
0.000627456
0.000650505
0.000667385
0.000676667
0.000679798
0.000680061
0.000681125
0.00068566
0.000695282
0.000711157
0.000735129
0.000770811
0.000824927
0.000909442
0.0010461
0.00127675
0.00168898
0.000129815
0.000140346
0.000154625
0.000170748
0.000195842
0.000221573
0.000244177
0.000273668
0.000296239
0.00031194
0.000334727
0.00035223
0.000357774
0.000363099
0.000373436
0.000380581
0.00038083
0.000380679
0.000387063
0.00040236
0.000424121
0.000448565
0.000471658
0.00049156
0.000507215
0.000517749
0.000522742
0.000523258
0.000521705
0.000521034
0.000523761
0.000531658
0.00054613
0.000569091
0.000604096
0.000657744
0.000741954
0.000878445
0.00110911
0.00152163
0.000110001
0.000117405
0.0001283
0.000140097
0.000159473
0.00018128
0.000199096
0.000221578
0.000240215
0.000251646
0.000266825
0.00027974
0.000283363
0.000284022
0.000287867
0.000290778
0.000288235
0.000284026
0.000284442
0.000293174
0.00030916
0.000328394
0.000345837
0.000358963
0.000367405
0.00037164
0.000372354
0.000370611
0.000368081
0.000366791
0.000368683
0.000375399
0.000388539
0.000410238
0.000444158
0.000496844
0.000580063
0.000715486
0.000945052
0.0013565
8.49426e-05
9.04251e-05
9.86596e-05
0.000106853
0.00012048
0.00013749
0.0001503
0.00016535
0.000178254
0.000184435
0.000191139
0.000195675
0.000192367
0.000184732
0.000178486
0.000172859
0.000164857
0.00015736
0.000156308
0.000165254
0.000181378
0.000198098
0.000210782
0.000218379
0.000221855
0.000222305
0.000220416
0.000216888
0.000213085
0.000210902
0.000212437
0.000219483
0.000233716
0.000257244
0.000293592
0.000349108
0.000435372
0.000573878
0.000806475
0.00122096
5.8261e-05
5.79381e-05
6.2562e-05
6.83787e-05
7.85117e-05
9.12574e-05
0.000100442
0.000109596
0.000117851
0.000121303
0.000125689
0.000129124
0.000127412
0.00012187
0.00011692
0.000111765
0.000102876
8.99318e-05
7.61777e-05
6.43562e-05
5.52885e-05
4.9293e-05
4.81044e-05
5.36377e-05
6.40557e-05
7.41053e-05
7.88176e-05
7.60531e-05
6.69663e-05
5.46599e-05
4.2897e-05
3.51362e-05
3.4443e-05
4.38459e-05
6.74201e-05
0.000111753
0.000188562
0.000319469
0.000546625
0.000958388
2.32494e-05
2.4692e-05
2.66267e-05
2.77029e-05
3.0284e-05
3.61833e-05
3.90445e-05
4.14487e-05
4.27355e-05
3.86461e-05
3.31367e-05
2.60536e-05
1.37227e-05
-3.19732e-06
-2.01598e-05
-3.5191e-05
-4.96907e-05
-6.32863e-05
-7.21795e-05
-7.23236e-05
-6.39081e-05
-5.26927e-05
-4.48578e-05
-4.30353e-05
-4.62494e-05
-5.22488e-05
-5.89999e-05
-6.51262e-05
-6.95149e-05
-7.10273e-05
-6.83776e-05
-6.01787e-05
-4.47953e-05
-1.99553e-05
1.80672e-05
7.57842e-05
0.000164909
0.000307083
0.000544371
0.000964871
-2.18446e-05
-1.58078e-05
-1.13987e-05
-1.00974e-05
-1.14667e-05
-1.21065e-05
-1.49301e-05
-1.68229e-05
-1.67145e-05
-1.85973e-05
-2.13057e-05
-2.36425e-05
-2.88796e-05
-3.76447e-05
-4.73632e-05
-5.58085e-05
-6.469e-05
-7.56657e-05
-8.84686e-05
-0.000101205
-0.000113272
-0.000125486
-0.00013931
-0.000155357
-0.00017358
-0.000193532
-0.000215147
-0.000238733
-0.000264901
-0.000294195
-0.000327177
-0.000364568
-0.000407705
-0.000458963
-0.000522486
-0.000605282
-0.000719525
-0.000887208
-0.00115074
-0.00159865
-5.71731e-05
-5.85305e-05
-6.29651e-05
-6.91304e-05
-7.69098e-05
-8.24659e-05
-8.92717e-05
-9.84665e-05
-0.000108064
-0.000121617
-0.000138485
-0.00015643
-0.000176272
-0.000198803
-0.000221743
-0.000241101
-0.000254896
-0.000263002
-0.000266304
-0.000266774
-0.000266839
-0.000268964
-0.000274741
-0.000283944
-0.000294675
-0.000304523
-0.000311698
-0.000315336
-0.000315248
-0.00031142
-0.000303587
-0.000290956
-0.000272039
-0.000244366
-0.00020391
-0.000143908
-5.25427e-05
9.18119e-05
0.00033111
0.000753312
-0.000104962
-0.000105812
-0.000110151
-0.000115557
-0.000121945
-0.000127795
-0.000134039
-0.000142117
-0.000149705
-0.000158403
-0.000168829
-0.000179122
-0.000189512
-0.000201535
-0.000215769
-0.000230927
-0.000246454
-0.00026303
-0.000281657
-0.000302437
-0.000324891
-0.000348707
-0.000374132
-0.000401677
-0.000431697
-0.000464047
-0.000498355
-0.000534346
-0.000572013
-0.000611641
-0.000653785
-0.000699338
-0.000749727
-0.000807318
-0.000876085
-0.000962811
-0.00107938
-0.00124746
-0.00150903
-0.00195204
-0.000156705
-0.000160868
-0.000171185
-0.000185091
-0.000199893
-0.00021525
-0.000231826
-0.000250599
-0.000270191
-0.00029112
-0.000314814
-0.000339419
-0.000363098
-0.000384889
-0.000404148
-0.000418946
-0.000427681
-0.000431789
-0.000435148
-0.000441102
-0.000450651
-0.000462787
-0.000475725
-0.000487815
-0.000497932
-0.000505453
-0.000510037
-0.000511515
-0.000509781
-0.000504684
-0.000495852
-0.000482509
-0.000463226
-0.000435578
-0.000395522
-0.000336236
-0.000245845
-0.000102695
0.000135163
0.00055568
-0.000207444
-0.000209904
-0.000216579
-0.000226856
-0.000237456
-0.000247825
-0.00025979
-0.000273459
-0.000287434
-0.000301049
-0.000316106
-0.000332396
-0.000348935
-0.000365404
-0.000382734
-0.000401586
-0.000421883
-0.000443338
-0.000465965
-0.000490077
-0.000515911
-0.000543544
-0.000572938
-0.000604112
-0.000636962
-0.000671338
-0.000707076
-0.000744083
-0.000782388
-0.000822227
-0.000864108
-0.000908934
-0.000958193
-0.00101433
-0.00108136
-0.00116611
-0.00128046
-0.00144608
-0.00170495
-0.00214505
-0.000274927
-0.0002818
-0.000295281
-0.000314755
-0.000337004
-0.000359214
-0.000383476
-0.000409701
-0.000436554
-0.000462063
-0.00048629
-0.000508507
-0.000526725
-0.000539419
-0.000547448
-0.000554089
-0.000562004
-0.000572202
-0.000584244
-0.000597237
-0.000610204
-0.000622317
-0.000632855
-0.000641283
-0.000647372
-0.000651124
-0.000652596
-0.000651805
-0.00064864
-0.000642807
-0.00063375
-0.000620534
-0.000601632
-0.000574576
-0.000535306
-0.000476999
-0.000387775
-0.000245979
-9.66177e-06
0.00040913
-0.000322229
-0.000324225
-0.000329609
-0.000338714
-0.000351847
-0.000366094
-0.000382274
-0.000400371
-0.000420573
-0.000442515
-0.000465692
-0.000488892
-0.000510261
-0.000528874
-0.000545055
-0.000559944
-0.000574735
-0.000590235
-0.0006069
-0.000624914
-0.000644356
-0.000665226
-0.000687567
-0.000711455
-0.000736905
-0.000763857
-0.000792271
-0.000822142
-0.000853601
-0.000886947
-0.000922756
-0.000961973
-0.00100614
-0.00105771
-0.00112075
-0.00120208
-0.00131361
-0.00147701
-0.00173435
-0.00217368
-0.000408709
-0.000415685
-0.000430239
-0.000450879
-0.000477001
-0.000505934
-0.000536523
-0.000566149
-0.000593719
-0.000618077
-0.000638802
-0.000655671
-0.000669198
-0.000680093
-0.000688998
-0.000696182
-0.000701848
-0.000706154
-0.00070935
-0.00071154
-0.000712743
-0.000712808
-0.000711612
-0.000709016
-0.000705008
-0.000699613
-0.000692879
-0.000684749
-0.000675069
-0.000663505
-0.000649508
-0.000632152
-0.000609945
-0.000580438
-0.000539604
-0.000480645
-0.000391731
-0.000251283
-1.75027e-05
0.000397321
0.00620903
0.00628308
0.00656525
0.00674578
0.00674591
0.00657036
0.00627816
0.00593971
0.00560727
0.0053094
0.00505719
0.00485064
0.00468209
0.00454059
0.00441549
0.00429825
0.00418303
0.00406644
0.00394707
0.00382484
0.00370064
0.00357567
0.0034513
0.00332852
0.00320803
0.00308997
0.00297415
0.00285993
0.00274664
0.00263337
0.00251941
0.00240405
0.00228672
0.0021671
0.00204476
0.00191966
0.00179121
0.00165928
0.00152276
0.00138126
0.0012333
0.00107806
0.000913828
0.000738826
0.000551463
0.000348607
0.000128943
-0.000111778
-0.000374881
-0.000665311
-0.000988263
-0.00134952
-0.00175347
-0.00221147
-0.00274345
-0.00335545
-0.00404053
-0.0047824
-0.00555671
-0.00629397
-0.0068806
-0.00721198
-0.00723431
-0.00697582
-0.00655815
-0.00611549
-0.00572911
-0.00542251
-0.0052284
-0.00513873
-0.00510023
-0.00511382
-0.00516706
-0.00523035
-0.0053054
-0.00539094
-0.00547963
-0.00556899
-0.00566644
-0.00576706
-0.00586482
-0.00596845
-0.00607247
-0.00617526
-0.00627968
-0.00637893
-0.00647777
-0.0065741
-0.00666113
-0.00674182
-0.00682246
-0.0068927
-0.0069553
-0.00701486
-0.00707178
-0.00712006
-0.007169
-0.00721521
-0.00725849
-0.00729388
0.0049023
0.00497673
0.00542994
0.00587259
0.00613962
0.00619125
0.00605206
0.00579395
0.00549338
0.00520393
0.00495261
0.00474802
0.00458657
0.00445674
0.00434499
0.00423995
0.00413425
0.00402421
0.00390894
0.0037892
0.0036667
0.0035432
0.00342031
0.00329903
0.00318003
0.00306329
0.00294865
0.00283542
0.00272297
0.0026104
0.00249701
0.00238208
0.00226506
0.00214561
0.00202333
0.00189833
0.00177001
0.00163831
0.001502
0.0013608
0.00121305
0.00105807
0.000894029
0.00071927
0.000532202
0.000329702
0.00011057
-0.000129536
-0.000391828
-0.000681242
-0.00100289
-0.00136286
-0.00176483
-0.00221979
-0.00274752
-0.00335385
-0.00403121
-0.00476427
-0.00553101
-0.00626182
-0.0068445
-0.00717695
-0.00720447
-0.00695254
-0.00654032
-0.00610189
-0.00571879
-0.00541382
-0.00522069
-0.00513213
-0.0050941
-0.00510795
-0.00516181
-0.00522557
-0.00530094
-0.00538689
-0.00547613
-0.00556589
-0.00566368
-0.00576467
-0.00586278
-0.00596669
-0.00607097
-0.00617399
-0.0062786
-0.00637802
-0.006477
-0.00657347
-0.00666061
-0.00674139
-0.00682211
-0.00689242
-0.00695507
-0.00701467
-0.00707162
-0.00711994
-0.00716889
-0.00721513
-0.00725843
-0.00729383
0.00471149
0.00481702
0.00531191
0.00579928
0.00610706
0.00619143
0.00607273
0.00582157
0.00551726
0.00521821
0.00495567
0.00474089
0.00457226
0.00443888
0.0043264
0.00422211
0.00411732
0.00400753
0.00389155
0.00377025
0.00364566
0.00352002
0.00339525
0.00327253
0.00315252
0.00303515
0.00292009
0.00280655
0.00269382
0.00258095
0.00246724
0.00235201
0.00223476
0.00211519
0.00199289
0.00186765
0.00173882
0.00160634
0.00146924
0.0013272
0.00117878
0.00102312
0.000858583
0.0006834
0.000496147
0.000293712
7.49065e-05
-0.000164451
-0.000425875
-0.000714086
-0.00103381
-0.00139122
-0.0017901
-0.00223994
-0.00275874
-0.00335234
-0.00401329
-0.00472332
-0.00546086
-0.00616347
-0.00672891
-0.00706356
-0.00711263
-0.00688976
-0.00650371
-0.006086
-0.00571709
-0.005419
-0.00522784
-0.00513909
-0.00510005
-0.00511261
-0.00516491
-0.00522743
-0.00530213
-0.00538746
-0.00547601
-0.00556533
-0.00566288
-0.0057636
-0.00586145
-0.00596525
-0.00606947
-0.00617246
-0.00627712
-0.00637659
-0.00647567
-0.00657226
-0.00665953
-0.00674046
-0.00682133
-0.00689178
-0.00695455
-0.00701428
-0.00707133
-0.00711973
-0.00716874
-0.00721504
-0.0072584
-0.00729381
0.00412484
0.00420962
0.00469921
0.00520713
0.00555824
0.00570416
0.00565565
0.00547147
0.00522317
0.00496714
0.00473618
0.00454395
0.00439204
0.00427291
0.00417446
0.00408457
0.0039941
0.00389769
0.00379337
0.00368156
0.00356436
0.00344439
0.00332419
0.00320548
0.00308925
0.00297559
0.00286408
0.00275382
0.00264392
0.00253342
0.00242161
0.00230789
0.00219182
0.00207321
0.00195162
0.00182708
0.00169887
0.00156702
0.00143043
0.00128884
0.00114077
0.000985345
0.000821038
0.000645999
0.000459014
0.00025691
3.86262e-05
-0.000199946
-0.000460457
-0.000747369
-0.00106482
-0.00141941
-0.00181478
-0.00225865
-0.0027673
-0.00334575
-0.00398651
-0.00467101
-0.00537958
-0.00605478
-0.00660233
-0.00693696
-0.00700587
-0.00681302
-0.00645409
-0.00605672
-0.00570225
-0.00541235
-0.00522362
-0.00513579
-0.00509692
-0.00510868
-0.00516042
-0.0052227
-0.00529704
-0.00538232
-0.00547124
-0.00556083
-0.00565848
-0.00575948
-0.0058577
-0.00596171
-0.00606612
-0.00616934
-0.00627419
-0.00637385
-0.00647311
-0.0065699
-0.00665739
-0.00673852
-0.0068196
-0.00689026
-0.00695323
-0.00701315
-0.00707038
-0.00711897
-0.00716811
-0.00721459
-0.00725809
-0.00729359
0.00385967
0.00396296
0.00447759
0.00501359
0.00539365
0.00556808
0.00554574
0.00538337
0.00515151
0.00490676
0.00468292
0.00449482
0.00434528
0.00422816
0.00413225
0.00404568
0.00395894
0.0038661
0.00376466
0.00365471
0.00353827
0.0034182
0.0032974
0.00317803
0.00306132
0.00294747
0.00283601
0.00272586
0.00261595
0.00250522
0.00239293
0.00227857
0.0021618
0.0020425
0.00192035
0.0017953
0.00166673
0.00153444
0.00139741
0.00125521
0.00110651
0.00095041
0.000785486
0.000609956
0.000422604
0.000220439
2.28395e-06
-0.000235712
-0.000495374
-0.000780939
-0.00109627
-0.0014478
-0.00183917
-0.00227646
-0.00277414
-0.00333663
-0.00395655
-0.00461537
-0.00529378
-0.00593858
-0.00646455
-0.00679532
-0.00688176
-0.0067207
-0.00639424
-0.00602264
-0.00568692
-0.00540933
-0.00522541
-0.00513907
-0.00510028
-0.00511104
-0.00516135
-0.00522235
-0.00529584
-0.00538049
-0.00546878
-0.00555792
-0.00565526
-0.00575599
-0.00585398
-0.00595786
-0.00606219
-0.00616542
-0.00627033
-0.00637001
-0.00646932
-0.00656626
-0.00665397
-0.00673536
-0.0068167
-0.00688768
-0.00695096
-0.00701122
-0.00706874
-0.00711766
-0.00716703
-0.00721378
-0.00725751
-0.00729317
0.00354022
0.00363488
0.00414482
0.00468142
0.00506705
0.00525144
0.00524233
0.00509512
0.00487945
0.00465145
0.00444458
0.00427332
0.00414019
0.00403864
0.00395714
0.00388364
0.00380865
0.00372634
0.00363436
0.00353296
0.00342432
0.00331146
0.00319739
0.00308429
0.0029734
0.00286493
0.00275835
0.00265257
0.00254648
0.00243905
0.0023296
0.00221772
0.00210314
0.00198584
0.00186551
0.00174212
0.00161503
0.00148402
0.0013481
0.0012068
0.00105891
0.000903442
0.000739193
0.000564299
0.000377677
0.000176414
-4.06872e-05
-0.000277313
-0.000535257
-0.000818827
-0.00113125
-0.00147873
-0.00186508
-0.00229474
-0.00278064
-0.00332609
-0.00392456
-0.00455702
-0.00520454
-0.00581906
-0.00632428
-0.00665202
-0.0067562
-0.00662806
-0.00633453
-0.00598795
-0.00567049
-0.00540453
-0.00522432
-0.00513806
-0.00509912
-0.00510861
-0.00515769
-0.00521797
-0.00529073
-0.00537493
-0.00546322
-0.00555241
-0.00564965
-0.00575043
-0.00584863
-0.00595259
-0.00605702
-0.00616037
-0.00626539
-0.00636522
-0.00646466
-0.00656179
-0.00664976
-0.00673143
-0.00681302
-0.00688435
-0.00694796
-0.0070086
-0.00706644
-0.00711578
-0.0071654
-0.00721253
-0.00725656
-0.00729246
0.00331411
0.00340865
0.00391759
0.0044496
0.00482865
0.00500678
0.00499481
0.00485101
0.00464604
0.00443523
0.00425047
0.00410394
0.00399556
0.0039161
0.00385231
0.0037918
0.00372579
0.00364968
0.00356228
0.00346494
0.00336055
0.00325235
0.00314315
0.00303476
0.00292803
0.0028229
0.00271875
0.00261456
0.00250941
0.00240248
0.00229329
0.00218154
0.00206705
0.00194979
0.00182947
0.00170601
0.00157877
0.00144753
0.0013113
0.00116963
0.00102131
0.000865433
0.000700777
0.000525616
0.000338838
0.000137713
-7.89983e-05
-0.000314814
-0.00057149
-0.000853284
-0.00116293
-0.0015063
-0.00188729
-0.00230911
-0.00278276
-0.0033109
-0.00388769
-0.00449365
-0.00511085
-0.00569583
-0.00618077
-0.00650439
-0.00662371
-0.00652643
-0.00626587
-0.00594598
-0.00564852
-0.00539573
-0.00522104
-0.00513664
-0.0050983
-0.00510756
-0.00515594
-0.00521538
-0.00528748
-0.00537129
-0.00545924
-0.00554813
-0.00564514
-0.00574574
-0.0058438
-0.00594764
-0.006052
-0.00615532
-0.00626035
-0.00636023
-0.00645971
-0.00655697
-0.00664515
-0.00672709
-0.00680892
-0.00688062
-0.00694457
-0.00700562
-0.00706381
-0.00711363
-0.00716354
-0.00721109
-0.00725543
-0.00729162
0.003181
0.00329744
0.00382196
0.00434756
0.00470092
0.00483911
0.00478406
0.00460784
0.00438842
0.0041799
0.00400832
0.00388131
0.00379399
0.00373308
0.00368329
0.00363223
0.00357236
0.00350065
0.00341735
0.00332492
0.00322677
0.00312599
0.00302486
0.00292453
0.00282527
0.00272662
0.00262784
0.00252802
0.0024265
0.00232275
0.00221648
0.00210753
0.00199576
0.00188109
0.00176321
0.00164196
0.00151671
0.0013872
0.00125251
0.00111218
0.000965097
0.000810338
0.000646769
0.000472727
0.00028713
8.73794e-05
-0.000127703
-0.000361594
-0.000615828
-0.000894671
-0.0012005
-0.00153852
-0.00191293
-0.0023256
-0.00278604
-0.003296
-0.00385028
-0.00442957
-0.00501655
-0.00557257
-0.00603703
-0.0063556
-0.00648844
-0.00642159
-0.00619572
-0.00590362
-0.00562639
-0.00538742
-0.00521866
-0.00513559
-0.00509772
-0.00510603
-0.00515321
-0.00521181
-0.00528294
-0.00536598
-0.00545363
-0.0055424
-0.00563918
-0.00573967
-0.00583778
-0.00594163
-0.00604602
-0.00614944
-0.00625456
-0.00635456
-0.00645413
-0.00655158
-0.00664003
-0.00672227
-0.00680437
-0.00687649
-0.00694081
-0.00700232
-0.00706087
-0.00711121
-0.00716144
-0.00720943
-0.00725411
-0.00729063
0.00299632
0.00304971
0.00350011
0.00396053
0.00427255
0.00440162
0.00437056
0.00424132
0.00407772
0.00392275
0.00379631
0.00370272
0.00363569
0.00358352
0.00353529
0.00348367
0.00342474
0.00335725
0.0032818
0.00320007
0.00311404
0.0030254
0.0029353
0.00284424
0.00275229
0.00265914
0.00256443
0.00246769
0.00236866
0.00226707
0.00216278
0.0020557
0.00194561
0.00183245
0.00171582
0.0015956
0.00147111
0.00134218
0.00120787
0.00106781
0.000920908
0.000766303
0.000602919
0.000429117
0.000243936
4.48065e-05
-0.000169278
-0.000401799
-0.000654035
-0.000930204
-0.00123239
-0.00156509
-0.00193262
-0.00233599
-0.00278307
-0.00327469
-0.00380646
-0.00435939
-0.0049169
-0.00544469
-0.00588893
-0.00620196
-0.00634687
-0.00630908
-0.00611759
-0.00585385
-0.00559785
-0.00537385
-0.00521233
-0.00513162
-0.00509468
-0.00510268
-0.00514922
-0.0052072
-0.00527771
-0.00536041
-0.00544788
-0.00553653
-0.00563322
-0.00573369
-0.0058318
-0.00593561
-0.00603999
-0.00614344
-0.00624862
-0.00634871
-0.00644835
-0.00654596
-0.00663466
-0.0067172
-0.00679958
-0.00687211
-0.00693682
-0.00699881
-0.00705775
-0.00710863
-0.0071592
-0.00720767
-0.0072527
-0.00728957
0.00487475
0.00479462
0.00430708
0.00380161
0.00343837
0.00325256
0.00322269
0.00328746
0.00338268
0.00346425
0.00351102
0.00351758
0.00348927
0.00343729
0.00337254
0.00330263
0.00323196
0.00316226
0.00309354
0.00302476
0.00295457
0.00288175
0.00280554
0.0027256
0.00264199
0.00255491
0.0024647
0.00237163
0.0022759
0.00217756
0.00207654
0.00197272
0.00186577
0.00175557
0.00164163
0.00152383
0.00140151
0.00127451
0.00114196
0.00100349
0.000858114
0.000704953
0.000543036
0.000370714
0.000187166
-1.01668e-05
-0.000222096
-0.000452078
-0.000701217
-0.000973454
-0.00127088
-0.00159701
-0.00195639
-0.00234924
-0.00278194
-0.00325449
-0.00376314
-0.0042897
-0.00481807
-0.00531833
-0.0057426
-0.00604952
-0.00620498
-0.00619414
-0.00603704
-0.00580282
-0.00556868
-0.00536037
-0.00520692
-0.00512856
-0.00509253
-0.00510008
-0.00514568
-0.00520298
-0.00527275
-0.00535484
-0.00544198
-0.00553044
-0.00562688
-0.00572718
-0.00582527
-0.00592903
-0.00603339
-0.00613686
-0.0062421
-0.00634229
-0.006442
-0.00653981
-0.0066288
-0.00671168
-0.00679436
-0.00686736
-0.00693249
-0.00699499
-0.00705434
-0.00710581
-0.00715677
-0.00720572
-0.00725114
-0.00728838
0.00469733
0.00455374
0.00399006
0.00341742
0.00301128
0.00281523
0.00280827
0.00291894
0.00306883
0.00320237
0.00329182
0.00332872
0.00331723
0.00327027
0.0032033
0.00312919
0.00305603
0.00298751
0.00292413
0.00286424
0.00280518
0.00274435
0.00267977
0.00261027
0.00253546
0.00245554
0.00237109
0.00228276
0.0021911
0.00209649
0.00199897
0.00189852
0.00179477
0.00168756
0.00157634
0.00146096
0.00134075
0.00121554
0.00108455
0.000947357
0.00080319
0.000651084
0.000490311
0.00031912
0.000136921
-5.888e-05
-0.000268899
-0.000496474
-0.000742652
-0.00101092
-0.00130349
-0.00162294
-0.00197379
-0.00235582
-0.00277398
-0.00322748
-0.00371315
-0.00421383
-0.00471391
-0.00518762
-0.00559234
-0.00589265
-0.00605708
-0.00607123
-0.00594804
-0.00574398
-0.00553263
-0.00534101
-0.00519682
-0.00512184
-0.00508726
-0.00509475
-0.00513993
-0.00519694
-0.00526618
-0.00534788
-0.00543493
-0.00552332
-0.00561963
-0.0057199
-0.00581803
-0.00592182
-0.00602619
-0.00612974
-0.00623509
-0.00633542
-0.00643523
-0.00653325
-0.00662256
-0.00670579
-0.00678879
-0.00686229
-0.00692787
-0.00699091
-0.00705073
-0.00710281
-0.00715417
-0.00720364
-0.00724947
-0.0072871
0.00464204
0.00452349
0.00397487
0.00339189
0.0029528
0.00270635
0.00264328
0.00270698
0.00282782
0.00295082
0.00304397
0.00309388
0.00309925
0.00306803
0.00301291
0.00294644
0.00287813
0.00281339
0.00275408
0.00269953
0.00264742
0.00259478
0.00253899
0.00247825
0.00241168
0.00233914
0.00226104
0.00217809
0.00209098
0.00200029
0.00190627
0.00180906
0.00170842
0.00160419
0.00149585
0.00138318
0.00126557
0.00114269
0.00101389
0.000878611
0.00073629
0.000585882
0.000426879
0.000257494
7.72937e-05
-0.000116236
-0.000323668
-0.000548007
-0.000790449
-0.00105383
-0.0013406
-0.00165248
-0.00199375
-0.00236403
-0.00276693
-0.00320095
-0.00366338
-0.00413845
-0.00461093
-0.00505896
-0.00544468
-0.00573789
-0.00591002
-0.00594697
-0.00585653
-0.00568315
-0.00549521
-0.00532088
-0.00518684
-0.00511571
-0.00508274
-0.00509017
-0.00513478
-0.00519144
-0.00526012
-0.00534132
-0.00542809
-0.00551631
-0.0056124
-0.00571253
-0.00581065
-0.00591437
-0.00601872
-0.0061223
-0.00622772
-0.00632817
-0.00642805
-0.00652628
-0.00661591
-0.00669951
-0.00678285
-0.00685686
-0.00692293
-0.00698653
-0.00704684
-0.00709957
-0.00715139
-0.00720138
-0.00724764
-0.00728569
0.0044979
0.00436996
0.00380712
0.00320638
0.00274811
0.00248272
0.00240309
0.00245496
0.00256998
0.00269321
0.00279189
0.00285174
0.00286997
0.00285245
0.00280993
0.00275382
0.00269333
0.0026343
0.00257942
0.00252894
0.00248139
0.00243436
0.00238531
0.00233219
0.00227363
0.00220902
0.00213835
0.00206206
0.00198076
0.00189513
0.00180558
0.00171242
0.00161556
0.0015149
0.00141
0.00130055
0.001186
0.00106592
0.000939839
0.000807094
0.000667249
0.000519192
0.000362529
0.000195549
1.78279e-05
-0.000172884
-0.00037729
-0.000597893
-0.000836099
-0.00109412
-0.00137447
-0.00167833
-0.00200942
-0.00236738
-0.00275475
-0.00316929
-0.00360868
-0.00405869
-0.00450451
-0.00492778
-0.00529503
-0.0055807
-0.00575908
-0.00581643
-0.00575722
-0.00561468
-0.00545098
-0.00529486
-0.00517199
-0.00510576
-0.00507504
-0.00508271
-0.00512708
-0.00518379
-0.00525216
-0.00533302
-0.00541974
-0.00550793
-0.00560392
-0.00570402
-0.00580221
-0.00590597
-0.00601036
-0.00611403
-0.00621959
-0.00632022
-0.00642022
-0.00651869
-0.0066087
-0.00669271
-0.00677642
-0.006851
-0.00691758
-0.0069818
-0.00704265
-0.00709606
-0.00714837
-0.00719893
-0.00724566
-0.00728415
0.00432844
0.00419696
0.00362983
0.00302513
0.00256358
0.00229557
0.00221379
0.0022638
0.0023773
0.0024996
0.00259826
0.00265919
0.00267965
0.00266534
0.00262666
0.00257461
0.00251807
0.00246276
0.00241141
0.00236446
0.00232074
0.00227808
0.0022341
0.00218672
0.00213438
0.00207623
0.00201194
0.00194172
0.00186601
0.00178542
0.0017004
0.00161134
0.00151827
0.00142116
0.00131968
0.00121351
0.00110216
0.000985141
0.000861972
0.000731966
0.000594714
0.000449174
0.000294966
0.000130579
-4.44599e-05
-0.000232091
-0.000433114
-0.000649632
-0.000883082
-0.00113528
-0.00140856
-0.00170383
-0.00202417
-0.00236913
-0.00274062
-0.00313567
-0.00355223
-0.00397779
-0.00439802
-0.0047977
-0.00514735
-0.00542524
-0.00560871
-0.00568435
-0.00565436
-0.00554247
-0.00540363
-0.00526644
-0.00515567
-0.0050952
-0.00506722
-0.0050753
-0.00511945
-0.00517627
-0.00524441
-0.00532493
-0.00541152
-0.00549964
-0.00559546
-0.00569547
-0.00579369
-0.00589743
-0.00600181
-0.00610552
-0.00621118
-0.00631196
-0.00641204
-0.00651076
-0.00660113
-0.00668556
-0.00676965
-0.00684481
-0.00691195
-0.00697679
-0.0070382
-0.00709234
-0.00714517
-0.0071963
-0.00724352
-0.00728247
0.00414889
0.00401695
0.00344838
0.00284187
0.00237833
0.00210814
0.00202412
0.00207198
0.0021836
0.00230444
0.00240222
0.00246295
0.00248399
0.00247104
0.00243446
0.00238512
0.00233177
0.00228
0.00223246
0.00218956
0.0021501
0.00211198
0.00207285
0.00203065
0.0019838
0.00193135
0.0018729
0.00180847
0.00173839
0.00166315
0.00158317
0.0014988
0.00141013
0.00131716
0.00121963
0.00111725
0.00100957
0.000896092
0.000776332
0.000649624
0.000515535
0.000373136
0.000222006
6.08512e-05
-0.000110848
-0.000294754
-0.000491678
-0.000703461
-0.000931397
-0.0011771
-0.00144256
-0.00172855
-0.00203757
-0.00236891
-0.00272422
-0.00309985
-0.00349379
-0.00389548
-0.00429101
-0.004668
-0.00500067
-0.00527046
-0.00545779
-0.00554958
-0.00554667
-0.0054645
-0.00535069
-0.00523298
-0.00513505
-0.00508129
-0.00505677
-0.00506555
-0.00510961
-0.00516679
-0.00523493
-0.00531525
-0.00540186
-0.00548998
-0.00558572
-0.00568574
-0.00578403
-0.00588782
-0.00599224
-0.00609604
-0.00620186
-0.00630285
-0.00640306
-0.00650206
-0.00659287
-0.00667775
-0.00676227
-0.00683807
-0.0069058
-0.00697132
-0.00703337
-0.00708827
-0.00714168
-0.00719343
-0.00724116
-0.00728061
0.00396733
0.00383477
0.00326504
0.0026571
0.00219196
0.0019201
0.00183446
0.0018809
0.00199142
0.00211156
0.0022091
0.00227009
0.00229189
0.00228023
0.00224541
0.0021983
0.00214756
0.00209874
0.00205446
0.00201507
0.00197939
0.00194528
0.00191041
0.00187271
0.00183061
0.00178313
0.00172978
0.00167055
0.00160566
0.00153551
0.00146046
0.00138082
0.00129667
0.00120801
0.00111462
0.00101621
0.000912389
0.00080266
0.000686561
0.000563439
0.00043288
0.000294
0.000146407
-1.10853e-05
-0.000178943
-0.000358661
-0.00055096
-0.00075748
-0.000979365
-0.00121798
-0.00147509
-0.00175117
-0.00204845
-0.00236578
-0.00270466
-0.00306117
-0.003433
-0.0038116
-0.0041835
-0.00453869
-0.00485516
-0.00511678
-0.00530694
-0.00541294
-0.00543462
-0.00538108
-0.00529252
-0.00519505
-0.00511089
-0.00506479
-0.00504456
-0.00505455
-0.00509871
-0.00515644
-0.0052248
-0.00530507
-0.00539178
-0.00547998
-0.00557566
-0.00567568
-0.00577406
-0.0058779
-0.00598237
-0.00608622
-0.00619218
-0.00629339
-0.0063937
-0.00649299
-0.00658424
-0.00666959
-0.00675454
-0.006831
-0.00689937
-0.00696558
-0.00702828
-0.00708398
-0.007138
-0.00719037
-0.00723866
-0.00727861
0.003789
0.0036558
0.00308471
0.00247528
0.00200875
0.0017357
0.00164914
0.00169496
0.00180515
0.00192523
0.00202297
0.00208439
0.00210686
0.0020961
0.0020624
0.00201664
0.00196752
0.00192059
0.00187849
0.00184159
0.00180869
0.00177767
0.00174617
0.00171213
0.00167394
0.00163063
0.00158168
0.001527
0.00146677
0.00140132
0.00133096
0.00125594
0.00117631
0.00109205
0.00100293
0.000908694
0.000808956
0.000703231
0.000591096
0.000471891
0.000345252
0.000210311
6.67369e-05
-8.66024e-05
-0.000250087
-0.000425078
-0.000612202
-0.00081287
-0.00102816
-0.00125907
-0.0015073
-0.00177291
-0.00205797
-0.00236098
-0.00268314
-0.00302074
-0.00337095
-0.00372726
-0.0040769
-0.00441156
-0.00471268
-0.00496595
-0.00515768
-0.00527565
-0.00531921
-0.00529293
-0.0052294
-0.00515259
-0.0050829
-0.00504526
-0.00503021
-0.00504192
-0.00508625
-0.00514461
-0.00521339
-0.00529374
-0.00538067
-0.00546896
-0.00556457
-0.00566465
-0.00576314
-0.00586705
-0.00597157
-0.00607549
-0.00618164
-0.00628308
-0.00638352
-0.00648312
-0.00657487
-0.00666072
-0.00674614
-0.00682332
-0.00689236
-0.00695932
-0.00702274
-0.00707929
-0.00713397
-0.00718701
-0.00723587
-0.00727637
0.00360609
0.00347243
0.0029004
0.00228997
0.0018226
0.0015489
0.00146193
0.00150757
0.00161779
0.00173807
0.00183614
0.00189805
0.00192116
0.00191117
0.00187842
0.00183378
0.00178598
0.00174061
0.00170032
0.00166552
0.001635
0.00160664
0.0015781
0.00154727
0.00151256
0.00147296
0.00142793
0.00137737
0.00132141
0.00126034
0.00119443
0.00112389
0.00104877
0.000968981
0.000884319
0.000794469
0.000699097
0.000597695
0.000489883
0.000375001
0.000252716
0.000122209
-1.68436e-05
-0.000165452
-0.000324012
-0.000493655
-0.000675032
-0.00086923
-0.00107734
-0.00129997
-0.00153873
-0.00179338
-0.00206572
-0.00235424
-0.00265955
-0.00297862
-0.00330792
-0.00364263
-0.00397117
-0.00428628
-0.00457266
-0.00481756
-0.00500979
-0.00513798
-0.00520102
-0.00520003
-0.00516089
-0.00510498
-0.00505048
-0.00502217
-0.00501323
-0.00502734
-0.005072
-0.00513113
-0.00520055
-0.00528113
-0.00536844
-0.00545703
-0.00555267
-0.00565282
-0.00575146
-0.00585548
-0.00596014
-0.00606413
-0.00617047
-0.00627221
-0.00637279
-0.00647272
-0.00656501
-0.00665139
-0.0067373
-0.00681523
-0.00688501
-0.00695273
-0.00701691
-0.00707436
-0.00712974
-0.00718346
-0.00723293
-0.00727397
0.0034242
0.00329008
0.00271717
0.00210587
0.0016378
0.00136363
0.00127642
0.00132204
0.0014324
0.00155294
0.00165137
0.00171372
0.00173736
0.00172801
0.001696
0.00165224
0.00160549
0.00156136
0.00152254
0.00148945
0.0014609
0.00143479
0.00140875
0.00138069
0.00134899
0.00131265
0.00127111
0.00122424
0.00117217
0.00111514
0.0010534
0.000987133
0.000916364
0.000840972
0.000760743
0.000675335
0.000584422
0.0004875
0.000384204
0.000273905
0.000156269
3.05579e-05
-0.00010357
-0.000246973
-0.000400095
-0.000563829
-0.000738872
-0.000926005
-0.00112631
-0.00134013
-0.00156889
-0.00181225
-0.00207158
-0.00234559
-0.0026342
-0.00293515
-0.00324443
-0.00355833
-0.00386696
-0.00416355
-0.00443592
-0.00467257
-0.00486435
-0.00500098
-0.00508089
-0.00510312
-0.00508744
-0.00505243
-0.00501368
-0.00499542
-0.00499342
-0.00501073
-0.00505609
-0.00511605
-0.00518623
-0.00526723
-0.00535514
-0.00544414
-0.00553984
-0.00564018
-0.005739
-0.00584315
-0.00594794
-0.00605201
-0.00615856
-0.00626061
-0.00636134
-0.00646159
-0.00655446
-0.0066414
-0.00672782
-0.00680655
-0.00687709
-0.00694561
-0.00701061
-0.00706899
-0.00712512
-0.00717956
-0.00722966
-0.00727129
0.00324559
0.00311095
0.00253709
0.00192488
0.00145609
0.00118142
0.00109395
0.0011395
0.00124992
0.00137063
0.0014693
0.00153197
0.00155599
0.00154709
0.00151563
0.00147254
0.00142659
0.00138343
0.00134576
0.00131403
0.00128708
0.0012628
0.00123884
0.0012131
0.00118396
0.00115041
0.0011119
0.0010683
0.00101969
0.00096632
0.000908421
0.000846149
0.000779516
0.000708386
0.000632515
0.000551554
0.000465152
0.000372841
0.000274233
0.000168763
5.60505e-05
-6.45299e-05
-0.000193368
-0.000331159
-0.000478378
-0.000635732
-0.000803899
-0.000983484
-0.00117543
-0.00138002
-0.00159832
-0.00183012
-0.00207619
-0.00233567
-0.00260782
-0.00289096
-0.00318113
-0.00347521
-0.00376504
-0.00404419
-0.00430307
-0.00453154
-0.00472196
-0.0048653
-0.0049597
-0.00500278
-0.00500922
-0.00499475
-0.00497219
-0.00496466
-0.00497037
-0.00499183
-0.00503828
-0.0050992
-0.00517037
-0.00525191
-0.00534051
-0.00543013
-0.00552605
-0.00562662
-0.00572564
-0.00582993
-0.00593493
-0.00603908
-0.00614583
-0.00624825
-0.00634913
-0.00644976
-0.00654324
-0.00663077
-0.00671775
-0.00679732
-0.00686869
-0.00693805
-0.00700392
-0.00706329
-0.00712023
-0.00717541
-0.00722618
-0.0072684
0.00306584
0.00293085
0.00235625
0.0017433
0.00127393
0.000998865
0.000911209
0.000956753
0.0010673
0.00118822
0.00128717
0.00135018
0.0013746
0.00136617
0.00133524
0.00129277
0.00124756
0.00120528
0.00116864
0.00113813
0.00111259
0.00108994
0.00106781
0.00104413
0.00101727
0.000986223
0.000950447
0.000909799
0.000864363
0.000814372
0.000760034
0.000701505
0.000638782
0.00057174
0.000500116
0.000423562
0.000341709
0.000254106
0.000160355
5.99232e-05
-4.75764e-05
-0.000162722
-0.000285886
-0.000417695
-0.000558568
-0.00070914
-0.00086995
-0.00104157
-0.0012247
-0.00141967
-0.00162717
-0.00184714
-0.0020799
-0.0023248
-0.00258086
-0.00284659
-0.00311861
-0.00339381
-0.00366584
-0.00392858
-0.00417449
-0.00439491
-0.0045832
-0.00473164
-0.00483829
-0.00489977
-0.00492667
-0.00493212
-0.00492595
-0.00492974
-0.00494381
-0.00497033
-0.0050185
-0.00508058
-0.00515281
-0.005235
-0.00532451
-0.00541496
-0.00551115
-0.00561204
-0.00571138
-0.00581584
-0.00592108
-0.00602532
-0.00613228
-0.00623513
-0.00633619
-0.00643717
-0.00653135
-0.00661952
-0.00670706
-0.00678754
-0.00685977
-0.00693
-0.00699679
-0.0070572
-0.00711497
-0.00717092
-0.00722238
-0.00726521
0.00288732
0.00275203
0.00217677
0.00156318
0.00109331
0.000817943
0.000730175
0.000775771
0.000886484
0.00100765
0.0011069
0.00117024
0.00119506
0.00118706
0.00115662
0.00111472
0.00107016
0.00102864
0.0009929
0.000963432
0.000939101
0.000917837
0.000897293
0.000875382
0.0008505
0.000821638
0.000788254
0.000750221
0.000707617
0.000660681
0.00060961
0.000554565
0.000495539
0.000432408
0.000364909
0.000292687
0.000215365
0.000132488
4.36741e-05
-5.1607e-05
-0.00015371
-0.000263209
-0.00038041
-0.00050593
-0.000640081
-0.000783499
-0.000936559
-0.00109984
-0.00127381
-0.00145884
-0.00165534
-0.0018633
-0.00208282
-0.00231325
-0.00255369
-0.00280258
-0.00305725
-0.00331462
-0.00356977
-0.00381721
-0.00405069
-0.00426316
-0.00444874
-0.00460075
-0.00471751
-0.00479496
-0.00484051
-0.00486485
-0.00487504
-0.00489058
-0.00491348
-0.00494597
-0.0049966
-0.00506006
-0.00513356
-0.00521652
-0.00530698
-0.00539842
-0.00549508
-0.00559646
-0.00569616
-0.00580079
-0.00590635
-0.00601072
-0.00611789
-0.00622122
-0.00632248
-0.00642384
-0.00651873
-0.00660756
-0.00669571
-0.00677711
-0.00685027
-0.0069214
-0.00698916
-0.00705066
-0.00710932
-0.00716608
-0.00721826
-0.00726173
0.00271082
0.00257523
0.00199935
0.00138515
0.000914827
0.00063918
0.000551317
0.000596967
0.000707837
0.000829221
0.000928733
0.000992382
0.00101753
0.0010099
0.000979887
0.000938463
0.000894465
0.000853604
0.000818629
0.000790062
0.000766778
0.000746724
0.000727561
0.000707211
0.000684074
0.00065715
0.000625908
0.000590227
0.0005502
0.000506062
0.000458022
0.000406228
0.000350697
0.000291289
0.000227773
0.000159762
8.69138e-05
8.72888e-06
-7.51168e-05
-0.000165191
-0.000261772
-0.000365472
-0.000476508
-0.00059551
-0.000722687
-0.000858665
-0.00100371
-0.00115835
-0.00132295
-0.00149778
-0.00168322
-0.00187905
-0.00208548
-0.00230164
-0.00252695
-0.00275967
-0.00299778
-0.00323839
-0.00347751
-0.00371059
-0.00393216
-0.00413668
-0.00431906
-0.00447325
-0.00459813
-0.00468927
-0.00475137
-0.00479336
-0.00481952
-0.00484706
-0.00487928
-0.00491841
-0.00497231
-0.00503762
-0.00511256
-0.00519631
-0.00528781
-0.00538051
-0.00547776
-0.00557971
-0.00567993
-0.00578479
-0.00589072
-0.00599526
-0.00610262
-0.00620649
-0.00630801
-0.00640972
-0.00650541
-0.00659497
-0.00668372
-0.00676613
-0.00684026
-0.00691231
-0.00698109
-0.00704373
-0.00710335
-0.0071609
-0.00721382
-0.00725791
0.00253595
0.00240016
0.00182375
0.00120902
0.000738288
0.000462393
0.00037445
0.000420162
0.00053119
0.000652793
0.000752562
0.0008165
0.000841962
0.000834686
0.000805064
0.000764086
0.000720605
0.000680347
0.000646075
0.000618329
0.000595999
0.000577044
0.000559135
0.0005402
0.000518653
0.000493493
0.000464211
0.000430685
0.000393034
0.000351485
0.000306275
0.000257532
0.000205307
0.000149444
8.97528e-05
2.58205e-05
-4.26574e-05
-0.000116212
-0.000195127
-0.00027998
-0.00037101
-0.000468819
-0.000573599
-0.00068593
-0.000806011
-0.000934359
-0.00107126
-0.00121707
-0.0013722
-0.00153671
-0.00171106
-0.00189482
-0.00208831
-0.00229055
-0.00250116
-0.00271854
-0.00294092
-0.0031659
-0.00338989
-0.00360944
-0.00381969
-0.00401615
-0.00419486
-0.00434998
-0.004481
-0.00458365
-0.00466018
-0.00471822
-0.0047597
-0.0047993
-0.0048411
-0.00488741
-0.00494545
-0.00501309
-0.00508972
-0.0051744
-0.00526696
-0.00536102
-0.00545903
-0.00556175
-0.00566262
-0.0057677
-0.00587408
-0.00597883
-0.00608638
-0.00619085
-0.00629263
-0.00639474
-0.00649125
-0.00658158
-0.00667099
-0.00675441
-0.0068296
-0.0069026
-0.00697248
-0.00703632
-0.00709691
-0.00715537
-0.00720907
-0.00725384
0.00236373
0.00222777
0.0016509
0.00103571
0.000564619
0.000288515
0.000200518
0.000246307
0.000357504
0.000479333
0.000579366
0.000643596
0.000669377
0.000662448
0.00063321
0.000592665
0.00054968
0.000509994
0.000476389
0.000449412
0.000427971
0.000410032
0.000393284
0.000375652
0.000355568
0.000332029
0.000304549
0.000273003
0.000237543
0.000198387
0.000155805
0.00010991
6.07922e-05
8.28123e-06
-4.77708e-05
-0.000107785
-0.00017204
-0.000241068
-0.000315142
-0.000394811
-0.000480319
-0.000572201
-0.000670696
-0.000776268
-0.000889189
-0.0010098
-0.00113848
-0.00127539
-0.00142104
-0.00157527
-0.00173863
-0.00191057
-0.00209141
-0.00228025
-0.00247667
-0.00267943
-0.0028868
-0.00309706
-0.00330691
-0.00351371
-0.0037134
-0.00390192
-0.00407658
-0.00423173
-0.00436704
-0.00447909
-0.00456784
-0.00464021
-0.0046962
-0.00474763
-0.00479919
-0.00485305
-0.00491586
-0.00498648
-0.0050652
-0.005151
-0.00524457
-0.00534015
-0.00543907
-0.00554267
-0.00564438
-0.00574975
-0.00585663
-0.00596167
-0.00606935
-0.00617447
-0.00627661
-0.00637904
-0.00647643
-0.0065676
-0.00665764
-0.00674215
-0.00681841
-0.00689236
-0.00696332
-0.00702838
-0.00709001
-0.00714929
-0.00720378
-0.0072492
0.00219323
0.00205719
0.00147998
0.000864414
0.000393046
0.000116776
2.87391e-05
7.46032e-05
0.000185961
0.000308008
0.0004083
0.00047282
0.000498919
0.000492336
0.000463479
0.000423358
0.000380857
0.000341726
0.000308762
0.000282524
0.000261937
0.00024497
0.00022933
0.000212943
0.000194255
0.000172264
0.000146501
0.000116845
8.34664e-05
4.659e-05
6.50342e-06
-3.66691e-05
-8.28265e-05
-0.000132117
-0.000184682
-0.00024091
-0.000301088
-0.000365703
-0.000435063
-0.000509639
-0.000589727
-0.00067575
-0.000768016
-0.00086685
-0.000972606
-0.00108547
-0.00120591
-0.00133393
-0.00147007
-0.00161414
-0.0017666
-0.00192701
-0.0020955
-0.00227146
-0.00245428
-0.00264313
-0.00283629
-0.00303249
-0.00322901
-0.00342351
-0.00361308
-0.00379372
-0.00396385
-0.0041183
-0.00425644
-0.00437603
-0.00447507
-0.00455968
-0.0046289
-0.00469177
-0.00475312
-0.00481479
-0.00488302
-0.00495721
-0.00503842
-0.0051256
-0.00522021
-0.00531734
-0.00541727
-0.0055219
-0.00562472
-0.00573046
-0.00583796
-0.00594341
-0.00605121
-0.00615703
-0.0062596
-0.00636241
-0.00646072
-0.00655281
-0.00664361
-0.00672924
-0.0068067
-0.00688167
-0.00695382
-0.00702021
-0.00708289
-0.00714312
-0.00719842
-0.00724451
0.0020291
0.00189319
0.00131584
0.000700039
0.000228435
-4.80202e-05
-0.000136158
-9.03002e-05
2.11368e-05
0.000143327
0.000243807
0.000308549
0.0003349
0.000328594
0.000300044
0.000260267
0.000218161
0.000179487
0.000147059
0.000121444
0.000101585
8.54582e-05
7.07839e-05
5.54922e-05
3.80422e-05
1.74358e-05
-6.78219e-06
-3.4723e-05
-6.62011e-05
-0.000100979
-0.000138762
-0.000179415
-0.000222843
-0.000269165
-0.000318527
-0.000371262
-0.000427672
-0.000488174
-0.000553109
-0.000622864
-0.00069778
-0.000778176
-0.000864418
-0.000956732
-0.00105552
-0.00116088
-0.00127327
-0.00139269
-0.0015196
-0.00165386
-0.00179578
-0.00194512
-0.0021018
-0.0022655
-0.00243548
-0.00261121
-0.00279117
-0.00297424
-0.0031584
-0.00334135
-0.00352122
-0.00369418
-0.00385919
-0.00401212
-0.00415149
-0.00427648
-0.00438389
-0.00447877
-0.00455993
-0.00463356
-0.00470444
-0.00477401
-0.00484793
-0.00492615
-0.00501024
-0.00509919
-0.00519479
-0.00529343
-0.00539442
-0.00550006
-0.00560414
-0.00571038
-0.00581849
-0.00592447
-0.00603237
-0.00613879
-0.00624181
-0.00634488
-0.00644409
-0.00653716
-0.00662862
-0.00671535
-0.00679401
-0.00686999
-0.00694331
-0.00701104
-0.00707486
-0.00713598
-0.00719212
-0.00723891
0.00186214
0.00172624
0.00114866
0.000532685
6.10722e-05
-0.000215206
-0.000302989
-0.000256636
-0.000144612
-2.17789e-05
7.93834e-05
0.000144838
0.000171932
0.000166397
0.000138656
9.97281e-05
5.8523e-05
2.08055e-05
-1.06008e-05
-3.51226e-05
-5.38104e-05
-6.86821e-05
-8.20146e-05
-9.58723e-05
-0.000111795
-0.000130773
-0.00015326
-0.000179352
-0.000208859
-0.000241517
-0.000277029
-0.000315221
-0.000356
-0.000399441
-0.000445696
-0.000495048
-0.000547808
-0.00060434
-0.000665005
-0.000730134
-0.000800081
-0.000875108
-0.000955578
-0.00104168
-0.00113379
-0.00123201
-0.00133671
-0.00144793
-0.00156601
-0.00169094
-0.00182285
-0.00196168
-0.00210723
-0.00225932
-0.0024173
-0.00258068
-0.00274835
-0.00291912
-0.00309171
-0.00326384
-0.00343433
-0.00359989
-0.00375947
-0.00391024
-0.00404993
-0.00417873
-0.00429297
-0.00439639
-0.00448802
-0.00457161
-0.00465163
-0.00472905
-0.00480901
-0.00489178
-0.00497927
-0.00507053
-0.00516746
-0.0052677
-0.00536987
-0.00547656
-0.00558215
-0.00568918
-0.00579811
-0.00590486
-0.00601294
-0.00612001
-0.00622366
-0.00632712
-0.0064273
-0.00652145
-0.00661369
-0.00670155
-0.00678151
-0.00685853
-0.00693306
-0.00700218
-0.0070671
-0.00712916
-0.00718611
-0.00723353
0.0016961
0.00155937
0.000980846
0.000364148
-0.000107894
-0.000384326
-0.000472038
-0.000425479
-0.000313181
-0.000190044
-8.85574e-05
-2.27545e-05
4.71834e-06
-3.94632e-07
-2.76613e-05
-6.60491e-05
-0.000106639
-0.000143657
-0.00017427
-0.000197896
-0.000215576
-0.000229321
-0.000241404
-0.000253882
-0.000268295
-0.000285626
-0.000306329
-0.000330486
-0.000357908
-0.00038831
-0.000421393
-0.000456959
-0.000494913
-0.000535303
-0.000578283
-0.000624097
-0.000673059
-0.000725495
-0.000781763
-0.000842165
-0.00090704
-0.000976627
-0.00105125
-0.00113111
-0.0012165
-0.00130756
-0.00140458
-0.00150766
-0.00161702
-0.00173274
-0.00185489
-0.00198346
-0.00211828
-0.00225919
-0.00240573
-0.00255737
-0.0027134
-0.00287261
-0.0030342
-0.00319616
-0.00335754
-0.00351588
-0.00366974
-0.00381751
-0.00395649
-0.00408726
-0.0042065
-0.00431645
-0.00441669
-0.00450899
-0.00459732
-0.00468227
-0.00476817
-0.00485551
-0.00494641
-0.0050402
-0.00513853
-0.00524025
-0.00534357
-0.00545119
-0.00555823
-0.00566612
-0.00577576
-0.00588334
-0.00599165
-0.00609929
-0.0062036
-0.00630739
-0.00640847
-0.00650379
-0.00659683
-0.00668586
-0.00676718
-0.0068453
-0.00692107
-0.00699168
-0.00705786
-0.00712089
-0.00717873
-0.0072269
0.00156291
0.00142763
0.000850298
0.000234529
-0.000236749
-0.000512526
-0.000599639
-0.000552491
-0.000439602
-0.000315881
-0.000213834
-0.000147502
-0.000119536
-0.000124187
-0.000151012
-0.000188967
-0.000229123
-0.000265701
-0.00029587
-0.000319046
-0.000336279
-0.000349576
-0.000361214
-0.00037324
-0.000387187
-0.000404017
-0.000424167
-0.000447691
-0.000474375
-0.000503902
-0.00053595
-0.00057029
-0.000606813
-0.000645541
-0.000686617
-0.000730262
-0.000776773
-0.000826455
-0.000879648
-0.000936634
-0.000997724
-0.00106315
-0.00113318
-0.001208
-0.00128787
-0.00137295
-0.00146345
-0.00155949
-0.00166126
-0.00176885
-0.00188233
-0.0020017
-0.00212689
-0.00225771
-0.00239392
-0.00253497
-0.00268041
-0.00282916
-0.0029806
-0.0031332
-0.00328599
-0.00343737
-0.00358569
-0.00373017
-0.00386811
-0.00399993
-0.00412303
-0.00423829
-0.00434572
-0.00444578
-0.00454172
-0.00463386
-0.00472577
-0.00481806
-0.00491284
-0.00500971
-0.00511
-0.00521347
-0.00531813
-0.00542668
-0.00553518
-0.00564405
-0.00575454
-0.00586308
-0.00597178
-0.00608
-0.00618494
-0.00628904
-0.00639092
-0.00648745
-0.00658131
-0.00667137
-0.00675405
-0.00683319
-0.00691011
-0.00698212
-0.00704943
-0.00711336
-0.00717198
-0.00722072
0.00130033
0.00116514
0.000588764
-2.39986e-05
-0.000490187
-0.000758998
-0.000837769
-0.000781861
-0.00066069
-0.000529693
-0.00042155
-0.000350302
-0.000318435
-0.00031984
-0.000343654
-0.00037849
-0.000415225
-0.000448016
-0.000474069
-0.000492891
-0.000505667
-0.000514545
-0.000521923
-0.000529927
-0.000540129
-0.000553484
-0.000570399
-0.000590867
-0.000614606
-0.000641226
-0.00067035
-0.000701699
-0.000735137
-0.000770661
-0.000808399
-0.000848549
-0.000891376
-0.000937162
-0.00098622
-0.00103882
-0.00109526
-0.00115574
-0.00122051
-0.00128975
-0.00136365
-0.00144238
-0.00152612
-0.00161499
-0.00170915
-0.0018087
-0.00191373
-0.00202422
-0.00214016
-0.00226133
-0.00238759
-0.00251848
-0.00265368
-0.0027924
-0.00293406
-0.00307765
-0.00322211
-0.0033665
-0.00350909
-0.00364945
-0.00378528
-0.00391665
-0.00404174
-0.00416047
-0.00427314
-0.00437942
-0.00448179
-0.00458038
-0.00467796
-0.00477511
-0.00487377
-0.00497387
-0.00507635
-0.0051817
-0.00528786
-0.00539739
-0.00550732
-0.00561735
-0.00572883
-0.00583856
-0.00594788
-0.00605683
-0.00616267
-0.00626715
-0.00636988
-0.00646781
-0.00656271
-0.00665396
-0.00673817
-0.00681857
-0.00689673
-0.00697038
-0.00703907
-0.00710406
-0.00716358
-0.00721313
0.00131227
0.00118067
0.000607076
-5.48816e-06
-0.000474781
-0.000750294
-0.000839051
-0.000795011
-0.000685861
-0.000565695
-0.000466423
-0.000401717
-0.000374053
-0.000377737
-0.000402666
-0.000438278
-0.000476132
-0.000510835
-0.000539751
-0.000562329
-0.000579515
-0.000593112
-0.000605156
-0.000617463
-0.000631384
-0.000647752
-0.000666942
-0.000688986
-0.000713698
-0.000740799
-0.000770026
-0.000801189
-0.00083421
-0.000869117
-0.000906039
-0.00094517
-0.000986765
-0.00103108
-0.00107836
-0.00112884
-0.00118274
-0.00124024
-0.00130154
-0.0013668
-0.00143623
-0.00150997
-0.00158821
-0.0016711
-0.00175878
-0.00185137
-0.00194897
-0.0020516
-0.00215928
-0.00227188
-0.00238928
-0.00251121
-0.00263733
-0.00276715
-0.00290006
-0.00303546
-0.00317228
-0.00330996
-0.003447
-0.003583
-0.00371629
-0.00384647
-0.00397247
-0.00409359
-0.00421017
-0.00432149
-0.00442929
-0.00453349
-0.0046362
-0.00473787
-0.00484021
-0.00494343
-0.00504812
-0.00515527
-0.00526292
-0.00537326
-0.00548431
-0.00559524
-0.00570741
-0.00581816
-0.00592797
-0.00603739
-0.00614402
-0.00624874
-0.00635184
-0.00645095
-0.00654675
-0.00663891
-0.00672445
-0.00680585
-0.00688501
-0.00695999
-0.00702986
-0.00709565
-0.0071559
-0.00720593
-0.00196801
-0.00185171
-0.00129538
-0.00070185
-0.000252745
1.86428e-06
6.93221e-05
3.84361e-06
-0.000126832
-0.000268753
-0.000390229
-0.000477815
-0.000529312
-0.000550772
-0.000552525
-0.000545192
-0.000537132
-0.000533611
-0.000537191
-0.000548415
-0.000566386
-0.000589409
-0.000615598
-0.000643321
-0.000671425
-0.000699285
-0.000726735
-0.000753956
-0.000781348
-0.000809399
-0.00083859
-0.00086933
-0.000901932
-0.000936615
-0.000973521
-0.00101275
-0.00105437
-0.00109846
-0.00114513
-0.0011945
-0.00124673
-0.001302
-0.00136051
-0.00142246
-0.00148807
-0.00155753
-0.00163105
-0.00170879
-0.00179091
-0.00187753
-0.00196874
-0.00206461
-0.00216514
-0.00227029
-0.00237996
-0.00249397
-0.00261205
-0.00273389
-0.00285895
-0.00298683
-0.00311669
-0.00324806
-0.00337983
-0.0035115
-0.00364197
-0.00377052
-0.00389657
-0.00401914
-0.00413848
-0.0042538
-0.00436614
-0.0044754
-0.00458296
-0.00468929
-0.00479555
-0.00490236
-0.00500981
-0.00511927
-0.00522905
-0.00534072
-0.00545329
-0.00556558
-0.00567882
-0.00579097
-0.00590191
-0.00601212
-0.00612
-0.00622559
-0.00632924
-0.00642972
-0.00652689
-0.00662028
-0.00670753
-0.00679035
-0.00687068
-0.00694736
-0.00701873
-0.00708566
-0.0071468
-0.00719766
0.00110163
0.000970399
0.000396757
-0.000216267
-0.000686423
-0.000963207
-0.00105345
-0.00101086
-0.00090293
-0.000783701
-0.000685105
-0.00062086
-0.000593431
-0.000597129
-0.000621912
-0.00065732
-0.000695033
-0.000729758
-0.000758881
-0.000781812
-0.000799407
-0.000813363
-0.000825615
-0.000837898
-0.000851517
-0.000867282
-0.000885562
-0.0009064
-0.000929622
-0.000954965
-0.000982166
-0.00101103
-0.00104146
-0.00107347
-0.00110712
-0.00114259
-0.00118005
-0.00121973
-0.00126182
-0.00130654
-0.00135408
-0.00140462
-0.00145833
-0.00151538
-0.00157591
-0.00164008
-0.00170803
-0.00177992
-0.00185587
-0.001936
-0.0020204
-0.00210914
-0.00220228
-0.00229978
-0.00240161
-0.00250764
-0.00261769
-0.00273152
-0.00284876
-0.00296905
-0.00309181
-0.00321659
-0.00334262
-0.00346933
-0.00359598
-0.00372183
-0.00384642
-0.00396887
-0.00408918
-0.00420667
-0.00432181
-0.00443449
-0.00454548
-0.00465521
-0.0047644
-0.00487378
-0.00498333
-0.00509424
-0.00520548
-0.00531789
-0.00543122
-0.00554426
-0.00565788
-0.00577072
-0.00588225
-0.00599281
-0.00610121
-0.00620743
-0.00631128
-0.00641228
-0.00651032
-0.0066046
-0.00669313
-0.00677696
-0.006858
-0.00693584
-0.00700847
-0.0070761
-0.00713784
-0.0071891
-0.0023152
-0.0021938
-0.00163059
-0.00102876
-0.000570717
-0.00030708
-0.000231057
-0.000288882
-0.000412941
-0.000549125
-0.000665477
-0.000748302
-0.000795185
-0.000811841
-0.000808402
-0.000795469
-0.000781528
-0.000772017
-0.000769656
-0.000775126
-0.000787638
-0.000805564
-0.000827037
-0.0008504
-0.000874445
-0.000898478
-0.00092226
-0.000945898
-0.000969727
-0.000994189
-0.00101973
-0.00104675
-0.00107554
-0.00110633
-0.00113924
-0.00117436
-0.00121175
-0.00125144
-0.00129348
-0.00133796
-0.00138497
-0.00143463
-0.00148708
-0.00154248
-0.00160097
-0.00166273
-0.0017279
-0.00179665
-0.0018691
-0.00194537
-0.00202557
-0.00210978
-0.00219805
-0.0022904
-0.00238679
-0.00248719
-0.00259144
-0.00269941
-0.00281082
-0.00292541
-0.00304277
-0.00316251
-0.00328409
-0.00340701
-0.00353071
-0.00365456
-0.00377812
-0.00390071
-0.0040221
-0.00414177
-0.00425979
-0.004376
-0.00449079
-0.0046044
-0.0047173
-0.00483007
-0.0049427
-0.00505611
-0.00516971
-0.00528399
-0.00539887
-0.00551355
-0.00562839
-0.00574249
-0.00585542
-0.005967
-0.00607658
-0.00618409
-0.00628895
-0.00639097
-0.00649006
-0.00658581
-0.00667629
-0.0067616
-0.00684372
-0.00692312
-0.00699733
-0.00706625
-0.00712889
-0.00718093
0.00090251
0.000770034
0.00019492
-0.000419293
-0.000890025
-0.0011666
-0.00125585
-0.00121173
-0.00110208
-0.000981202
-0.00088119
-0.000815842
-0.000787655
-0.000790965
-0.000815647
-0.000851081
-0.000888763
-0.000923258
-0.00095189
-0.000974063
-0.000990669
-0.00100346
-0.00101445
-0.00102542
-0.00103772
-0.00105217
-0.00106914
-0.00108865
-0.0011105
-0.0011344
-0.00116002
-0.00118714
-0.00121562
-0.00124543
-0.00127663
-0.00130935
-0.00134375
-0.00138003
-0.00141838
-0.00145898
-0.00150198
-0.00154755
-0.00159582
-0.00164692
-0.00170097
-0.0017581
-0.00181842
-0.00188206
-0.00194914
-0.00201977
-0.00209406
-0.00217209
-0.00225393
-0.00233963
-0.0024292
-0.00252262
-0.00261981
-0.00272068
-0.00282504
-0.0029327
-0.00304337
-0.00315673
-0.0032724
-0.00338995
-0.00350895
-0.00362886
-0.00374932
-0.00386971
-0.0039898
-0.00410905
-0.00422743
-0.00434461
-0.00446083
-0.00457609
-0.00469067
-0.004805
-0.00491902
-0.0050335
-0.00514799
-0.00526292
-0.00537818
-0.00549327
-0.00560839
-0.00572266
-0.00583594
-0.00594782
-0.00605758
-0.00616571
-0.00627096
-0.00637318
-0.00647265
-0.00656888
-0.00666078
-0.00674727
-0.00682959
-0.00690974
-0.00698523
-0.00705483
-0.00711791
-0.00717029
-0.00250584
-0.00238264
-0.00181737
-0.0012137
-0.000754296
-0.000489933
-0.000413812
-0.000471958
-0.000596456
-0.000732943
-0.000849295
-0.000931723
-0.000977756
-0.000993127
-0.00098807
-0.000973341
-0.000957582
-0.000946364
-0.000942473
-0.000946599
-0.000957917
-0.000974732
-0.000995099
-0.00101729
-0.00104005
-0.00106263
-0.0010848
-0.00110664
-0.00112852
-0.00115087
-0.00117418
-0.00119884
-0.00122516
-0.00125335
-0.00128354
-0.0013158
-0.00135014
-0.0013866
-0.00142518
-0.00146593
-0.00150893
-0.00155426
-0.00160203
-0.00165237
-0.0017054
-0.00176127
-0.0018201
-0.00188202
-0.00194716
-0.00201562
-0.0020875
-0.00216288
-0.00224183
-0.0023244
-0.00241062
-0.00250049
-0.00259398
-0.00269103
-0.00279153
-0.00289533
-0.00300225
-0.00311205
-0.00322445
-0.00333911
-0.0034557
-0.00357376
-0.00369301
-0.0038129
-0.0039332
-0.00405338
-0.00417334
-0.00429269
-0.00441146
-0.0045296
-0.00464707
-0.00476431
-0.00488102
-0.00499794
-0.00511463
-0.00523149
-0.00534844
-0.00546498
-0.00558144
-0.00569679
-0.00581127
-0.00592435
-0.00603519
-0.00614454
-0.00625104
-0.00635429
-0.00645463
-0.0065521
-0.00664591
-0.00673432
-0.0068176
-0.00689873
-0.00697581
-0.00704668
-0.00711037
-0.00716333
0.000754512
0.000620941
4.46182e-05
-0.000570585
-0.00104187
-0.00131844
-0.00140712
-0.00136203
-0.00125126
-0.00112935
-0.00102853
-0.000962716
-0.000934449
-0.000938033
-0.000963231
-0.00099928
-0.00103753
-0.00107243
-0.00110122
-0.00112328
-0.00113953
-0.00115179
-0.00116212
-0.0011724
-0.00118401
-0.0011978
-0.00121415
-0.00123307
-0.00125433
-0.0012776
-0.00130254
-0.00132887
-0.00135642
-0.00138514
-0.00141507
-0.00144631
-0.00147902
-0.00151337
-0.00154953
-0.00158767
-0.00162792
-0.00167042
-0.00171527
-0.00176256
-0.00181241
-0.00186488
-0.0019201
-0.00197814
-0.00203911
-0.00210311
-0.00217025
-0.0022406
-0.00231425
-0.00239127
-0.00247172
-0.00255563
-0.00264299
-0.0027338
-0.00282799
-0.00292548
-0.00302614
-0.0031298
-0.00323627
-0.00334528
-0.0034566
-0.00356987
-0.00368482
-0.00380103
-0.00391825
-0.00403607
-0.00415423
-0.00427248
-0.00439056
-0.00450854
-0.00462608
-0.00474359
-0.00486071
-0.00497789
-0.00509499
-0.00521188
-0.00532906
-0.00544557
-0.00556201
-0.00567723
-0.00579143
-0.00590482
-0.00601575
-0.00612526
-0.00623149
-0.00633476
-0.00643575
-0.00653306
-0.00662748
-0.00671729
-0.00680123
-0.00688283
-0.00696083
-0.0070327
-0.007097
-0.00715024
-0.00253453
-0.00241156
-0.00184702
-0.00124482
-0.000787708
-0.00052646
-0.000454124
-0.000516363
-0.000644886
-0.000785079
-0.000904706
-0.000989938
-0.0010383
-0.00105565
-0.00105241
-0.00103952
-0.00102577
-0.00101684
-0.00101556
-0.00102258
-0.001037
-0.001057
-0.00108053
-0.00110576
-0.00113135
-0.00115655
-0.00118108
-0.00120505
-0.00122883
-0.00125289
-0.00127772
-0.00130373
-0.00133123
-0.00136042
-0.0013914
-0.0014242
-0.00145882
-0.00149525
-0.00153347
-0.00157351
-0.0016154
-0.00165923
-0.00170509
-0.00175308
-0.00180334
-0.00185598
-0.00191115
-0.00196894
-0.00202949
-0.00209289
-0.00215924
-0.00222863
-0.00230114
-0.00237685
-0.00245581
-0.00253807
-0.00262364
-0.00271255
-0.00280476
-0.00290023
-0.00299888
-0.0031006
-0.00320523
-0.0033126
-0.00342246
-0.00353458
-0.00364867
-0.00376442
-0.00388151
-0.00399964
-0.00411846
-0.00423775
-0.00435718
-0.00447666
-0.00459597
-0.00471508
-0.00483411
-0.00495291
-0.0050718
-0.00519012
-0.00530845
-0.00542595
-0.00554301
-0.00565968
-0.00577479
-0.00588943
-0.00600118
-0.00611107
-0.00621869
-0.00632268
-0.00642484
-0.00652279
-0.00661735
-0.00670943
-0.00679444
-0.00687565
-0.00695479
-0.00702787
-0.00709234
-0.00714581
0.000738634
0.000602177
2.25555e-05
-0.000596297
-0.00107128
-0.00135132
-0.00144305
-0.00140055
-0.00129201
-0.00117218
-0.00107352
-0.00101007
-0.000984536
-0.000991267
-0.00101999
-0.00105981
-0.00110194
-0.00114063
-0.00117302
-0.00119843
-0.00121777
-0.00123288
-0.00124589
-0.00125871
-0.00127278
-0.00128899
-0.00130773
-0.00132902
-0.0013526
-0.00137813
-0.00140522
-0.00143356
-0.00146295
-0.0014933
-0.00152461
-0.00155698
-0.00159052
-0.0016254
-0.00166178
-0.0016998
-0.0017396
-0.00178128
-0.00182494
-0.00187066
-0.00191852
-0.0019686
-0.00202096
-0.0020757
-0.00213289
-0.00219263
-0.00225501
-0.00232012
-0.00238805
-0.0024589
-0.00253272
-0.0026096
-0.00268957
-0.00277269
-0.00285895
-0.00294838
-0.00304091
-0.00313653
-0.0032351
-0.00333656
-0.00344071
-0.00354741
-0.00365642
-0.00376749
-0.00388038
-0.00399471
-0.00411025
-0.00422667
-0.00434384
-0.00446147
-0.00457954
-0.00469779
-0.00481617
-0.00493437
-0.00505246
-0.00517029
-0.00528788
-0.00540526
-0.00552189
-0.00563825
-0.00575314
-0.00586701
-0.00597881
-0.00608834
-0.00619614
-0.00630052
-0.00640238
-0.00650104
-0.00659582
-0.00668832
-0.00677538
-0.00685725
-0.00693638
-0.00701093
-0.00707646
-0.00713008
)
;

boundaryField
{
    zeroGradient
    {
        type            zeroGradient;
    }
    inlet
    {
        type            zeroGradient;
    }
    fixedWalls
    {
        type            zeroGradient;
    }
    frontAndBack
    {
        type            empty;
    }
}


// ************************************************************************* //
