/*--------------------------------*- C++ -*----------------------------------*\
| =========                 |                                                 |
| \\      /  F ield         | OpenFOAM: The Open Source CFD Toolbox           |
|  \\    /   O peration     | Version:  2312                                  |
|   \\  /    A nd           | Website:  www.openfoam.com                      |
|    \\/     M anipulation  |                                                 |
\*---------------------------------------------------------------------------*/
FoamFile
{
    version     2.0;
    format      ascii;
    arch        "LSB;label=32;scalar=64";
    class       volScalarField;
    location    "0.6";
    object      p;
}
// * * * * * * * * * * * * * * * * * * * * * * * * * * * * * * * * * * * * * //

dimensions      [0 2 -2 0 0 0 0];

internalField   nonuniform List<scalar> 
5600
(
8.57329e-09
0.000477314
0.000303264
0.000441836
0.000372386
0.00052737
0.000505779
0.000654298
0.000670769
0.000803705
0.000871425
0.000997182
0.00107593
0.00120945
0.00131872
0.00145067
0.00157417
0.00171253
0.0018588
0.00201057
0.00216484
0.00233127
0.00251004
0.00270185
0.00289736
0.00310328
0.00331439
0.00353826
0.00376973
0.00401617
0.00427375
0.00454944
0.0048381
0.00513744
0.00543577
0.00572396
0.00600894
0.00628838
0.006499
0.00646655
2.65582e-06
0.000474138
0.000305272
0.000439244
0.000374777
0.000523729
0.000508506
0.000650211
0.00067344
0.000798588
0.000873468
0.000992011
0.00107654
0.00120452
0.00131789
0.00144576
0.00157054
0.00170674
0.00185362
0.00200611
0.00215947
0.00232507
0.00250152
0.00268986
0.00288377
0.00308651
0.00329693
0.00351813
0.00374867
0.00398908
0.00423509
0.00448082
0.00471944
0.00495256
0.00518301
0.00540156
0.00558129
0.00567867
0.00562212
0.00528811
5.0268e-06
0.00047244
0.000306294
0.000438104
0.000375803
0.000521968
0.00050924
0.000648431
0.000673947
0.000796697
0.000873711
0.000990093
0.00107602
0.00120291
0.00131651
0.00144384
0.00156819
0.00170422
0.0018505
0.0020019
0.00215481
0.00231964
0.00249447
0.00268153
0.00287352
0.00307457
0.00328202
0.00349892
0.00372196
0.0039514
0.0041825
0.00440976
0.00462766
0.00484006
0.00504827
0.00524119
0.00539086
0.00545984
0.0053863
0.00506339
9.04051e-06
0.000468104
0.000308758
0.000434454
0.000378785
0.00051709
0.000512596
0.00064318
0.000677108
0.000790285
0.000876063
0.000983642
0.00107641
0.00119674
0.0013151
0.00143873
0.00156382
0.00169885
0.00184421
0.00199462
0.0021469
0.00230903
0.00248255
0.00266576
0.00285542
0.00305214
0.00325626
0.00346744
0.00368184
0.00389297
0.00409599
0.00429317
0.00448753
0.00467691
0.00485079
0.00499152
0.00507359
0.00506265
0.00490608
0.00451074
1.26548e-05
0.000464241
0.000310782
0.000431957
0.000380845
0.000513417
0.000514076
0.000639441
0.000678033
0.000786772
0.000876223
0.000980397
0.00107517
0.00119347
0.00131191
0.00143506
0.00155886
0.00169281
0.00183731
0.00198649
0.00213723
0.00229713
0.002468
0.00264791
0.00283366
0.003025
0.00322141
0.00342132
0.00362137
0.00381688
0.00400218
0.00417889
0.00435176
0.00451786
0.00466436
0.00477383
0.00482429
0.00478744
0.00461728
0.00422676
1.76491e-05
0.000458007
0.000314346
0.000427007
0.000384834
0.000506935
0.000518367
0.000632807
0.000681274
0.000779199
0.000877636
0.000974149
0.00107244
0.00119041
0.00130734
0.00142894
0.00155193
0.00168464
0.00182804
0.00197534
0.00212428
0.00228105
0.00244866
0.00262401
0.00280444
0.00298864
0.00317559
0.00336184
0.00354209
0.00371408
0.00388155
0.00404663
0.00420638
0.00435372
0.0044773
0.0045621
0.00458799
0.00452683
0.00433306
0.00392029
2.25747e-05
0.000451552
0.000317632
0.00042296
0.000388003
0.000501101
0.00052031
0.0006273
0.0006822
0.000774893
0.000876529
0.000970891
0.00106854
0.00118586
0.0013016
0.00142203
0.00154388
0.00167512
0.00181679
0.00196197
0.00210825
0.00226136
0.00242443
0.00259402
0.00276702
0.00294121
0.00311449
0.00328325
0.00344429
0.00360048
0.00375565
0.00390893
0.00405457
0.00418498
0.00429068
0.00435931
0.00437303
0.00430515
0.00410952
0.00369586
2.89003e-05
0.000442582
0.000322549
0.000416511
0.000393162
0.000492859
0.000525106
0.000619547
0.000683296
0.000768409
0.000873677
0.000968088
0.00106313
0.00117956
0.00129441
0.00141384
0.0015338
0.0016634
0.0018027
0.00194537
0.0020882
0.00223702
0.0023941
0.00255611
0.00271853
0.00287904
0.00303497
0.00318391
0.0033301
0.00347692
0.00362268
0.00376404
0.00389549
0.00401148
0.00410392
0.00416286
0.00417259
0.00410866
0.00392662
0.00353837
3.54744e-05
0.00043272
0.000327348
0.000410734
0.000397184
0.000484927
0.000526776
0.000613488
0.000683
0.000765156
0.000869773
0.000963197
0.00105689
0.00117233
0.00128619
0.00140375
0.00152185
0.00164901
0.00178583
0.00192496
0.00206371
0.00220713
0.00235763
0.00251015
0.00265829
0.00279748
0.00293289
0.00306958
0.00320719
0.00334337
0.00347596
0.00360411
0.00372663
0.00384168
0.00394386
0.00402316
0.00406127
0.00402618
0.00385609
0.00342746
4.34965e-05
0.000420196
0.000333498
0.000403048
0.000403189
0.00047531
0.000530394
0.000605581
0.000679017
0.000761685
0.000865747
0.000956614
0.00104973
0.00116337
0.00127658
0.00139117
0.00150767
0.00163139
0.00176579
0.00190009
0.00203372
0.00216916
0.00230983
0.00244815
0.0025784
0.00270378
0.00282993
0.00295691
0.00308138
0.00319768
0.00330212
0.003394
0.00347748
0.00356055
0.00364752
0.00372958
0.00380416
0.00389668
0.00407832
0.00448905
5.20749e-05
0.000406059
0.000339804
0.00039569
0.000406959
0.00046618
0.000529803
0.000603269
0.000675014
0.000756307
0.000859652
0.000949362
0.00104085
0.00115306
0.00126468
0.00137666
0.00149048
0.00161053
0.00174121
0.00187047
0.00199673
0.00212152
0.00224721
0.00236949
0.00248914
0.0026073
0.00272491
0.00283869
0.00294641
0.0030465
0.00314071
0.00323348
0.00333078
0.00343297
0.00353112
0.00362
0.00370764
0.00382055
0.00401198
0.00438327
6.21401e-05
0.000389192
0.000346343
0.000388351
0.000412323
0.000459072
0.000523475
0.000599293
0.000671199
0.000750067
0.000852355
0.000941076
0.00102991
0.00114097
0.00125026
0.00135965
0.00146983
0.0015857
0.00171103
0.00183325
0.00194839
0.00205882
0.00217204
0.00228578
0.00239787
0.0025075
0.00261466
0.00271716
0.00281453
0.00290876
0.00300489
0.00310467
0.00320123
0.00328793
0.00336428
0.003438
0.00352577
0.00365663
0.00388093
0.00429484
7.2883e-05
0.000370632
0.000352797
0.000380465
0.000412233
0.000455692
0.000517571
0.000593614
0.000665917
0.000743269
0.000844088
0.000931451
0.001017
0.0011264
0.00123334
0.0013393
0.00144516
0.00155573
0.00167399
0.0017857
0.00188761
0.00198707
0.00209319
0.00219958
0.00230042
0.00239566
0.00249055
0.00259003
0.00269562
0.00280168
0.00290105
0.00298919
0.00306529
0.00313238
0.00319636
0.00326776
0.00336271
0.00350625
0.00374237
0.00415877
8.51181e-05
0.000348786
0.000358109
0.000377863
0.000409688
0.000452007
0.00051177
0.000585876
0.000657934
0.000734754
0.000834122
0.000920282
0.00100207
0.00110898
0.00121341
0.00131504
0.00141538
0.00151837
0.00162648
0.0017258
0.0018189
0.00191266
0.00201301
0.00211399
0.00221044
0.00230156
0.00239004
0.00247675
0.00256219
0.00264884
0.0027391
0.00282732
0.00290537
0.002972
0.0030342
0.00310424
0.00319869
0.00334214
0.00357725
0.00399056
9.78506e-05
0.000327931
0.000359527
0.00037404
0.000404615
0.00044703
0.000506351
0.000579024
0.000649575
0.000723958
0.000821681
0.000906978
0.000984743
0.00108851
0.00118991
0.00128559
0.00137869
0.0014714
0.0015692
0.00166106
0.00174789
0.00183473
0.00192604
0.00201643
0.00210177
0.00218369
0.00226897
0.0023618
0.00245735
0.00254714
0.00262562
0.00269208
0.00274917
0.00280207
0.0028576
0.00292531
0.00301921
0.00316232
0.00339693
0.00381022
0.000111556
0.000306531
0.000355882
0.000371925
0.000400727
0.000442257
0.000499989
0.000570493
0.000639712
0.000711283
0.000806442
0.000890751
0.000964299
0.00106404
0.00116161
0.00124927
0.00133352
0.00141676
0.00150682
0.0015931
0.00167297
0.00175054
0.00183164
0.00191367
0.00199514
0.00207825
0.00216639
0.00225772
0.00234479
0.00242072
0.00248278
0.00253358
0.00257818
0.00262285
0.00267428
0.00274094
0.00283539
0.00297949
0.00321484
0.00362831
0.000125478
0.000286858
0.000347514
0.000368529
0.000396176
0.000436346
0.000492374
0.00056048
0.00062821
0.00069683
0.000788403
0.00087142
0.00094011
0.00103437
0.00112733
0.00120558
0.00128089
0.00135786
0.00144096
0.00152046
0.00159358
0.00166362
0.00173804
0.00181461
0.00189028
0.00196576
0.00204519
0.00212893
0.00220873
0.00227664
0.00233
0.00237244
0.00241012
0.00244981
0.00249802
0.00256281
0.00265621
0.00279969
0.00303461
0.0034479
0.000139377
0.000267696
0.000334636
0.000363936
0.000391713
0.000430148
0.000484343
0.000549539
0.000614683
0.000680001
0.000767229
0.000848039
0.000911232
0.000998055
0.00108571
0.00115584
0.00122373
0.00129527
0.0013715
0.00144294
0.001508
0.00156879
0.00163388
0.00170457
0.00177898
0.0018558
0.00193265
0.00200713
0.00207419
0.00213002
0.00217377
0.00220908
0.0022415
0.0022773
0.00232261
0.0023852
0.00247691
0.0026191
0.00285311
0.00326591
0.00015317
0.000251256
0.000316166
0.000356884
0.000386697
0.000423168
0.000475048
0.000537348
0.00059946
0.000660412
0.000741956
0.000819894
0.00087681
0.000953966
0.00103594
0.00110182
0.00116343
0.00122819
0.00129743
0.00136065
0.00141795
0.0014721
0.00153072
0.00159564
0.00166415
0.00173501
0.00180566
0.001873
0.00193182
0.00197905
0.00201492
0.00204377
0.00207125
0.00210345
0.0021462
0.00220691
0.00229718
0.00243823
0.00267139
0.00308374
0.000163675
0.000237407
0.000298273
0.000345163
0.000378965
0.000414884
0.000464399
0.000523608
0.000582729
0.000638289
0.000711626
0.00078484
0.000836555
0.00090509
0.000982055
0.00104409
0.00109895
0.00115521
0.00121701
0.00127316
0.00132295
0.00137028
0.00142188
0.00148107
0.0015452
0.00161158
0.00167569
0.0017347
0.00178486
0.00182434
0.00185376
0.00187735
0.00190069
0.00192974
0.00197026
0.00202943
0.00211861
0.00225882
0.00249135
0.00290339
0.000171017
0.000228124
0.00027977
0.000327368
0.00036764
0.000404834
0.000452066
0.000507446
0.000562902
0.000612987
0.000677251
0.000745644
0.000792874
0.000852168
0.000922837
0.000980248
0.00102845
0.00107585
0.0011296
0.00117974
0.00122299
0.0012641
0.00130971
0.00136412
0.00142446
0.00148617
0.00154314
0.00159282
0.00163358
0.00166527
0.00168906
0.00170861
0.00172893
0.00175564
0.0017944
0.00185229
0.00194056
0.00208008
0.0023121
0.00272387
0.000175403
0.00021868
0.000262389
0.000308168
0.000351716
0.000390985
0.000437097
0.000488414
0.000539555
0.000585286
0.000640493
0.000701879
0.000744836
0.000794605
0.00085728
0.000909663
0.000951441
0.000990399
0.00103543
0.00107994
0.00111803
0.00115398
0.00119496
0.00124624
0.00130426
0.00136078
0.00140896
0.0014477
0.00147819
0.00150208
0.00152096
0.00153762
0.00155612
0.00158139
0.00161893
0.00167579
0.00176328
0.00190222
0.00213385
0.00254547
0.000176474
0.00020952
0.000246262
0.000288394
0.000330856
0.000371529
0.000417826
0.000466044
0.000512483
0.000554447
0.000601364
0.000653594
0.000691624
0.000732599
0.00078566
0.000832304
0.000868264
0.00089976
0.000936034
0.000974618
0.00100924
0.00104227
0.00108039
0.00112854
0.00118209
0.00123143
0.00127013
0.00129835
0.00131938
0.00133623
0.00135093
0.00136556
0.00138313
0.00140772
0.00144449
0.00150053
0.00158728
0.00172568
0.00195699
0.00236857
0.000174066
0.000199685
0.000230061
0.000267856
0.000307715
0.000346941
0.000392969
0.000439434
0.000481077
0.00051888
0.000559615
0.00060182
0.000632729
0.000666373
0.000709319
0.000748485
0.000778702
0.000803951
0.000832623
0.000865206
0.000897394
0.000929511
0.000966205
0.00101021
0.00105646
0.00109655
0.00112568
0.00114488
0.00115824
0.00116945
0.00118081
0.00119394
0.00121101
0.0012353
0.0012716
0.00132697
0.00141302
0.00155087
0.00178189
0.00219348
0.000167914
0.000188589
0.000213592
0.000246677
0.000283124
0.000318513
0.000361417
0.000406199
0.000444309
0.000477626
0.000513799
0.000548059
0.000569615
0.000595538
0.000629666
0.000659683
0.000683094
0.000702746
0.000725632
0.000753235
0.000783604
0.000815993
0.000851713
0.000890026
0.000926681
0.000956312
0.000976285
0.000988198
0.000995957
0.00100319
0.0010121
0.00102406
0.00104071
0.0010648
0.00110076
0.00115558
0.00124103
0.00137842
0.00160926
0.00202098
0.00015838
0.000175122
0.00019579
0.000223952
0.000256815
0.000288383
0.000325803
0.000366115
0.000400402
0.000428611
0.000460309
0.000490952
0.00050462
0.000520764
0.000547189
0.000568818
0.000584019
0.000597192
0.000615365
0.000639528
0.000668324
0.000700012
0.00073263
0.000764152
0.000791405
0.000811536
0.000823748
0.000830118
0.000833997
0.000838487
0.000845494
0.000856274
0.000872233
0.000895878
0.00093141
0.000985787
0.0010708
0.00120784
0.00143843
0.00185012
0.000145262
0.000158956
0.000175994
0.000199187
0.000227766
0.00025552
0.00028719
0.000321872
0.000351754
0.000373897
0.000397577
0.000426007
0.00043684
0.000442822
0.000461406
0.000477098
0.000485293
0.00049166
0.000504799
0.000525823
0.000551693
0.000579965
0.000607768
0.000633099
0.000653214
0.000666445
0.000672857
0.000674907
0.000675712
0.000678039
0.000683498
0.000693188
0.00070838
0.000731455
0.000766523
0.00082052
0.000905279
0.00104226
0.00127307
0.00168527
0.000128251
0.000139439
0.000153243
0.000171754
0.000195498
0.000219073
0.000245158
0.000273715
0.000298755
0.000316323
0.000331615
0.000353709
0.000363495
0.000360719
0.000368543
0.000378736
0.000381827
0.000381258
0.000387282
0.000404221
0.000427973
0.000453172
0.000475654
0.000494506
0.000508468
0.000516666
0.000519162
0.000518102
0.000516371
0.000516635
0.00052049
0.00052896
0.000543194
0.000565422
0.000599682
0.000652934
0.00073714
0.000873851
0.00110472
0.0015173
0.000108194
0.000116579
0.000126956
0.000140863
0.000159591
0.00017867
0.000199336
0.000221757
0.000241465
0.000255584
0.000264284
0.000278268
0.000288063
0.000282794
0.000281496
0.000286479
0.00028768
0.00028363
0.000282344
0.00029174
0.000310162
0.000331117
0.000348269
0.000360363
0.000367834
0.00037127
0.00037089
0.000367943
0.000364588
0.000363197
0.000365504
0.000372643
0.000385805
0.000407086
0.000440397
0.0004926
0.000575625
0.0007111
0.000940798
0.00135231
8.28465e-05
8.96028e-05
9.73126e-05
0.000107177
0.000120872
0.000135163
0.000149924
0.000165745
0.000178902
0.000187598
0.000190018
0.000193107
0.000196435
0.00018748
0.00017568
0.000170272
0.000166411
0.000160432
0.000156075
0.000161378
0.000176866
0.000195491
0.000209849
0.000218008
0.000221346
0.00022133
0.000218564
0.000213859
0.000208931
0.000206092
0.000207508
0.000214771
0.00022924
0.000252799
0.000288968
0.00034422
0.000430286
0.000568721
0.000801341
0.00121586
5.61123e-05
5.73067e-05
6.13004e-05
6.80585e-05
7.85824e-05
8.90723e-05
9.92525e-05
0.000109458
0.000118093
0.000123438
0.000125002
0.000124921
0.000127056
0.000122615
0.000112563
0.000104448
9.74529e-05
8.73975e-05
7.35935e-05
6.06912e-05
5.26311e-05
5.07669e-05
5.49766e-05
6.39598e-05
7.36243e-05
7.9597e-05
7.92524e-05
7.21965e-05
6.03285e-05
4.66919e-05
3.47411e-05
2.7457e-05
2.7471e-05
3.7485e-05
6.14402e-05
0.000105927
0.00018276
0.000313648
0.000540798
0.000952572
2.07017e-05
2.38246e-05
2.55022e-05
2.73752e-05
3.03939e-05
3.43007e-05
3.81931e-05
4.12752e-05
4.2374e-05
4.00371e-05
3.37168e-05
2.31506e-05
1.22453e-05
-1.50008e-06
-2.00977e-05
-3.82232e-05
-5.27309e-05
-6.35888e-05
-7.09543e-05
-7.24112e-05
-6.64843e-05
-5.65411e-05
-4.82964e-05
-4.57349e-05
-4.89813e-05
-5.57869e-05
-6.35197e-05
-7.03519e-05
-7.50105e-05
-7.64902e-05
-7.3674e-05
-6.53261e-05
-4.987e-05
-2.50522e-05
1.28845e-05
7.04883e-05
0.000159515
0.000301623
0.000538878
0.000959356
-2.41418e-05
-1.61777e-05
-1.2592e-05
-1.15528e-05
-1.25643e-05
-1.5569e-05
-1.67522e-05
-1.67128e-05
-1.72123e-05
-1.80681e-05
-2.05313e-05
-2.57281e-05
-3.23468e-05
-3.93439e-05
-4.88099e-05
-5.93244e-05
-6.9704e-05
-7.99317e-05
-9.11913e-05
-0.00010349
-0.000116216
-0.000129124
-0.000142847
-0.000158197
-0.00017566
-0.000195344
-0.000217195
-0.000241302
-0.000268006
-0.000297727
-0.000331002
-0.000368603
-0.000411917
-0.000463353
-0.000527056
-0.000610023
-0.00072441
-0.000892204
-0.00115582
-0.0016038
-6.0282e-05
-5.94775e-05
-6.38115e-05
-7.01218e-05
-7.66733e-05
-8.45956e-05
-9.09686e-05
-9.81462e-05
-0.00010908
-0.000122634
-0.000138491
-0.000157479
-0.000179223
-0.000201358
-0.00022303
-0.000242772
-0.000258118
-0.000267189
-0.000269976
-0.000269625
-0.000269665
-0.000272568
-0.000279021
-0.000288329
-0.000298726
-0.000308273
-0.000315446
-0.000319385
-0.000319709
-0.000316228
-0.000308587
-0.000296024
-0.000277114
-0.00024946
-0.00020906
-0.000149148
-5.7881e-05
8.63869e-05
0.000325621
0.000747776
-0.00010838
-0.000107257
-0.000110886
-0.000116905
-0.000122423
-0.000129895
-0.000136681
-0.000142338
-0.000150616
-0.000160286
-0.000170125
-0.000180543
-0.000192529
-0.000205585
-0.000219286
-0.00023398
-0.000249811
-0.000267089
-0.00028589
-0.000306441
-0.00032867
-0.000352613
-0.000378328
-0.000406091
-0.00043612
-0.000468377
-0.000502621
-0.000538663
-0.000576466
-0.000616254
-0.000658525
-0.00070416
-0.000754604
-0.000812249
-0.000881084
-0.000967893
-0.00108454
-0.0012527
-0.00151433
-0.00195739
-0.000159934
-0.000162452
-0.000171767
-0.000186048
-0.000200859
-0.000216929
-0.000234389
-0.000251447
-0.00027074
-0.000292979
-0.000317001
-0.000341464
-0.000365619
-0.000388644
-0.000408454
-0.000423173
-0.000431637
-0.000435878
-0.000439566
-0.000445764
-0.000455291
-0.000467277
-0.000480049
-0.000492044
-0.000502134
-0.000509702
-0.000514388
-0.000515998
-0.000514396
-0.000509409
-0.000500661
-0.000487387
-0.000468173
-0.000440603
-0.000400629
-0.000341424
-0.000251103
-0.000108011
0.000129801
0.000550276
-0.000210997
-0.00021205
-0.00021785
-0.000227787
-0.000238818
-0.000249982
-0.000262525
-0.000275231
-0.00028827
-0.000302865
-0.000318884
-0.000335468
-0.000351919
-0.0003689
-0.000386838
-0.000405994
-0.000426089
-0.000447261
-0.000469829
-0.000494209
-0.000520445
-0.000548395
-0.000577907
-0.000609049
-0.000641837
-0.000676219
-0.000712054
-0.000749198
-0.000787621
-0.000827524
-0.000869421
-0.000914243
-0.000963509
-0.00101967
-0.00108676
-0.00117157
-0.00128598
-0.00145164
-0.00171054
-0.00215067
-0.000278072
-0.000283374
-0.000296465
-0.000315747
-0.000338449
-0.000361687
-0.000386199
-0.000412062
-0.000437761
-0.000463489
-0.000488965
-0.000512508
-0.000531504
-0.000545038
-0.000554126
-0.000561403
-0.000568897
-0.000577812
-0.000588548
-0.000600836
-0.00061375
-0.000626098
-0.000636829
-0.000645291
-0.000651347
-0.000655109
-0.000656686
-0.000656063
-0.00065307
-0.000647369
-0.000638394
-0.000625228
-0.000606366
-0.000579354
-0.000540137
-0.000481888
-0.00039272
-0.000250975
-1.47023e-05
0.000404049
-0.000324069
-0.000324693
-0.000330785
-0.000341566
-0.000356133
-0.000371708
-0.000387786
-0.00040576
-0.000424578
-0.000444509
-0.000466568
-0.00048975
-0.000511158
-0.000529701
-0.000546447
-0.000562633
-0.00057877
-0.000595035
-0.000611943
-0.00063006
-0.000649711
-0.000670826
-0.000693286
-0.000717107
-0.000742387
-0.000769185
-0.000797528
-0.000827403
-0.000858896
-0.000892272
-0.000928097
-0.000967327
-0.00101151
-0.00106311
-0.00112619
-0.00120755
-0.00131909
-0.00148251
-0.00173986
-0.00217921
-0.000410063
-0.000415925
-0.000430924
-0.000453332
-0.000481412
-0.000511201
-0.000541217
-0.000571086
-0.00059813
-0.000621709
-0.000642803
-0.000660603
-0.000674555
-0.000685255
-0.000694017
-0.0007012
-0.000706724
-0.000710667
-0.000713527
-0.000715609
-0.00071686
-0.000716958
-0.000715693
-0.000713
-0.000708957
-0.00070362
-0.000696976
-0.000688906
-0.00067923
-0.000667646
-0.000653646
-0.00063633
-0.0006142
-0.00058478
-0.000544019
-0.000485105
-0.000396212
-0.000255778
-2.20116e-05
0.000392792
0.00622819
0.00630164
0.00658265
0.00676178
0.00676044
0.00658345
0.00628998
0.00595043
0.00561705
0.00531837
0.00506549
0.00485841
0.00468939
0.00454745
0.00442182
0.00430395
0.004188
0.00407068
0.00395064
0.00382789
0.00370325
0.00357792
0.00345316
0.00332998
0.00320909
0.00309069
0.00297465
0.00286032
0.0027471
0.00263397
0.00252033
0.0024052
0.00228831
0.00216886
0.00204683
0.00192146
0.00179257
0.00165926
0.00152075
0.00137636
0.00122468
0.00106582
0.000897646
0.000720871
0.000531946
0.000329951
0.000109568
-0.000131172
-0.000394862
-0.00069207
-0.00101024
-0.00134752
-0.00172611
-0.00219583
-0.00278661
-0.00343892
-0.00409422
-0.00478401
-0.00554188
-0.00630157
-0.00692917
-0.00726313
-0.0072528
-0.00700523
-0.00660839
-0.00615567
-0.00575232
-0.0054663
-0.00529357
-0.00518274
-0.00514925
-0.00517501
-0.00522746
-0.00530191
-0.00537909
-0.00546889
-0.00556479
-0.00565056
-0.0057534
-0.00585951
-0.00594788
-0.00605226
-0.00615924
-0.0062393
-0.00631731
-0.00639985
-0.006468
-0.00652478
-0.00657533
-0.00662141
-0.00666505
-0.00670123
-0.00673494
-0.00677305
-0.00681326
-0.0068536
-0.0068979
-0.00694241
-0.00698715
-0.00702763
0.00491727
0.00499126
0.00544398
0.00588606
0.00615248
0.00620341
0.00606343
0.00580449
0.00550308
0.00521284
0.0049608
0.00475559
0.00459363
0.00446337
0.00435117
0.00424562
0.00413929
0.00402854
0.00391256
0.00379224
0.00366928
0.00354546
0.00342224
0.0033006
0.00318117
0.00306407
0.00294918
0.00283584
0.00272346
0.00261097
0.00249787
0.00238309
0.00226648
0.00214709
0.00202507
0.00189973
0.00177102
0.00163796
0.00149974
0.00135575
0.00120438
0.00104596
0.000878059
0.00070167
0.000512946
0.000311352
9.12773e-05
-0.000148802
-0.000411445
-0.000707738
-0.00102507
-0.00136165
-0.00173811
-0.00220383
-0.00278976
-0.00343716
-0.00408511
-0.00476619
-0.00551576
-0.00626861
-0.00689295
-0.00722787
-0.00722253
-0.00698167
-0.00659153
-0.00614321
-0.00574168
-0.00545709
-0.00528563
-0.00517594
-0.00514334
-0.00516949
-0.0052223
-0.0052971
-0.00537459
-0.00546503
-0.00556139
-0.00564747
-0.00575085
-0.00585737
-0.00594599
-0.00605072
-0.00615806
-0.00623833
-0.00631655
-0.00639928
-0.00646758
-0.00652448
-0.00657512
-0.00662126
-0.00666495
-0.00670116
-0.00673489
-0.00677301
-0.00681322
-0.00685357
-0.00689788
-0.0069424
-0.00698714
-0.00702761
0.00472645
0.00483157
0.00532599
0.00581283
0.00612004
0.00620375
0.0060843
0.00583233
0.00552719
0.00522733
0.00496404
0.00474861
0.00457944
0.0044456
0.00433269
0.00422794
0.00412257
0.00401214
0.00389545
0.00377351
0.00364842
0.00352245
0.00339738
0.00327435
0.00315392
0.00303615
0.00292078
0.00280709
0.00269437
0.00258153
0.00246802
0.00235283
0.00223586
0.00211625
0.00199409
0.00186831
0.00173892
0.00160508
0.00146619
0.00132168
0.00117001
0.0010114
0.000843346
0.000666722
0.000477647
0.000275801
5.61318e-05
-0.000183669
-0.000444745
-0.000738377
-0.0010539
-0.00139184
-0.00177007
-0.00222817
-0.00279845
-0.00343005
-0.00406471
-0.00472711
-0.00544858
-0.00617167
-0.00677645
-0.00711363
-0.00713125
-0.00691928
-0.00655376
-0.00612616
-0.00574011
-0.00546269
-0.00529318
-0.00518289
-0.00514881
-0.00517368
-0.00522508
-0.00529895
-0.00537562
-0.00546509
-0.005561
-0.0056467
-0.00574959
-0.0058559
-0.00594436
-0.00604891
-0.0061562
-0.00623653
-0.00631485
-0.00639772
-0.0064662
-0.00652331
-0.00657414
-0.00662047
-0.00666436
-0.00670074
-0.00673459
-0.00677281
-0.0068131
-0.00685351
-0.00689785
-0.0069424
-0.0069872
-0.00702766
0.00413723
0.00422161
0.00471082
0.00521838
0.00556916
0.00571472
0.00566579
0.0054811
0.00523222
0.00497559
0.00474403
0.00455124
0.00439881
0.00427923
0.00418032
0.00408999
0.00399903
0.00390207
0.00379714
0.00368475
0.00356703
0.00344669
0.00332619
0.00320719
0.00309063
0.00297657
0.00286474
0.00275424
0.00264435
0.00253381
0.00242215
0.00230836
0.00219248
0.00207368
0.00195212
0.00182699
0.00169819
0.00156513
0.00142683
0.00128315
0.00113201
0.000974128
0.00080638
0.000630152
0.000441096
0.000239496
2.03978e-05
-0.000219057
-0.000478296
-0.00076931
-0.00108363
-0.0014229
-0.00180109
-0.00225029
-0.00280197
-0.00341648
-0.00403663
-0.00467786
-0.00537053
-0.00606312
-0.00664827
-0.00698605
-0.00702494
-0.00684175
-0.00650341
-0.00609878
-0.00572639
-0.00545495
-0.00528753
-0.00517911
-0.00514591
-0.0051698
-0.00522034
-0.00529371
-0.0053699
-0.00545955
-0.00555563
-0.00564138
-0.00574454
-0.00585116
-0.00593984
-0.00604453
-0.00615201
-0.00623269
-0.0063114
-0.00639458
-0.00646339
-0.00652092
-0.00657215
-0.00661879
-0.00666295
-0.00669961
-0.00673373
-0.00677215
-0.00681258
-0.00685311
-0.00689756
-0.00694223
-0.00698715
-0.00702764
0.00387212
0.00397508
0.00448941
0.00502509
0.00540482
0.00557886
0.00555606
0.00539317
0.00516073
0.0049154
0.004691
0.00450236
0.00435233
0.00423475
0.00413838
0.00405134
0.0039641
0.00387074
0.00376874
0.00365824
0.00354128
0.00342078
0.00329962
0.00317993
0.00306291
0.0029487
0.00283691
0.00272644
0.00261643
0.00250557
0.00239336
0.00227884
0.00216214
0.00204255
0.00192029
0.00179464
0.0016654
0.00153196
0.00139328
0.00124921
0.00109771
0.000939448
0.000771443
0.00059473
0.000405506
0.000203449
-1.53207e-05
-0.000254417
-0.000512494
-0.000801378
-0.0011145
-0.00145328
-0.00183049
-0.00227128
-0.00280507
-0.00340127
-0.0040054
-0.00462466
-0.00528732
-0.00594799
-0.0065096
-0.0068434
-0.00690108
-0.00674921
-0.00644244
-0.00606441
-0.00571169
-0.0054514
-0.00528913
-0.00518263
-0.00514913
-0.00517168
-0.00522053
-0.00529286
-0.00536819
-0.00545676
-0.00555239
-0.00563772
-0.00574015
-0.00584654
-0.00593511
-0.00603933
-0.0061467
-0.00622766
-0.00630649
-0.00638979
-0.00645898
-0.00651702
-0.00656872
-0.0066158
-0.00666044
-0.00669761
-0.00673216
-0.00677093
-0.00681164
-0.00685241
-0.00689704
-0.0069419
-0.00698704
-0.0070276
0.00355059
0.00364503
0.00415482
0.00469125
0.00507665
0.00526072
0.00525122
0.00510354
0.00488738
0.00465888
0.00445153
0.00427983
0.00414629
0.00404436
0.00396247
0.00388856
0.00381312
0.00373035
0.00363789
0.00353603
0.00342696
0.0033137
0.00319927
0.00308582
0.00297465
0.00286586
0.00275902
0.00265291
0.00254667
0.00243905
0.00232962
0.00221757
0.00210296
0.00198536
0.00186477
0.00174084
0.00161296
0.001481
0.00134345
0.00120061
0.00105011
0.000892845
0.000725774
0.000549736
0.0003614
0.000159823
-5.75552e-05
-0.000295581
-0.00055196
-0.000837835
-0.00114845
-0.00148575
-0.00186105
-0.00229358
-0.00280866
-0.00338428
-0.00397134
-0.00456844
-0.0052014
-0.00582949
-0.00636783
-0.00669889
-0.00677605
-0.00665614
-0.00638118
-0.00603068
-0.00569683
-0.00544572
-0.00528651
-0.00518101
-0.00514792
-0.00516921
-0.00521642
-0.00528782
-0.00536228
-0.00545038
-0.00554598
-0.00563112
-0.00573333
-0.00583987
-0.00592856
-0.00603254
-0.00613991
-0.00622124
-0.00630042
-0.00638401
-0.00645366
-0.00651229
-0.00656456
-0.00661213
-0.00665728
-0.00669501
-0.00673007
-0.00676925
-0.00681029
-0.00685136
-0.0068962
-0.00694133
-0.00698673
-0.00702744
0.00332368
0.00341794
0.0039267
0.00445858
0.00483755
0.0050156
0.00500349
0.00485947
0.0046542
0.00444305
0.00425791
0.00411099
0.00400221
0.00392232
0.00385808
0.00379711
0.00373063
0.00365403
0.00356618
0.0034684
0.00336359
0.00325497
0.00314538
0.0030366
0.00292955
0.00282407
0.00271964
0.0026151
0.00250972
0.00240251
0.00229322
0.00218124
0.00206661
0.00194899
0.00182827
0.00170424
0.00157617
0.00144402
0.00130625
0.00116318
0.00101254
0.00085499
0.000687881
0.000511525
0.000323219
0.000121537
-9.53328e-05
-0.000332602
-0.000587862
-0.000870959
-0.0011795
-0.00151505
-0.00188742
-0.00231145
-0.00280807
-0.00336256
-0.00393223
-0.0045079
-0.00511085
-0.00570668
-0.00622294
-0.00655054
-0.0066439
-0.00655409
-0.00631144
-0.00598896
-0.00567531
-0.00543585
-0.00528246
-0.00517966
-0.00514711
-0.00516779
-0.00521383
-0.00528444
-0.00535837
-0.00544569
-0.00554105
-0.00562593
-0.00572744
-0.00583383
-0.0059225
-0.00602594
-0.0061331
-0.00621478
-0.00629414
-0.00637784
-0.00644791
-0.00650714
-0.00655996
-0.00660803
-0.00665373
-0.00669207
-0.0067277
-0.00676733
-0.00680875
-0.00685016
-0.00689527
-0.00694069
-0.00698638
-0.00702726
0.00319032
0.0033065
0.0038308
0.00435617
0.00470926
0.00484715
0.00479174
0.00461514
0.00439534
0.00418643
0.00401447
0.0038871
0.00379944
0.0037382
0.00368806
0.00363662
0.00357635
0.00350422
0.00342049
0.00332764
0.00322909
0.00312794
0.00302648
0.00292581
0.00282626
0.0027273
0.00262825
0.00252813
0.00242635
0.00232232
0.00221587
0.00210673
0.00199473
0.00187974
0.00176137
0.00163961
0.00151353
0.0013832
0.00124711
0.00110552
0.000956458
0.000800137
0.000634508
0.00045919
0.000272301
7.17613e-05
-0.000143457
-0.00037866
-0.000631851
-0.000911393
-0.00121648
-0.00154875
-0.0019163
-0.00233112
-0.00280953
-0.0033417
-0.00389277
-0.0044463
-0.00501938
-0.00558398
-0.00607798
-0.0064009
-0.00650902
-0.00644901
-0.00623983
-0.00594685
-0.00565436
-0.00542709
-0.00527902
-0.00517821
-0.00514627
-0.00516599
-0.00521049
-0.00528015
-0.00535296
-0.00543931
-0.00553447
-0.00561903
-0.00572002
-0.00582641
-0.00591512
-0.00601815
-0.00612525
-0.00620733
-0.00628699
-0.00637095
-0.00644151
-0.0065014
-0.00655486
-0.0066035
-0.00664981
-0.00668882
-0.00672506
-0.00676521
-0.00680704
-0.00684882
-0.00689418
-0.00693992
-0.00698592
-0.007027
0.00300409
0.00305732
0.00350773
0.00396822
0.00428029
0.00440932
0.00437806
0.00424848
0.00408443
0.00392897
0.00380207
0.0037081
0.00364076
0.00358834
0.00353988
0.003488
0.00342877
0.00336093
0.00328509
0.00320296
0.00311657
0.00302758
0.00293714
0.00284574
0.00275347
0.00265999
0.00256497
0.00246792
0.00236858
0.00226668
0.00216211
0.00205476
0.00194436
0.00183081
0.00171364
0.00159284
0.00146755
0.00133775
0.00120218
0.00106087
0.000912276
0.000756211
0.000591016
0.000415978
0.000229557
2.96362e-05
-0.00018468
-0.000418272
-0.000669865
-0.000946289
-0.0012478
-0.00157666
-0.00193889
-0.00234428
-0.0028053
-0.00331494
-0.00384622
-0.00437826
-0.00492281
-0.00545656
-0.00592833
-0.00624663
-0.00636791
-0.00633611
-0.00616046
-0.00589733
-0.00562665
-0.00541247
-0.00527158
-0.0051741
-0.00514308
-0.00516245
-0.00520569
-0.00527457
-0.00534697
-0.00543255
-0.00552759
-0.00561209
-0.00571253
-0.0058189
-0.00590775
-0.00601029
-0.00611719
-0.0061997
-0.00627965
-0.00636378
-0.00643484
-0.00649542
-0.00654951
-0.00659872
-0.00664566
-0.00668538
-0.00672226
-0.00676294
-0.0068052
-0.00684739
-0.00689306
-0.00693912
-0.00698545
-0.00702676
0.00488269
0.00480207
0.00431409
0.00380824
0.0034447
0.00325866
0.00322859
0.0032932
0.00338827
0.00346967
0.00351625
0.00352259
0.00349403
0.00344175
0.00337667
0.0033064
0.00323534
0.00316526
0.00309617
0.00302706
0.00295655
0.00288343
0.0028069
0.00272662
0.00264265
0.00255523
0.0024647
0.00237134
0.0022753
0.00217667
0.00207534
0.00197121
0.00186395
0.00175334
0.0016389
0.00152051
0.0013975
0.00126966
0.00113604
0.000996386
0.000849582
0.000695109
0.000531617
0.00035817
0.000173362
-2.46607e-05
-0.000236993
-0.00046788
-0.000716605
-0.000989138
-0.00128574
-0.00160978
-0.00196511
-0.00235965
-0.00280353
-0.00329002
-0.00380011
-0.00431071
-0.0048271
-0.00533054
-0.00578047
-0.00609366
-0.00622645
-0.00622086
-0.00607854
-0.00584624
-0.00559838
-0.00539842
-0.00526518
-0.00517075
-0.00514058
-0.00515948
-0.00520138
-0.00526952
-0.0053411
-0.00542572
-0.00552057
-0.00560477
-0.00570451
-0.00581082
-0.0058997
-0.00600171
-0.00610845
-0.00619136
-0.00627159
-0.00635596
-0.00642755
-0.00648886
-0.00654366
-0.00659351
-0.00664113
-0.00668161
-0.0067192
-0.00676045
-0.0068032
-0.00684581
-0.00689179
-0.00693821
-0.00698489
-0.00702644
0.00470332
0.00455948
0.00399569
0.00342303
0.00301692
0.00282087
0.00281383
0.00292433
0.00307396
0.0032072
0.00329634
0.00333297
0.00332122
0.00327401
0.00320677
0.00313237
0.0030589
0.00299007
0.00292636
0.00286618
0.00280685
0.00274578
0.00268092
0.00261112
0.00253599
0.00245576
0.002371
0.00228239
0.00219044
0.0020955
0.00199766
0.00189684
0.00179274
0.00168506
0.00157334
0.0014573
0.00133643
0.00121037
0.00107838
0.0009401
0.000794584
0.000641365
0.000479087
0.00030697
0.000123437
-7.29948e-05
-0.000283451
-0.000511893
-0.000757655
-0.00102652
-0.00131799
-0.00163656
-0.00198466
-0.00236783
-0.00279517
-0.00325911
-0.00374711
-0.00423627
-0.00472595
-0.00520018
-0.00562833
-0.00593626
-0.00607921
-0.00609768
-0.00598826
-0.00578738
-0.00556331
-0.00537815
-0.00525376
-0.00516377
-0.00513487
-0.00515388
-0.00519481
-0.00526238
-0.00533363
-0.00541742
-0.0055122
-0.0055964
-0.00569549
-0.00580179
-0.00589088
-0.0059924
-0.00609897
-0.00618239
-0.00626299
-0.00634759
-0.00641977
-0.00648188
-0.00653743
-0.00658794
-0.0066363
-0.0066776
-0.00671593
-0.00675779
-0.00680105
-0.00684412
-0.00689048
-0.00693726
-0.0069843
-0.00702612
0.00464754
0.00452883
0.00398015
0.00339711
0.00295792
0.00271131
0.00264798
0.00271138
0.00283188
0.00295457
0.00304744
0.00309713
0.00310232
0.00307097
0.00301568
0.00294902
0.00288045
0.00281544
0.00275583
0.00270102
0.00264864
0.00259574
0.00253967
0.00247863
0.00241172
0.00233886
0.00226046
0.00217721
0.00208981
0.00199877
0.00190444
0.00180684
0.00170586
0.00160115
0.00149235
0.00137905
0.00126081
0.00113719
0.00100745
0.000871267
0.000727648
0.000576382
0.000415936
0.000245855
6.43307e-05
-0.000129901
-0.000337643
-0.000563055
-0.000804891
-0.00106935
-0.00135493
-0.00166662
-0.0020066
-0.00237725
-0.00278784
-0.00322968
-0.00369445
-0.0041619
-0.00462618
-0.00507212
-0.00547871
-0.00578107
-0.00593284
-0.00597303
-0.00589537
-0.00572625
-0.00552671
-0.00535733
-0.00524269
-0.00515749
-0.00512985
-0.00514887
-0.0051888
-0.00525584
-0.0053266
-0.0054094
-0.00550402
-0.00558807
-0.00568638
-0.00579261
-0.0058818
-0.00598273
-0.0060891
-0.00617298
-0.00625391
-0.00633879
-0.00641152
-0.00647444
-0.00653081
-0.00658201
-0.00663112
-0.00667328
-0.00671242
-0.00675492
-0.00679874
-0.00684229
-0.00688901
-0.0069362
-0.00698362
-0.00702573
0.00450229
0.00437425
0.00381136
0.00321059
0.00275227
0.0024868
0.00240701
0.00245866
0.00257342
0.00269639
0.00279484
0.00285449
0.00287255
0.00285489
0.00281221
0.00275592
0.00269519
0.00263591
0.00258076
0.00253004
0.00248225
0.00243498
0.00238569
0.00233228
0.00227342
0.00220849
0.00213751
0.0020609
0.00197932
0.00189334
0.00180348
0.00170992
0.00161271
0.00151157
0.00140619
0.00129615
0.00118096
0.00106025
0.000933247
0.000799735
0.000658605
0.000509818
0.000351827
0.000184166
5.33677e-06
-0.000186354
-0.000390809
-0.000612755
-0.000850172
-0.00110951
-0.00138897
-0.00169265
-0.00202387
-0.00238156
-0.00277525
-0.00319587
-0.00363708
-0.00408236
-0.00452255
-0.00494166
-0.00532674
-0.00562324
-0.00578285
-0.00584232
-0.00579483
-0.00565743
-0.00548347
-0.0053305
-0.00522634
-0.00514726
-0.00512137
-0.00514096
-0.00518026
-0.00524695
-0.00531765
-0.00539955
-0.00549411
-0.00557829
-0.00567588
-0.00578209
-0.00587158
-0.00597199
-0.00607817
-0.00616262
-0.00624398
-0.00632913
-0.00640253
-0.00646636
-0.00652358
-0.00657555
-0.00662549
-0.00666859
-0.00670859
-0.0067518
-0.00679618
-0.0068403
-0.00688746
-0.00693505
-0.00698287
-0.0070253
0.00433042
0.00419897
0.00363189
0.00302719
0.00256565
0.00229762
0.00221579
0.00226572
0.00237909
0.00250122
0.00259969
0.00266045
0.00268078
0.00266638
0.00262761
0.00257546
0.00251878
0.0024633
0.00241176
0.00236463
0.00232073
0.0022779
0.00223374
0.00218612
0.00213352
0.00207507
0.00201051
0.00193999
0.00186402
0.0017831
0.00169778
0.00160835
0.00151492
0.00141738
0.00131541
0.00120872
0.00109671
0.00097916
0.000855094
0.000724426
0.000586001
0.000439779
0.000284496
0.000119326
-5.64542e-05
-0.000245344
-0.000446193
-0.000664175
-0.00089693
-0.0011503
-0.0014234
-0.00171822
-0.0020397
-0.00238427
-0.00276055
-0.00316077
-0.00357867
-0.0040012
-0.00441874
-0.00481286
-0.00517677
-0.00546705
-0.00563353
-0.00570995
-0.00569058
-0.00558458
-0.00543693
-0.00530137
-0.00520876
-0.00513666
-0.00511284
-0.00513299
-0.00517167
-0.00523812
-0.00530884
-0.00538983
-0.0054843
-0.00556857
-0.00566532
-0.00577146
-0.00586119
-0.005961
-0.00606694
-0.00615192
-0.00623367
-0.00631913
-0.00639315
-0.00645789
-0.00651604
-0.00656878
-0.00661957
-0.00666365
-0.00670456
-0.00674849
-0.00679353
-0.00683819
-0.00688577
-0.00693382
-0.00698205
-0.00702482
0.00415054
0.0040185
0.00344989
0.00284342
0.00237992
0.00210976
0.00202571
0.00207347
0.00218496
0.00230569
0.00240337
0.00246404
0.00248503
0.00247203
0.00243537
0.00238591
0.00233237
0.00228039
0.00223261
0.00218948
0.00214982
0.00211151
0.00207219
0.00202975
0.00198263
0.00192989
0.00187115
0.00180643
0.00173608
0.00166054
0.00158025
0.00149554
0.0014065
0.00131314
0.00121512
0.00111226
0.00100394
0.000889954
0.000769392
0.00064203
0.000506961
0.000363793
0.000211872
4.97506e-05
-0.000122393
-0.000307726
-0.000504484
-0.000717639
-0.000945287
-0.00119173
-0.00145783
-0.00174308
-0.00205374
-0.00238501
-0.00274355
-0.00312373
-0.00351883
-0.00391808
-0.00431357
-0.00468467
-0.00502765
-0.00531108
-0.00548375
-0.00557506
-0.00558169
-0.00550592
-0.00538485
-0.00526722
-0.00518657
-0.00512249
-0.00510132
-0.00512251
-0.00516095
-0.00522726
-0.00529828
-0.0053784
-0.00547279
-0.00555736
-0.00565333
-0.00575942
-0.00584953
-0.00594878
-0.00605451
-0.0061401
-0.00622233
-0.00630812
-0.00638287
-0.00644861
-0.00650774
-0.00656134
-0.00661306
-0.0066582
-0.0067001
-0.00674485
-0.00679053
-0.00683583
-0.00688392
-0.00693244
-0.0069811
-0.00702423
0.00396804
0.00383537
0.00326559
0.00265767
0.00219258
0.00192078
0.00183515
0.00188156
0.00199199
0.00211205
0.0022095
0.00227043
0.0022922
0.00228051
0.00224565
0.00219843
0.00214753
0.00209851
0.00205398
0.00201438
0.00197849
0.00194421
0.00190915
0.00187124
0.00182888
0.00178111
0.00172749
0.00166799
0.00160284
0.00153242
0.00145707
0.00137711
0.00129261
0.00120359
0.00110973
0.00101087
0.000906462
0.000796231
0.000679461
0.000555673
0.000424339
0.000284618
0.000136466
-2.20605e-05
-0.000190212
-0.00037129
-0.000563597
-0.000771212
-0.000993303
-0.00123224
-0.00149053
-0.00176595
-0.00206483
-0.00238268
-0.00272353
-0.00308384
-0.00345713
-0.00383318
-0.00420716
-0.00455732
-0.00488011
-0.00515595
-0.0053341
-0.00543844
-0.00546829
-0.00542146
-0.00532739
-0.00522856
-0.00516086
-0.00510592
-0.00508817
-0.00511071
-0.00514899
-0.00521528
-0.00528698
-0.00536642
-0.00546079
-0.0055458
-0.00564094
-0.00574696
-0.00583751
-0.00593616
-0.00604163
-0.00612785
-0.00621055
-0.00629672
-0.00637217
-0.00643894
-0.00649913
-0.00655361
-0.00660626
-0.00665252
-0.00669547
-0.00674102
-0.00678747
-0.00683338
-0.00688197
-0.00693102
-0.00698012
-0.00702364
0.0037876
0.0036543
0.0030832
0.00247382
0.0020074
0.00173447
0.00164799
0.00169384
0.00180401
0.00192406
0.00202175
0.00208316
0.00210564
0.00209491
0.00206124
0.00201547
0.00196628
0.00191924
0.00187699
0.00183995
0.00180691
0.00177577
0.00174414
0.00170993
0.00167154
0.00162798
0.00157878
0.00152388
0.00146344
0.00139776
0.00132712
0.00125178
0.0011718
0.00108716
0.000997623
0.000902928
0.000802684
0.000696441
0.000583761
0.000463888
0.000336631
0.000200852
5.68237e-05
-9.74609e-05
-0.000261282
-0.000437395
-0.000624824
-0.000826258
-0.00104215
-0.00127322
-0.00152273
-0.00178808
-0.00207436
-0.00237833
-0.00270181
-0.00304221
-0.00339465
-0.00374822
-0.00410108
-0.00443233
-0.0047359
-0.00500319
-0.00518595
-0.00530126
-0.00535173
-0.00533217
-0.00526495
-0.00518561
-0.00513131
-0.00508628
-0.00507261
-0.00509698
-0.00513555
-0.00520183
-0.00527438
-0.00535323
-0.0054475
-0.00553307
-0.00562741
-0.00573331
-0.00582436
-0.00592247
-0.00602767
-0.00611454
-0.00619775
-0.0062843
-0.00636053
-0.00642838
-0.0064897
-0.00654513
-0.0065988
-0.00664624
-0.00669031
-0.00673678
-0.00678396
-0.00683061
-0.00687979
-0.00692934
-0.00697892
-0.00702285
0.00360539
0.00347155
0.00289938
0.0022889
0.00182153
0.00154787
0.00146094
0.00150659
0.00161677
0.001737
0.00183501
0.00189687
0.00191993
0.00190993
0.00187716
0.00183248
0.00178459
0.00173911
0.00169867
0.00166373
0.00163309
0.00160465
0.00157601
0.00154506
0.00151018
0.00147036
0.00142509
0.00137427
0.00131806
0.00125672
0.00119052
0.00111963
0.00104414
0.000963947
0.000878883
0.000788564
0.000692736
0.000590796
0.000482509
0.000366961
0.000244134
0.000112824
-2.66719e-05
-0.000176102
-0.000335109
-0.00050566
-0.000687585
-0.000882322
-0.00109121
-0.001314
-0.00155388
-0.00180874
-0.00208197
-0.00237167
-0.00267826
-0.00299893
-0.00333122
-0.00366324
-0.00399494
-0.00430875
-0.00459463
-0.00485262
-0.00503891
-0.00516389
-0.0052325
-0.00523789
-0.00519689
-0.00513741
-0.00509713
-0.00506303
-0.00505448
-0.00508122
-0.00512025
-0.00518646
-0.00526018
-0.00533869
-0.00543297
-0.00551939
-0.00561294
-0.00571869
-0.00581039
-0.00590796
-0.00601289
-0.00610049
-0.00618427
-0.00627126
-0.0063483
-0.0064173
-0.00647983
-0.00653625
-0.00659098
-0.00663969
-0.00668496
-0.00673235
-0.00678039
-0.00682776
-0.00687753
-0.0069277
-0.00697775
-0.00702212
0.00342309
0.0032888
0.00271574
0.00210438
0.00163631
0.00136216
0.00127497
0.00132058
0.00143088
0.00155135
0.0016497
0.00171198
0.00173556
0.00172618
0.00169414
0.00165035
0.00160353
0.0015593
0.00152035
0.00148713
0.00145848
0.00143228
0.00140617
0.001378
0.00134616
0.0013096
0.00126783
0.00122071
0.0011684
0.0011111
0.00104908
0.000982452
0.000911323
0.000835512
0.00075491
0.000669055
0.000577748
0.000480329
0.000376616
0.000265716
0.000147575
2.11446e-05
-0.000113466
-0.000257571
-0.000411231
-0.000575718
-0.000751433
-0.000939026
-0.00114012
-0.00135425
-0.00158394
-0.00182781
-0.00208791
-0.00236294
-0.00265308
-0.00295455
-0.00326714
-0.00357898
-0.00388995
-0.00418751
-0.00445746
-0.0047053
-0.00489403
-0.00502727
-0.00511148
-0.00513956
-0.00512372
-0.00508448
-0.00505861
-0.00503616
-0.0050335
-0.00506308
-0.00510322
-0.00516942
-0.00524441
-0.00532291
-0.00541719
-0.00550459
-0.00559753
-0.00570309
-0.00579547
-0.00589258
-0.00599724
-0.00608554
-0.0061699
-0.00625737
-0.00633524
-0.0064054
-0.0064692
-0.00652668
-0.00658251
-0.00663253
-0.00667906
-0.00672748
-0.00677634
-0.00682454
-0.00687495
-0.00692569
-0.00697624
-0.00702106
0.00324259
0.00310785
0.00253394
0.00192175
0.00145302
0.00117843
0.00109102
0.00113661
0.00124703
0.00136771
0.00146635
0.00152899
0.001553
0.00154412
0.00151269
0.0014696
0.00142364
0.00138043
0.00134268
0.00131086
0.00128383
0.00125949
0.00123548
0.00120966
0.00118042
0.0011467
0.001108
0.00106416
0.00101536
0.000961756
0.000903628
0.000841034
0.000774071
0.000702532
0.000626303
0.00054492
0.000458164
0.000365403
0.000266411
0.000160407
4.72149e-05
-7.39956e-05
-0.000203329
-0.000341714
-0.000489483
-0.000647491
-0.000816345
-0.000996399
-0.00118907
-0.0013941
-0.00161326
-0.00184562
-0.00209263
-0.00235273
-0.00262674
-0.0029098
-0.00320308
-0.00349613
-0.00378715
-0.00406899
-0.0043246
-0.00456198
-0.00475172
-0.00489205
-0.00498953
-0.0050377
-0.00504557
-0.00502644
-0.00501527
-0.00500504
-0.00500928
-0.00504254
-0.00508432
-0.00515043
-0.0052269
-0.00530558
-0.00539988
-0.00548862
-0.00558101
-0.00568631
-0.00577957
-0.00587622
-0.00598056
-0.00606966
-0.00615463
-0.00624259
-0.00632135
-0.00639275
-0.00645791
-0.00651652
-0.00657352
-0.00662496
-0.00667285
-0.00672231
-0.00677214
-0.0068212
-0.00687231
-0.00692377
-0.00697485
-0.00702016
0.00306297
0.00292782
0.00235313
0.00174017
0.00127084
0.000995847
0.000908254
0.000953832
0.00106437
0.00118526
0.00128417
0.00134714
0.00137154
0.0013631
0.00133219
0.00128972
0.00124448
0.00120214
0.00116541
0.00113478
0.00110914
0.00108638
0.00106418
0.0010404
0.00101343
0.000982207
0.000946234
0.000905346
0.000859707
0.000809489
0.000754954
0.000696152
0.000633151
0.000565742
0.000493784
0.000416838
0.000334642
0.000246621
0.000152479
5.15583e-05
-5.6429e-05
-0.00017214
-0.000295823
-0.000428154
-0.00056958
-0.000720727
-0.000882231
-0.00105432
-0.00123816
-0.0014336
-0.001642
-0.00186246
-0.00209633
-0.00234156
-0.00259958
-0.0028652
-0.0031396
-0.00341497
-0.00368711
-0.00395346
-0.00419639
-0.00442325
-0.00461263
-0.00475872
-0.00486749
-0.00493319
-0.00496274
-0.00496353
-0.00496709
-0.00496969
-0.00498175
-0.0050191
-0.00506335
-0.00512958
-0.00520743
-0.00528673
-0.00538111
-0.00547122
-0.00556335
-0.00566844
-0.00576255
-0.00585884
-0.00596293
-0.00605281
-0.00613842
-0.00622695
-0.00630666
-0.00637932
-0.00644594
-0.00650576
-0.00656393
-0.00661683
-0.00666616
-0.00671676
-0.00676751
-0.00681748
-0.00686929
-0.00692135
-0.00697297
-0.00701875
0.00288454
0.00274906
0.00217367
0.00156002
0.00109015
0.000814814
0.000727078
0.000772679
0.000883364
0.00100447
0.00110365
0.00116693
0.00119169
0.00118365
0.0011532
0.00111126
0.00106666
0.00102507
0.000989227
0.000959634
0.000935186
0.000913807
0.000893176
0.000871165
0.000846179
0.000817156
0.000783594
0.000745337
0.00070254
0.000655395
0.000604148
0.000548868
0.000489596
0.000426141
0.000358324
0.000285741
0.000208082
0.000124823
3.56211e-05
-6.01076e-05
-0.00016269
-0.000272702
-0.000390417
-0.000516411
-0.000651101
-0.000795039
-0.000948781
-0.00111252
-0.00128721
-0.00147268
-0.00167015
-0.00187849
-0.00209922
-0.00232985
-0.00257208
-0.00282116
-0.00307739
-0.00333594
-0.00359056
-0.00384174
-0.00407309
-0.00428991
-0.00447742
-0.0046281
-0.00474624
-0.00482687
-0.00487607
-0.00489602
-0.00491429
-0.00492989
-0.0049504
-0.00499269
-0.00504026
-0.00510669
-0.00518609
-0.0052662
-0.00536057
-0.00545243
-0.0055445
-0.00564923
-0.00574447
-0.0058405
-0.00594423
-0.00603499
-0.00612129
-0.00621039
-0.00629109
-0.00636507
-0.00643319
-0.00649426
-0.00655368
-0.00660813
-0.00665897
-0.00671074
-0.00676256
-0.00681356
-0.0068662
-0.00691912
-0.00697132
-0.00701763
0.00270768
0.00257194
0.00199593
0.00138166
0.000911322
0.000635686
0.000547837
0.000593479
0.000704313
0.000825635
0.000925074
0.000988648
0.00101373
0.00100606
0.000976016
0.000934558
0.000890519
0.000849587
0.000814522
0.000785838
0.000762442
0.000742275
0.000723024
0.000702579
0.000679348
0.000652284
0.000620882
0.000584999
0.000544783
0.000500447
0.000452234
0.000400233
0.000344471
0.000284775
0.000220945
0.000152606
7.94213e-05
9.01696e-07
-8.3326e-05
-0.000173791
-0.000270845
-0.000374995
-0.000486543
-0.000605965
-0.000733679
-0.000870115
-0.00101585
-0.00117093
-0.00133626
-0.0015115
-0.00169788
-0.00189411
-0.00210164
-0.00231816
-0.00254485
-0.00277819
-0.00301719
-0.00325953
-0.00349801
-0.00373432
-0.0039549
-0.00416214
-0.00434674
-0.00450057
-0.00462642
-0.00471978
-0.00478609
-0.00482425
-0.0048568
-0.00488551
-0.00491533
-0.00496285
-0.00501466
-0.00508195
-0.00516258
-0.00524389
-0.00533842
-0.00543195
-0.00552428
-0.00562883
-0.00572521
-0.00582107
-0.00592453
-0.00601618
-0.00610317
-0.00619293
-0.00627469
-0.00635
-0.00641973
-0.00648219
-0.00654286
-0.00659891
-0.00665136
-0.00670445
-0.00675728
-0.00680928
-0.00686268
-0.00691622
-0.00696899
-0.00701579
0.00253269
0.00239675
0.00182022
0.00120541
0.000734652
0.000458753
0.00037081
0.000416503
0.000527488
0.000649024
0.000748716
0.000812573
0.000837965
0.000830632
0.000800967
0.000759946
0.000716415
0.000676084
0.000641721
0.000613859
0.00059141
0.000572336
0.000554326
0.000535291
0.000513642
0.000488352
0.000458911
0.000425194
0.000387346
0.000345602
0.000300205
0.000251269
0.000198816
0.000142692
8.26935e-05
1.84562e-05
-5.03498e-05
-0.000124207
-0.000203477
-0.000288681
-0.000380147
-0.000478367
-0.000583625
-0.000696354
-0.000816936
-0.00094572
-0.00108327
-0.00122953
-0.00138536
-0.00155029
-0.00172551
-0.00190973
-0.0021042
-0.00230694
-0.0025186
-0.0027369
-0.0029598
-0.00318659
-0.0034102
-0.00363235
-0.00384243
-0.0040408
-0.00422139
-0.00437699
-0.00450896
-0.00461278
-0.00469386
-0.00474876
-0.0047951
-0.00483676
-0.00487614
-0.00492953
-0.00498645
-0.005055
-0.00513704
-0.00521983
-0.00531433
-0.00540973
-0.00550271
-0.00560691
-0.00570466
-0.00580058
-0.00590363
-0.00599626
-0.00608402
-0.00617442
-0.00625728
-0.006334
-0.00640539
-0.00646929
-0.00653129
-0.00658902
-0.00664316
-0.00669755
-0.00675156
-0.00680473
-0.0068591
-0.00691361
-0.00696703
-0.00701439
0.00236033
0.00222423
0.00164724
0.00103195
0.00056082
0.000284698
0.000196691
0.000242453
0.000353603
0.000475362
0.000575312
0.000639454
0.000665154
0.000658156
0.000628862
0.000588263
0.000545221
0.00050546
0.00047176
0.000444669
0.000423105
0.000405044
0.000388183
0.000370447
0.000350257
0.000326596
0.000298964
0.000267242
0.000231584
0.000192238
0.000149462
0.000103387
5.40502e-05
1.30517e-06
-5.50384e-05
-0.000115337
-0.000179906
-0.000249215
-0.000323617
-0.000403608
-0.000489518
-0.000581791
-0.000680733
-0.000786696
-0.000900081
-0.00102112
-0.00115039
-0.00128778
-0.00143405
-0.00158874
-0.00175285
-0.00192534
-0.002107
-0.00229647
-0.0024937
-0.0026975
-0.00290528
-0.00311718
-0.00332706
-0.00353581
-0.00373585
-0.00392589
-0.00410204
-0.0042581
-0.00439458
-0.00450702
-0.0046002
-0.00467032
-0.00472981
-0.00478372
-0.00483325
-0.00489282
-0.00495526
-0.00502616
-0.00510957
-0.00519402
-0.00528875
-0.00538587
-0.00547979
-0.00558381
-0.00568299
-0.00577916
-0.00588188
-0.00597547
-0.00606401
-0.0061551
-0.00623913
-0.00631723
-0.00639038
-0.00645584
-0.00651914
-0.00657854
-0.00663444
-0.00669027
-0.0067454
-0.0067997
-0.00685494
-0.00691012
-0.00696417
-0.00701204
0.00218967
0.00205347
0.00147612
0.000860449
0.00038902
0.000112724
2.46762e-05
7.05197e-05
0.000181836
0.00030382
0.000404031
0.000468461
0.000494471
0.000487809
0.000458885
0.000418703
0.000376139
0.000336933
0.000303877
0.000277528
0.000256817
0.000239726
0.000223965
0.000207469
0.000188671
0.000166564
0.000140658
0.000110838
7.72727e-05
4.02115e-05
-6.32585e-08
-4.34147e-05
-8.9773e-05
-0.000139284
-0.000192111
-0.000248615
-0.000309081
-0.000373977
-0.000443625
-0.000518515
-0.000598953
-0.000685361
-0.000778032
-0.000877266
-0.000983449
-0.00109674
-0.00121771
-0.00134621
-0.00148295
-0.00162747
-0.00178062
-0.00194157
-0.00211082
-0.00228741
-0.00247095
-0.00266081
-0.00285439
-0.00305206
-0.00324877
-0.00344496
-0.00363499
-0.00381705
-0.00398837
-0.00414374
-0.00428349
-0.00440283
-0.00450594
-0.00458919
-0.00466072
-0.00472639
-0.00478606
-0.00485213
-0.00492071
-0.00499465
-0.00507965
-0.00516615
-0.005261
-0.00535978
-0.0054551
-0.00555886
-0.0056596
-0.00575645
-0.00585881
-0.00595344
-0.00604283
-0.0061346
-0.0062199
-0.00629947
-0.00637445
-0.00644162
-0.00650637
-0.00656755
-0.00662535
-0.00668264
-0.00673905
-0.00679459
-0.00685089
-0.00690712
-0.00696184
-0.00701029
0.00202525
0.00188919
0.00131168
0.000695759
0.000224086
-5.23934e-05
-0.00014053
-9.46697e-05
1.67503e-05
0.000138899
0.000239315
0.000303978
0.000330243
0.000323856
0.000295233
0.000255393
0.000213224
0.000174481
0.000141968
0.000116251
9.62729e-05
8.0022e-05
6.52229e-05
4.98148e-05
3.22506e-05
1.15268e-05
-1.2826e-05
-4.0923e-05
-7.25777e-05
-0.00010754
-0.000145505
-0.000186333
-0.000229934
-0.000276455
-0.000326038
-0.000379032
-0.000435702
-0.000496481
-0.000561683
-0.00063174
-0.000706977
-0.000787744
-0.000874369
-0.00096707
-0.00106626
-0.00117202
-0.00128491
-0.00140478
-0.00153226
-0.00166696
-0.00180953
-0.00195939
-0.00211678
-0.00228112
-0.00245174
-0.00262844
-0.00280883
-0.00299319
-0.00317768
-0.0033621
-0.00354246
-0.00371675
-0.00388284
-0.00403649
-0.00417778
-0.0043023
-0.00441313
-0.00450748
-0.00459012
-0.00466643
-0.00473612
-0.00480896
-0.00488359
-0.00496146
-0.00504828
-0.00513698
-0.00523223
-0.00533229
-0.00542925
-0.00553288
-0.00563502
-0.00573284
-0.00583501
-0.00593062
-0.00602082
-0.00611318
-0.00619973
-0.0062807
-0.0063575
-0.00642646
-0.00649253
-0.00655544
-0.00661516
-0.00667412
-0.00673176
-0.00678861
-0.00684595
-0.00690293
-0.00695838
-0.00700735
0.00185775
0.00172174
0.00114403
0.000527935
5.62374e-05
-0.000220092
-0.0003079
-0.000261565
-0.000149567
-2.67735e-05
7.43316e-05
0.000139715
0.00016673
0.000161118
0.000133305
9.43148e-05
5.30521e-05
1.5276e-05
-1.61977e-05
-4.08018e-05
-5.95865e-05
-7.45663e-05
-8.80086e-05
-0.000101974
-0.000117998
-0.00013708
-0.000159677
-0.000185901
-0.000215553
-0.000248379
-0.000284053
-0.000322416
-0.000363354
-0.000406982
-0.000453433
-0.000503024
-0.000556024
-0.00061282
-0.000673735
-0.000739138
-0.000809379
-0.000884733
-0.000965569
-0.00105202
-0.00114453
-0.00124309
-0.00134827
-0.00145989
-0.00157854
-0.00170386
-0.00183638
-0.00197571
-0.0021219
-0.00227464
-0.00243315
-0.00259749
-0.00276553
-0.00293752
-0.00311044
-0.00328389
-0.00345492
-0.00362158
-0.00378234
-0.0039335
-0.00407528
-0.0042036
-0.00432055
-0.00442412
-0.0045166
-0.0046026
-0.0046819
-0.00476162
-0.00484245
-0.00492492
-0.00501408
-0.00510546
-0.00520152
-0.00530269
-0.00540158
-0.0055053
-0.00560877
-0.00570808
-0.00581039
-0.00590712
-0.00599822
-0.00609122
-0.00617922
-0.00626176
-0.00634045
-0.00641134
-0.0064789
-0.00654355
-0.00660533
-0.00666585
-0.00672483
-0.00678295
-0.00684139
-0.00689948
-0.00695559
-0.00700515
0.00169188
0.00155508
0.000976435
0.000359625
-0.00011251
-0.00038901
-0.000476767
-0.00043024
-0.000317975
-0.00019488
-9.34484e-05
-2.7715e-05
-3.22899e-07
-5.52265e-06
-3.28748e-05
-7.13439e-05
-0.000112009
-0.000149101
-0.00017979
-0.000203502
-0.00022128
-0.000235136
-0.000247334
-0.000259932
-0.000274459
-0.000291907
-0.000312725
-0.000337016
-0.00036458
-0.000395147
-0.000428396
-0.000464138
-0.00050226
-0.000542832
-0.000586001
-0.000632035
-0.000681232
-0.000733914
-0.000790436
-0.000851087
-0.000916249
-0.000986123
-0.00106111
-0.00114127
-0.00122706
-0.00131844
-0.00141591
-0.00151937
-0.00162925
-0.00174538
-0.00186806
-0.00199715
-0.00213251
-0.00227411
-0.00242108
-0.00257365
-0.00273003
-0.00289034
-0.00305231
-0.00321539
-0.00337742
-0.00353658
-0.0036917
-0.00383967
-0.00398062
-0.00411113
-0.0042324
-0.00434288
-0.00444368
-0.00453799
-0.00462593
-0.00471254
-0.0047991
-0.00488634
-0.00497804
-0.005072
-0.00516922
-0.00527113
-0.00537192
-0.00547592
-0.00558034
-0.00568113
-0.00578377
-0.00588163
-0.00597363
-0.00606715
-0.00615655
-0.00624059
-0.00632119
-0.0063942
-0.00646325
-0.00652965
-0.00659353
-0.00665595
-0.00671633
-0.00677592
-0.0068356
-0.00689454
-0.00695148
-0.00700159
0.00155781
0.00142251
0.000845119
0.00022929
-0.000242045
-0.000517874
-0.000605026
-0.000557909
-0.000445047
-0.000321357
-0.000219346
-0.00015306
-0.000125149
-0.000129864
-0.000156756
-0.000194778
-0.000234998
-0.00027164
-0.000301871
-0.000325116
-0.000342423
-0.000355809
-0.00036754
-0.000379669
-0.000393716
-0.00041065
-0.000430903
-0.00045454
-0.000481346
-0.000511011
-0.000543206
-0.000577701
-0.000614382
-0.000653272
-0.000694521
-0.000738352
-0.000785078
-0.000834976
-0.000888412
-0.000945621
-0.00100698
-0.00107265
-0.00114301
-0.00121812
-0.00129836
-0.00138374
-0.00147464
-0.00157104
-0.00167326
-0.00178127
-0.00189519
-0.00201509
-0.00214071
-0.00227223
-0.0024088
-0.00255071
-0.0026965
-0.0028462
-0.00299809
-0.00315157
-0.00330513
-0.00345706
-0.00360671
-0.00375127
-0.00389097
-0.00402276
-0.00414734
-0.00426332
-0.0043711
-0.00447279
-0.00456849
-0.00466188
-0.00475413
-0.00484651
-0.00494142
-0.00503827
-0.00513747
-0.0052402
-0.0053429
-0.00544758
-0.00555275
-0.00565512
-0.00575834
-0.00585756
-0.00595067
-0.00604455
-0.00613526
-0.00622084
-0.00630328
-0.00637843
-0.006449
-0.00651696
-0.00658293
-0.00664704
-0.0067088
-0.00676966
-0.00683046
-0.00689053
-0.00694813
-0.00699879
0.00129453
0.00115934
0.000582954
-2.98241e-05
-0.000496031
-0.000764859
-0.000843643
-0.000787746
-0.000666584
-0.000535597
-0.000427468
-0.000356239
-0.000324399
-0.000325839
-0.000349691
-0.00038457
-0.000421347
-0.000454184
-0.000480281
-0.000499153
-0.000511983
-0.000520926
-0.000528376
-0.000536463
-0.00054675
-0.000560196
-0.000577204
-0.000597771
-0.000621619
-0.000648359
-0.000677617
-0.000709105
-0.000742694
-0.000778368
-0.000816271
-0.000856586
-0.000899609
-0.000945586
-0.00099487
-0.00104768
-0.00110437
-0.00116509
-0.00123015
-0.00129966
-0.0013739
-0.00145293
-0.00153702
-0.00162625
-0.0017208
-0.00182079
-0.00192619
-0.00203721
-0.00215351
-0.00227533
-0.00240193
-0.00253355
-0.00266914
-0.00280862
-0.00295083
-0.00309505
-0.00324038
-0.00338512
-0.00352898
-0.00366941
-0.00380669
-0.00393823
-0.00406434
-0.00418388
-0.00429671
-0.00440438
-0.00450644
-0.00460608
-0.00470363
-0.00480085
-0.00489937
-0.0049989
-0.00510051
-0.00520428
-0.00530857
-0.00541441
-0.00552029
-0.00562419
-0.00572827
-0.00582907
-0.00592369
-0.00601807
-0.00611008
-0.0061973
-0.00628172
-0.00635938
-0.00643171
-0.00650138
-0.00656957
-0.00663584
-0.00669919
-0.00676162
-0.00682384
-0.00688489
-0.0069434
-0.00699465
0.00130674
0.00117513
0.000601511
-1.10794e-05
-0.000480402
-0.000755949
-0.000844738
-0.000800731
-0.000691613
-0.00057148
-0.000472242
-0.000407573
-0.00037995
-0.00038368
-0.000408659
-0.000444324
-0.000482235
-0.000516997
-0.000545975
-0.000568617
-0.000585869
-0.000599537
-0.000611657
-0.000624045
-0.000638054
-0.000654512
-0.000673799
-0.000695942
-0.000720762
-0.000747977
-0.00077733
-0.000808623
-0.000841787
-0.000876836
-0.000913918
-0.000953209
-0.00099499
-0.00103949
-0.00108699
-0.00113767
-0.0011918
-0.00124953
-0.00131108
-0.00137661
-0.00144631
-0.00152035
-0.00159889
-0.00168212
-0.00177012
-0.00186313
-0.00196105
-0.00206417
-0.00217217
-0.00228533
-0.00240311
-0.00252561
-0.00265219
-0.00278258
-0.00291612
-0.00305194
-0.00318965
-0.00332757
-0.00346571
-0.00360186
-0.00373622
-0.00386678
-0.0039934
-0.00411538
-0.00423191
-0.00434442
-0.00445183
-0.00455679
-0.00465933
-0.00476077
-0.00486291
-0.00496501
-0.00506886
-0.00517401
-0.00527943
-0.00538638
-0.0054929
-0.0055978
-0.00570254
-0.00580466
-0.0059008
-0.00599566
-0.00608851
-0.00617695
-0.00626302
-0.00634301
-0.00641699
-0.00648792
-0.00655806
-0.00662615
-0.00669091
-0.00675462
-0.00681794
-0.00688011
-0.00693928
-0.00699106
-0.0019732
-0.00185694
-0.00130064
-0.000707142
-0.000258078
-3.51117e-06
6.39017e-05
-1.62351e-06
-0.000132346
-0.000274315
-0.00039584
-0.000483477
-0.000535026
-0.000556541
-0.000558351
-0.000551078
-0.000543081
-0.000539623
-0.000543269
-0.000554561
-0.000572604
-0.000595703
-0.000621975
-0.000649785
-0.000677983
-0.000705939
-0.00073349
-0.000760813
-0.000788313
-0.000816475
-0.000845786
-0.000876652
-0.000909392
-0.000944214
-0.000981272
-0.00102065
-0.00106244
-0.0011067
-0.00115356
-0.00120313
-0.00125556
-0.00131105
-0.00136978
-0.00143198
-0.00149784
-0.00156759
-0.00164138
-0.00171945
-0.00180185
-0.00188884
-0.00198037
-0.00207665
-0.00217753
-0.00228313
-0.0023932
-0.00250766
-0.00262623
-0.00274848
-0.00287417
-0.00300236
-0.00313301
-0.00326461
-0.00339725
-0.00352919
-0.00366036
-0.00378943
-0.00391576
-0.00403917
-0.00415832
-0.00427454
-0.00438653
-0.00449612
-0.00460354
-0.00470919
-0.00481525
-0.00492054
-0.00502691
-0.00513429
-0.0052413
-0.00534971
-0.00545761
-0.0055638
-0.0056696
-0.00577344
-0.0058716
-0.00596772
-0.00606189
-0.0061517
-0.0062396
-0.00632248
-0.00639873
-0.00647126
-0.00654353
-0.006614
-0.0066806
-0.00674588
-0.00681072
-0.00687399
-0.00693413
-0.0069865
0.00109607
0.000964819
0.00039116
-0.000221887
-0.000692069
-0.000968884
-0.00105916
-0.0010166
-0.000908707
-0.000789515
-0.000690955
-0.000626747
-0.000599359
-0.000603101
-0.00062793
-0.000663388
-0.000701154
-0.000735935
-0.000765117
-0.000788109
-0.000805767
-0.000819788
-0.000832106
-0.00084446
-0.000858154
-0.000873997
-0.000892362
-0.000913289
-0.000936607
-0.00096205
-0.000989358
-0.00101834
-0.00104889
-0.00108101
-0.0011148
-0.00115041
-0.00118802
-0.00122785
-0.00127011
-0.00131501
-0.00136273
-0.00141347
-0.00146738
-0.00152464
-0.0015854
-0.00164982
-0.00171802
-0.00179019
-0.0018664
-0.00194684
-0.00203154
-0.00212063
-0.00221409
-0.00231196
-0.00241417
-0.00252056
-0.00263107
-0.00274523
-0.00286302
-0.00298361
-0.00310699
-0.00323205
-0.00335867
-0.00348575
-0.0036128
-0.0037392
-0.00386387
-0.00398701
-0.00410711
-0.00422513
-0.00434002
-0.00445256
-0.00456344
-0.00467214
-0.00478093
-0.00488867
-0.00499668
-0.00510551
-0.00521361
-0.00532259
-0.00543124
-0.00553819
-0.00564418
-0.00574902
-0.00584855
-0.00594546
-0.0060407
-0.00613118
-0.00621988
-0.00630511
-0.00638346
-0.00645701
-0.00653079
-0.00660316
-0.00667127
-0.00673784
-0.00680372
-0.00686812
-0.00692896
-0.00698184
-0.00232059
-0.00219921
-0.00163603
-0.00103423
-0.000576209
-0.000312604
-0.000236614
-0.000294475
-0.000418569
-0.00055479
-0.00067118
-0.000754045
-0.000800969
-0.00081767
-0.000814276
-0.000801392
-0.000787502
-0.000778044
-0.000775738
-0.000781266
-0.000793838
-0.000811829
-0.00083337
-0.000856807
-0.00088093
-0.000905045
-0.000928912
-0.000952638
-0.000976558
-0.00100111
-0.00102676
-0.00105388
-0.00108279
-0.0011137
-0.00114673
-0.00118199
-0.00121951
-0.00125935
-0.00130155
-0.00134619
-0.00139337
-0.00144321
-0.00149585
-0.00155144
-0.00161014
-0.00167212
-0.00173753
-0.00180652
-0.00187922
-0.00195576
-0.00203625
-0.00212074
-0.00220932
-0.00230197
-0.00239872
-0.00249941
-0.00260406
-0.00271233
-0.00282417
-0.00293907
-0.00305685
-0.00317692
-0.00329887
-0.00342218
-0.00354609
-0.00367041
-0.00379398
-0.00391698
-0.00403824
-0.00415801
-0.00427588
-0.00439156
-0.00450617
-0.00461857
-0.00473073
-0.00484184
-0.00495252
-0.00506375
-0.00517402
-0.00528466
-0.00539478
-0.00550357
-0.00561058
-0.00571686
-0.00581869
-0.00591707
-0.00601429
-0.0061065
-0.00619602
-0.00628389
-0.00636542
-0.00644065
-0.00651607
-0.00659086
-0.00666105
-0.00672915
-0.00679655
-0.0068621
-0.00692388
-0.00697733
0.000897077
0.000764582
0.000189448
-0.000424787
-0.000895544
-0.00117214
-0.00126142
-0.00121734
-0.00110772
-0.000986866
-0.000886887
-0.000821573
-0.000793422
-0.00079677
-0.000821492
-0.000856969
-0.000894695
-0.000929237
-0.00095792
-0.000980145
-0.000996805
-0.00100966
-0.0010207
-0.00103173
-0.00104409
-0.00105861
-0.00107565
-0.00109524
-0.00111718
-0.00114115
-0.00116687
-0.00119408
-0.00122266
-0.00125257
-0.00128388
-0.00131671
-0.00135124
-0.00138765
-0.00142613
-0.00146687
-0.00151003
-0.00155575
-0.00160419
-0.00165546
-0.00170969
-0.00176701
-0.00182753
-0.00189138
-0.00195868
-0.00202954
-0.00210407
-0.00218234
-0.00226445
-0.00235041
-0.00244026
-0.00253395
-0.00263145
-0.00273259
-0.00283726
-0.00294522
-0.00305617
-0.00316984
-0.00328572
-0.00340359
-0.00352271
-0.0036429
-0.00376336
-0.00388387
-0.00400389
-0.00412289
-0.00424112
-0.00435753
-0.00447332
-0.00458732
-0.00470074
-0.0048134
-0.00492511
-0.00503723
-0.00514821
-0.00525931
-0.00536961
-0.00547893
-0.00558619
-0.00569237
-0.00579552
-0.00589463
-0.00599256
-0.00608615
-0.00617565
-0.00626448
-0.00634879
-0.00642548
-0.00650158
-0.006578
-0.00664992
-0.00671937
-0.00678781
-0.00685452
-0.00691711
-0.00697108
-0.00251148
-0.00238829
-0.00182304
-0.00121938
-0.000759997
-0.000495655
-0.000419555
-0.000477722
-0.000602243
-0.000738753
-0.000855129
-0.000937584
-0.000983645
-0.000999047
-0.000994022
-0.000979326
-0.000963603
-0.000952422
-0.00094857
-0.000952737
-0.000964099
-0.00098096
-0.00100138
-0.00102362
-0.00104643
-0.00106908
-0.00109131
-0.00111322
-0.00113516
-0.00115758
-0.00118097
-0.00120571
-0.00123211
-0.0012604
-0.00129069
-0.00132304
-0.0013575
-0.00139406
-0.00143276
-0.00147364
-0.00151678
-0.00156224
-0.00161016
-0.00166065
-0.00171384
-0.00176988
-0.00182889
-0.001891
-0.00195633
-0.00202499
-0.00209707
-0.00217267
-0.00225184
-0.00233465
-0.0024211
-0.00251121
-0.00260493
-0.00270223
-0.00280295
-0.00290701
-0.00301413
-0.00312417
-0.00323672
-0.00335156
-0.00346825
-0.00358639
-0.00370566
-0.00382541
-0.00394563
-0.00406534
-0.00418502
-0.00430351
-0.00442155
-0.00453843
-0.00465438
-0.00476992
-0.00488409
-0.00499848
-0.00511158
-0.00522449
-0.00533635
-0.00544707
-0.00555594
-0.00566307
-0.0057681
-0.00586936
-0.00596856
-0.00606437
-0.00615518
-0.00624517
-0.00633276
-0.00641205
-0.00648911
-0.00656723
-0.00664142
-0.00671227
-0.00678176
-0.00684945
-0.00691283
-0.00696727
0.000749403
0.000615814
3.94723e-05
-0.000575751
-0.00104706
-0.00132365
-0.00141235
-0.00136729
-0.00125654
-0.00113465
-0.00103387
-0.00096808
-0.000939841
-0.000943454
-0.000968683
-0.00100476
-0.00104305
-0.00107799
-0.00110682
-0.00112892
-0.00114521
-0.00115752
-0.00116791
-0.00117824
-0.0011899
-0.00120374
-0.00122015
-0.00123914
-0.00126047
-0.00128381
-0.00130882
-0.00133522
-0.00136286
-0.00139166
-0.00142168
-0.00145301
-0.00148582
-0.00152027
-0.00155654
-0.00159479
-0.00163517
-0.00167778
-0.00172276
-0.00177019
-0.00182018
-0.0018728
-0.00192817
-0.00198637
-0.0020475
-0.00211168
-0.00217898
-0.00224951
-0.00232334
-0.00240055
-0.00248118
-0.00256528
-0.00265282
-0.00274381
-0.00283816
-0.00293582
-0.00303662
-0.0031404
-0.00324698
-0.00335602
-0.00346741
-0.00358055
-0.00369549
-0.00381137
-0.00392842
-0.00404562
-0.0041633
-0.00428062
-0.00439765
-0.00451432
-0.00462998
-0.00474569
-0.00485999
-0.00497444
-0.0050878
-0.00520058
-0.00531254
-0.00542277
-0.00553171
-0.00563863
-0.00574395
-0.00584619
-0.00594488
-0.00604144
-0.00613349
-0.00622329
-0.0063124
-0.00639403
-0.00647213
-0.00655147
-0.00662751
-0.0067001
-0.00677083
-0.00683975
-0.00690416
-0.00695918
-0.00254007
-0.00241711
-0.00185257
-0.00125039
-0.000793281
-0.000532043
-0.000459718
-0.00052197
-0.000650507
-0.000790716
-0.00091036
-0.000995612
-0.001044
-0.00106137
-0.00105816
-0.00104529
-0.00103157
-0.00102267
-0.00102141
-0.00102846
-0.00104291
-0.00106294
-0.0010865
-0.00111177
-0.00113741
-0.00116265
-0.00118722
-0.00121124
-0.00123506
-0.00125918
-0.00128406
-0.00131014
-0.0013377
-0.00136696
-0.00139801
-0.00143089
-0.0014656
-0.00150211
-0.00154042
-0.00158056
-0.00162255
-0.00166648
-0.00171245
-0.00176056
-0.00181094
-0.00186372
-0.00191901
-0.00197694
-0.00203763
-0.00210118
-0.00216767
-0.00223722
-0.00230989
-0.00238576
-0.00246487
-0.00254728
-0.00263301
-0.00272205
-0.0028144
-0.00290998
-0.00300875
-0.00311051
-0.00321523
-0.00332253
-0.00343242
-0.00354434
-0.00365833
-0.00377368
-0.00389046
-0.00400795
-0.00412606
-0.00424441
-0.00436251
-0.00448067
-0.00459784
-0.00471515
-0.00483142
-0.00494734
-0.0050625
-0.00517624
-0.00528942
-0.00540088
-0.00551123
-0.00561991
-0.0057257
-0.00582969
-0.00592955
-0.0060271
-0.00612155
-0.00621148
-0.00630139
-0.00638603
-0.00646501
-0.00654451
-0.00662219
-0.00669592
-0.00676712
-0.00683659
-0.0069015
-0.0069568
0.000734085
0.000597608
1.79615e-05
-0.000600916
-0.00107592
-0.00135598
-0.00144774
-0.00140524
-0.00129672
-0.00117691
-0.00107827
-0.00101485
-0.000989334
-0.00099609
-0.00102483
-0.00106469
-0.00110684
-0.00114556
-0.00117798
-0.00120343
-0.0012228
-0.00123795
-0.001251
-0.00126386
-0.00127798
-0.00129424
-0.00131303
-0.00133437
-0.00135801
-0.00138359
-0.00141074
-0.00143915
-0.00146861
-0.00149902
-0.00153041
-0.00156285
-0.00159647
-0.00163143
-0.0016679
-0.00170601
-0.0017459
-0.00178768
-0.00183144
-0.00187727
-0.00192524
-0.00197543
-0.0020279
-0.00208275
-0.00214007
-0.00219993
-0.00226243
-0.00232766
-0.00239571
-0.00246667
-0.0025406
-0.00261758
-0.00269766
-0.00278085
-0.0028672
-0.00295666
-0.00304924
-0.00314482
-0.00324339
-0.0033447
-0.00344875
-0.00355517
-0.00366393
-0.00377455
-0.00388698
-0.00400061
-0.00411518
-0.00423049
-0.00434608
-0.00446215
-0.00457802
-0.00469393
-0.00480918
-0.00492389
-0.0050381
-0.00515116
-0.00526361
-0.00537483
-0.00548436
-0.0055928
-0.00569816
-0.00580208
-0.00590288
-0.00600025
-0.00609577
-0.00618709
-0.00627684
-0.00636367
-0.0064454
-0.00652579
-0.00660491
-0.00668112
-0.00675393
-0.00682462
-0.00689079
-0.00694683
)
;

boundaryField
{
    zeroGradient
    {
        type            zeroGradient;
    }
    inlet
    {
        type            zeroGradient;
    }
    fixedWalls
    {
        type            zeroGradient;
    }
    frontAndBack
    {
        type            empty;
    }
}


// ************************************************************************* //
