/*--------------------------------*- C++ -*----------------------------------*\
| =========                 |                                                 |
| \\      /  F ield         | OpenFOAM: The Open Source CFD Toolbox           |
|  \\    /   O peration     | Version:  2312                                  |
|   \\  /    A nd           | Website:  www.openfoam.com                      |
|    \\/     M anipulation  |                                                 |
\*---------------------------------------------------------------------------*/
FoamFile
{
    version     2.0;
    format      ascii;
    arch        "LSB;label=32;scalar=64";
    class       volScalarField;
    location    "0.4";
    object      p;
}
// * * * * * * * * * * * * * * * * * * * * * * * * * * * * * * * * * * * * * //

dimensions      [0 2 -2 0 0 0 0];

internalField   nonuniform List<scalar> 
5600
(
9.45568e-10
0.000466304
0.00030222
0.000453256
0.000378079
0.000532337
0.000502854
0.000639749
0.000666928
0.000811874
0.000860617
0.000983662
0.00107813
0.00119996
0.00130979
0.00144046
0.00155015
0.00170178
0.00185196
0.00199008
0.00214073
0.00231427
0.00249524
0.00267881
0.00287122
0.00307899
0.00329114
0.00351361
0.00374158
0.00398413
0.00423923
0.00451375
0.004803
0.00510343
0.00540261
0.00569102
0.0059756
0.00625456
0.00646434
0.00643048
2.3929e-06
0.000464158
0.000304323
0.000449333
0.000379699
0.000528984
0.000505765
0.000635098
0.000669964
0.000807015
0.000860927
0.000978706
0.0010786
0.00119487
0.00130905
0.00143576
0.00154756
0.00169614
0.00184724
0.00198585
0.00213517
0.00230842
0.00248725
0.00266717
0.00285814
0.00306232
0.00327381
0.00349336
0.00372026
0.00395682
0.00420031
0.00444502
0.00468437
0.00492
0.00515288
0.00537237
0.00555148
0.0056476
0.00558977
0.00525507
4.57319e-06
0.000462625
0.000305744
0.000447711
0.000380043
0.00052767
0.000506774
0.000632701
0.000670981
0.000804797
0.000861134
0.000976597
0.00107826
0.00119316
0.00130752
0.00143398
0.00154547
0.00169393
0.00184432
0.00198168
0.00213064
0.00230299
0.00248043
0.00265888
0.00284788
0.00305026
0.00325866
0.0034738
0.00369305
0.00391856
0.00414714
0.0043739
0.00459341
0.00480882
0.00501916
0.00521267
0.00536166
0.00542973
0.0053554
0.0050321
8.19374e-06
0.000459052
0.000308785
0.000443044
0.000382137
0.000523286
0.000510085
0.000627362
0.000674634
0.000798442
0.000861737
0.000970668
0.00107848
0.00118703
0.00130604
0.00142878
0.00154151
0.00168897
0.0018384
0.00197496
0.00212288
0.00229248
0.00246904
0.00264338
0.00283042
0.00302808
0.00323319
0.00344185
0.00365118
0.00385789
0.00405918
0.00425917
0.00445816
0.00465089
0.00482525
0.00496469
0.00504478
0.0050326
0.00487527
0.00447953
1.15651e-05
0.000455538
0.000311233
0.000439757
0.000383156
0.000519994
0.000511977
0.00062272
0.000676238
0.000794847
0.00086176
0.000966752
0.00107728
0.00118366
0.00130279
0.00142528
0.00153708
0.00168316
0.00183194
0.00196704
0.00211341
0.0022807
0.00245488
0.00262581
0.00280872
0.00300121
0.00319852
0.00339611
0.00359011
0.00377897
0.00396204
0.00414475
0.0043253
0.00449527
0.00464117
0.00474823
0.00479644
0.0047587
0.00458841
0.00419796
1.61753e-05
0.000449972
0.000315332
0.000433956
0.000387159
0.000513747
0.00051601
0.000616198
0.000679776
0.000787483
0.00086161
0.000960646
0.00107477
0.00118039
0.00129814
0.00141956
0.00153051
0.00167534
0.00182312
0.00195625
0.00210082
0.00226464
0.00243614
0.00260219
0.00277957
0.00296492
0.00315163
0.00333402
0.00350685
0.0036766
0.00384793
0.00401997
0.00418453
0.00433311
0.00445453
0.00453637
0.00455972
0.00449743
0.00430325
0.00389034
2.08492e-05
0.000443954
0.000318994
0.000428971
0.000388852
0.000508353
0.00051852
0.000609692
0.000681379
0.000782665
0.000859846
0.000957058
0.00107095
0.00117592
0.00129261
0.00141282
0.00152284
0.00166609
0.00181244
0.00194319
0.00208506
0.00224515
0.00241204
0.00257269
0.00274192
0.00291721
0.00308914
0.00325264
0.00340826
0.00356633
0.00372774
0.0038874
0.00403552
0.00416468
0.00426662
0.00433174
0.00434332
0.00427506
0.00407976
0.00366642
2.68116e-05
0.000435612
0.000324379
0.000421672
0.000393323
0.000499798
0.000522847
0.000602307
0.000682817
0.000777228
0.000855674
0.000953301
0.00106592
0.00116981
0.0012854
0.00140477
0.00151333
0.00165462
0.00179903
0.00192692
0.00206525
0.002221
0.00238141
0.00253463
0.00269256
0.00285368
0.00300733
0.00315431
0.00329946
0.00344849
0.00359859
0.00374409
0.00387651
0.00399044
0.00407925
0.00413524
0.00414353
0.00407959
0.00389797
0.00350991
3.3122e-05
0.000426287
0.000329462
0.000414957
0.000397201
0.000492543
0.000524948
0.000595235
0.000682751
0.000773127
0.000850619
0.000948242
0.00106025
0.00116288
0.00127728
0.00139482
0.00150182
0.00164049
0.00178287
0.00190702
0.00204059
0.00219146
0.00234379
0.00248629
0.00262913
0.00277138
0.00291
0.00304745
0.00318343
0.00331891
0.00345263
0.00358265
0.00370568
0.00381912
0.00391837
0.00399508
0.0040319
0.00399686
0.00382728
0.00339881
4.08381e-05
0.00041425
0.000336019
0.000406237
0.000402502
0.000482537
0.000528336
0.000587313
0.000679038
0.00077033
0.00084468
0.000941379
0.00105369
0.00115457
0.00126754
0.00138214
0.00148816
0.00162317
0.00176338
0.0018828
0.00200988
0.00215301
0.00229446
0.00242153
0.00255003
0.00268244
0.00281229
0.00293821
0.0030599
0.00317442
0.00327921
0.00337247
0.00345655
0.00353823
0.00362225
0.00370153
0.00377487
0.00386771
0.00405019
0.00446143
4.91226e-05
0.000400887
0.000342472
0.000398147
0.000406692
0.000474896
0.000528308
0.000583834
0.000674908
0.000764807
0.00083794
0.000933971
0.00104528
0.00114457
0.00125569
0.00136775
0.00147133
0.00160271
0.00173915
0.00185359
0.0019711
0.00210249
0.00223102
0.00234552
0.00246575
0.00259024
0.00270995
0.00282111
0.00292611
0.00302526
0.00312027
0.00321421
0.00331137
0.0034111
0.00350474
0.00358957
0.00367538
0.00378881
0.00398172
0.00435414
5.895e-05
0.000384229
0.000349297
0.0003895
0.000411085
0.000465954
0.000521704
0.000580045
0.00066987
0.000758626
0.000830456
0.000925105
0.00103506
0.0011331
0.00124157
0.00135074
0.00145074
0.00157837
0.00170886
0.00181587
0.00192148
0.00203792
0.00215875
0.00226674
0.00237723
0.00249135
0.00259969
0.00269851
0.00279256
0.00288777
0.00298824
0.00309171
0.00318719
0.00326863
0.00333836
0.00340715
0.00349295
0.00362458
0.00385061
0.00426589
6.94406e-05
0.000366635
0.000355786
0.00038138
0.000411425
0.000463816
0.000515333
0.000574348
0.00066482
0.000752078
0.000821619
0.000914512
0.00102296
0.00111914
0.00122453
0.00133056
0.00142605
0.00154828
0.00167138
0.00176663
0.00186182
0.001969
0.00208246
0.00218336
0.00228184
0.00238274
0.00248061
0.00257657
0.00267643
0.0027814
0.00288297
0.00297267
0.00304607
0.00310702
0.00316441
0.00323194
0.00332641
0.00347223
0.00371142
0.00412997
8.14289e-05
0.000344947
0.000361083
0.000377428
0.000408474
0.000459701
0.000508705
0.000566238
0.0006572
0.000744369
0.000811382
0.000901885
0.00100855
0.00110264
0.00120444
0.00130633
0.00139599
0.00150995
0.00162495
0.00170833
0.00179555
0.00189694
0.00200195
0.00209586
0.00218675
0.00228167
0.00237458
0.00246395
0.00255488
0.00265192
0.00274578
0.00282595
0.0028887
0.00294097
0.0029939
0.00306116
0.00315761
0.00330546
0.00354443
0.00396014
9.4009e-05
0.000324522
0.000362816
0.000373769
0.000403375
0.000455028
0.000503244
0.000558433
0.000647648
0.000734615
0.000799369
0.000887189
0.000991709
0.00108336
0.00118023
0.00127637
0.00135962
0.00146313
0.0015715
0.00164751
0.00172378
0.00181877
0.00191598
0.00200124
0.00208294
0.00217221
0.00226572
0.00235797
0.00244622
0.00253037
0.00260682
0.00267168
0.00272428
0.00277069
0.00282079
0.00288678
0.0029825
0.00312923
0.00336705
0.00378218
0.000107599
0.000303429
0.000358972
0.000370695
0.00039907
0.000449621
0.000496746
0.000549376
0.000636543
0.000722454
0.000784781
0.000869503
0.000971539
0.00106042
0.00115139
0.00123969
0.00131658
0.00140999
0.00151091
0.00158332
0.00164745
0.00173209
0.00182344
0.00190301
0.00198006
0.00206795
0.00216317
0.00225129
0.0023274
0.00239521
0.00245621
0.00250951
0.0025549
0.00259722
0.00264498
0.00270939
0.00280395
0.00294979
0.00318691
0.00360136
0.000121403
0.00028396
0.000350533
0.000366938
0.000394604
0.000443411
0.000489052
0.000539309
0.000624018
0.000708548
0.00076781
0.000848099
0.000947134
0.00103269
0.00111763
0.00119692
0.00126711
0.00135288
0.00144376
0.0015129
0.00156869
0.00164084
0.00172742
0.0018054
0.00187887
0.00196001
0.00204823
0.00212912
0.00219544
0.00225116
0.00230058
0.00234511
0.00238474
0.00242352
0.00246896
0.00253172
0.00262511
0.00277024
0.00300704
0.00342141
0.000135284
0.000265029
0.000337338
0.000361998
0.000389894
0.000436798
0.000480895
0.000527882
0.000609078
0.000692371
0.0007485
0.000822852
0.000917474
0.000998897
0.00107826
0.00114939
0.00121145
0.00129127
0.00137178
0.00143468
0.00148617
0.00154691
0.00162614
0.00170232
0.00177361
0.00184803
0.00192613
0.00199773
0.00205537
0.00210234
0.00214321
0.00218087
0.00221566
0.00225119
0.00229415
0.00235489
0.0024466
0.00259042
0.0028262
0.00323997
0.000149042
0.000248491
0.000318403
0.000354517
0.000384557
0.000429339
0.000471718
0.000515495
0.000591726
0.000673141
0.000726244
0.000793605
0.000882751
0.000958345
0.00103194
0.0010977
0.00115014
0.0012237
0.00129767
0.00135032
0.00139726
0.00145008
0.00152092
0.00159399
0.00166256
0.00173088
0.00179861
0.00186027
0.00190951
0.00194937
0.00198381
0.00201621
0.00204695
0.00207938
0.00211969
0.00217811
0.00226796
0.00241052
0.00264561
0.00305922
0.000159625
0.000234621
0.000299876
0.000342512
0.000376829
0.000420678
0.000461175
0.000502049
0.000572601
0.000650433
0.000700282
0.000759833
0.000842572
0.00091268
0.000978807
0.00104047
0.00108412
0.0011483
0.00121961
0.00126385
0.0013024
0.00134867
0.00141186
0.0014809
0.00154557
0.00160804
0.001667
0.00171951
0.00176038
0.00179299
0.00182149
0.00184956
0.0018775
0.00190783
0.00194608
0.00200227
0.00209013
0.00223131
0.00246582
0.0028794
0.000166996
0.00022496
0.000280842
0.000324323
0.000365236
0.000410494
0.000449181
0.000486679
0.000551407
0.00062493
0.000670627
0.000720881
0.000796192
0.000862117
0.000920228
0.000977027
0.00101395
0.00106508
0.00113398
0.00117554
0.00120423
0.00124254
0.00129835
0.0013635
0.00142414
0.00148044
0.0015313
0.00157549
0.00160886
0.0016345
0.00165704
0.00168082
0.00170665
0.00173601
0.00177336
0.00182795
0.00191387
0.00205338
0.002287
0.00270045
0.000171366
0.000215369
0.000262781
0.000304811
0.000349081
0.000396697
0.000434914
0.00046889
0.000527168
0.000596338
0.000638298
0.000677789
0.000742851
0.000805512
0.00085688
0.000907069
0.00093962
0.000976438
0.00103849
0.0010826
0.00110533
0.00113398
0.0011811
0.00124186
0.00129917
0.00134919
0.00139187
0.00142793
0.00145479
0.00147454
0.00149184
0.00151136
0.00153491
0.00156361
0.00160092
0.0016549
0.00173943
0.00187722
0.00210963
0.00252266
0.000172246
0.000206018
0.000246038
0.00028441
0.000328101
0.000377565
0.000416901
0.0004482
0.000499402
0.000563863
0.000603424
0.000632366
0.000683881
0.000741524
0.00078781
0.000830563
0.00086021
0.000885244
0.000934662
0.0009809
0.0010044
0.00102579
0.00106282
0.00111671
0.00117023
0.00121455
0.00124928
0.00127718
0.00129813
0.00131335
0.00132662
0.00134232
0.00136332
0.00139106
0.00142855
0.00148264
0.00156658
0.00170312
0.0019343
0.00234671
0.000169628
0.000195812
0.000229476
0.00026323
0.000304314
0.000353518
0.000393903
0.000423635
0.000467624
0.000526267
0.000564913
0.000585566
0.000621536
0.000670271
0.000712238
0.000747835
0.000774257
0.000791812
0.00082687
0.000870765
0.000898552
0.000917726
0.000945976
0.00099036
0.00103759
0.00107604
0.00110373
0.0011241
0.00113948
0.00115108
0.00116156
0.00117444
0.001193
0.00121939
0.00125671
0.00131115
0.00139511
0.00153104
0.00176131
0.00217311
0.000163426
0.000184026
0.000212621
0.000241802
0.000278412
0.000325028
0.000365334
0.000393906
0.000431155
0.000482837
0.000520935
0.000537093
0.000558025
0.000593832
0.000629696
0.000659045
0.00068152
0.00069482
0.000717614
0.000754501
0.00078613
0.000808287
0.000831429
0.000864779
0.000902309
0.000933587
0.000954992
0.000969088
0.000979453
0.000987942
0.000996584
0.00100781
0.00102459
0.00104958
0.00108631
0.00114086
0.00122509
0.00136099
0.00159088
0.00200237
0.000153746
0.000169986
0.000194166
0.000219472
0.000250768
0.000292712
0.000331535
0.000358552
0.000389778
0.000433122
0.000469399
0.000484808
0.00049413
0.000515138
0.000542126
0.000565312
0.000582974
0.000593268
0.00060759
0.00063627
0.000668943
0.000695079
0.000716112
0.000739527
0.000765619
0.000788229
0.000803634
0.000812783
0.000818981
0.000824636
0.000831663
0.000841866
0.000857616
0.000881582
0.000917558
0.000971843
0.00105611
0.00119211
0.00142195
0.00183337
0.00014058
0.00015331
0.000173606
0.000195499
0.000221556
0.00025747
0.000293109
0.000318033
0.000343529
0.000377703
0.000408909
0.000424863
0.000428512
0.000435913
0.000451829
0.000468149
0.000480736
0.000488082
0.00049732
0.000518824
0.00054944
0.000577805
0.000598246
0.000614205
0.000629395
0.000642726
0.000652017
0.000657135
0.000660313
0.000663898
0.000669744
0.000679299
0.000694396
0.000717592
0.000752882
0.000806868
0.000891264
0.00102765
0.00125794
0.00166986
0.000123582
0.000133494
0.000150117
0.000168717
0.000190005
0.000219368
0.000250719
0.000272915
0.000293087
0.000318675
0.000341532
0.000355437
0.000357939
0.000356144
0.000360131
0.000367687
0.000374351
0.000377713
0.000382391
0.000397284
0.000423234
0.000450681
0.000470595
0.000482308
0.000489709
0.000495076
0.000498524
0.000500002
0.00050069
0.000502378
0.000506771
0.000515294
0.000529556
0.000551957
0.000586464
0.000639813
0.000723827
0.000860145
0.00109063
0.00150299
0.000103493
0.000110565
0.000123412
0.0001385
0.000155446
0.000178117
0.000203977
0.000222897
0.000237636
0.000255721
0.000271036
0.000280506
0.000283245
0.000278865
0.000275162
0.000275102
0.000276511
0.000276004
0.0002757
0.000282958
0.000301289
0.000324756
0.000343519
0.00035333
0.00035622
0.00035581
0.000354202
0.000352193
0.00035051
0.000350344
0.000353097
0.000360182
0.000373226
0.000394584
0.000428139
0.000480584
0.000563717
0.000699113
0.000928631
0.00134
7.82285e-05
8.34987e-05
9.31964e-05
0.000105063
0.000118193
0.000134694
0.000154063
0.000168581
0.000177305
0.00018734
0.000194912
0.000196333
0.00019398
0.000186095
0.000175039
0.000165104
0.000158746
0.000154147
0.000150683
0.000152957
0.000165047
0.00018402
0.000201385
0.000211058
0.000212594
0.000209029
0.000203509
0.000198036
0.000193828
0.000192149
0.000194375
0.000202003
0.000216617
0.000240373
0.000276841
0.000332411
0.000418674
0.000557144
0.000789686
0.00120413
5.21172e-05
5.1564e-05
5.69979e-05
6.59316e-05
7.65918e-05
8.81226e-05
0.000101232
0.000111523
0.000116559
0.000121758
0.000127149
0.000127227
0.000124634
0.000118813
0.00010872
9.63317e-05
8.50051e-05
7.44224e-05
6.28389e-05
5.20801e-05
4.66019e-05
4.97774e-05
6.03186e-05
7.17751e-05
7.78063e-05
7.63638e-05
6.86964e-05
5.70844e-05
4.37572e-05
3.0735e-05
2.01552e-05
1.41881e-05
1.51706e-05
2.58663e-05
5.03201e-05
9.51893e-05
0.000172282
0.000303316
0.000530531
0.00094236
1.63166e-05
1.81569e-05
2.159e-05
2.59521e-05
3.05456e-05
3.51895e-05
4.04658e-05
4.42194e-05
4.30514e-05
3.94097e-05
3.53369e-05
2.58027e-05
1.25919e-05
-2.40675e-06
-2.05963e-05
-4.00449e-05
-5.71414e-05
-6.96383e-05
-7.74287e-05
-7.97607e-05
-7.59137e-05
-6.78653e-05
-5.99844e-05
-5.64516e-05
-5.87999e-05
-6.56598e-05
-7.41573e-05
-8.16823e-05
-8.64542e-05
-8.74729e-05
-8.39682e-05
-7.50338e-05
-5.92447e-05
-3.42984e-05
3.6919e-06
6.1381e-05
0.000150552
0.000292828
0.000530224
0.000950791
-2.69831e-05
-2.04779e-05
-1.65024e-05
-1.54697e-05
-1.60899e-05
-1.74094e-05
-1.73187e-05
-1.57649e-05
-1.5892e-05
-1.75221e-05
-1.88499e-05
-2.31943e-05
-3.08134e-05
-3.93181e-05
-4.98423e-05
-6.18388e-05
-7.40545e-05
-8.58038e-05
-9.78934e-05
-0.000110765
-0.000124077
-0.000137366
-0.00015092
-0.000165568
-0.000182215
-0.000201408
-0.000223309
-0.000247803
-0.000274872
-0.000304716
-0.000337882
-0.000375295
-0.000418477
-0.000469882
-0.000533601
-0.000616557
-0.000730853
-0.000898485
-0.0011619
-0.00160971
-6.37719e-05
-6.42524e-05
-6.65635e-05
-7.05166e-05
-7.56749e-05
-8.17604e-05
-8.85914e-05
-9.69137e-05
-0.00010778
-0.000121961
-0.000138177
-0.00015683
-0.000178407
-0.000201683
-0.000224706
-0.000245693
-0.000263391
-0.000276022
-0.000282401
-0.000284076
-0.000284314
-0.000285925
-0.000289989
-0.000296335
-0.000304008
-0.00031181
-0.000318428
-0.000322656
-0.0003235
-0.000320331
-0.000312677
-0.000299925
-0.000280844
-0.000253146
-0.000212813
-0.000153001
-6.17906e-05
8.24817e-05
0.000321763
0.000743961
-0.000111034
-0.000111997
-0.000114814
-0.000119012
-0.000124163
-0.000130103
-0.000136492
-0.000143524
-0.000151266
-0.00016005
-0.000168975
-0.000178535
-0.000190106
-0.000203351
-0.000217858
-0.000234015
-0.000251739
-0.000270861
-0.000291178
-0.000312772
-0.000335548
-0.000359508
-0.000384806
-0.000411906
-0.000441291
-0.000473111
-0.000507174
-0.000543196
-0.00058099
-0.000620663
-0.00066268
-0.000707971
-0.000758062
-0.000815412
-0.000884029
-0.000970683
-0.0010872
-0.00125522
-0.00151669
-0.00195957
-0.000161463
-0.000165511
-0.000173684
-0.000185118
-0.000198868
-0.000214504
-0.000231531
-0.000250231
-0.000270732
-0.000293363
-0.000317306
-0.000342104
-0.000367217
-0.000391324
-0.000413151
-0.000430831
-0.000442665
-0.00044963
-0.000454517
-0.000459932
-0.000467052
-0.000475982
-0.000485931
-0.000495679
-0.000504028
-0.00051027
-0.000514076
-0.000515298
-0.000513712
-0.000508933
-0.00050036
-0.000487107
-0.000467761
-0.000439989
-0.000399827
-0.000340495
-0.000250102
-0.000106971
0.000130875
0.000551387
-0.000211383
-0.000214823
-0.000221449
-0.000230441
-0.000240857
-0.000252358
-0.000264272
-0.000276528
-0.000289603
-0.00030351
-0.000317716
-0.000333395
-0.000349598
-0.000366059
-0.000384894
-0.000405215
-0.000425925
-0.000447982
-0.000472006
-0.000497785
-0.000524589
-0.00055261
-0.000582203
-0.000613538
-0.000646245
-0.000680058
-0.000714999
-0.000751313
-0.000789208
-0.000828865
-0.000870619
-0.000915244
-0.000964211
-0.00102002
-0.00108675
-0.00117125
-0.00128538
-0.00145079
-0.00170945
-0.00214935
-0.000275666
-0.00028291
-0.00029634
-0.00031456
-0.000336123
-0.000360214
-0.000385818
-0.000412561
-0.000439532
-0.000466482
-0.000492963
-0.000517169
-0.000538212
-0.00055591
-0.000568665
-0.000577621
-0.000585349
-0.000592982
-0.000600893
-0.000609474
-0.000618907
-0.000628505
-0.000637139
-0.000643977
-0.000648811
-0.000651756
-0.000652819
-0.000651857
-0.00064859
-0.00064267
-0.000633539
-0.000620275
-0.000601321
-0.000574174
-0.000534757
-0.000476274
-0.000386878
-0.000244952
-8.54827e-06
0.000410297
-0.00031744
-0.000320975
-0.000330272
-0.000344364
-0.000361395
-0.000380357
-0.000399788
-0.000418919
-0.000436841
-0.000453253
-0.000468864
-0.000484789
-0.000500201
-0.000516326
-0.000534316
-0.000553353
-0.000573357
-0.000594382
-0.000615719
-0.000636489
-0.000656743
-0.000677392
-0.000699175
-0.000722359
-0.000746827
-0.000772554
-0.000799669
-0.000828384
-0.000858909
-0.000891528
-0.00092675
-0.000965479
-0.00100922
-0.00106043
-0.00112312
-0.0012041
-0.00131526
-0.00147831
-0.00173531
-0.00217436
-0.000398422
-0.000406958
-0.000424964
-0.000450595
-0.000481191
-0.000514874
-0.000549266
-0.000582689
-0.000612777
-0.000638622
-0.000660783
-0.000678108
-0.000690482
-0.000700621
-0.000707874
-0.00071239
-0.000716233
-0.000719288
-0.000720674
-0.000720139
-0.000718666
-0.000716749
-0.000714054
-0.000710014
-0.00070448
-0.000697724
-0.000689926
-0.00068102
-0.000670711
-0.000658628
-0.000644227
-0.000626616
-0.000604249
-0.000574604
-0.000533574
-0.000474353
-0.000385144
-0.000244427
-1.04275e-05
0.000404564
0.0061915
0.00626687
0.00655119
0.00673298
0.0067322
0.00655347
0.00625735
0.00591585
0.00558197
0.00528421
0.00503294
0.00482723
0.0046587
0.00451644
0.00439014
0.00427186
0.00415597
0.00403921
0.0039199
0.00379792
0.00367385
0.00354908
0.00342481
0.00330217
0.00318181
0.00306385
0.00294839
0.00283442
0.00272186
0.00260868
0.00249533
0.0023794
0.00226258
0.00214217
0.00201973
0.0018929
0.00176154
0.00162576
0.00148343
0.00133533
0.0011787
0.00101558
0.000841288
0.000662828
0.000475169
0.000281865
8.81062e-05
-0.000130657
-0.000399855
-0.00069869
-0.00103901
-0.00143182
-0.00184792
-0.00232399
-0.00285632
-0.00343597
-0.0040875
-0.00486794
-0.00573147
-0.00647076
-0.00698443
-0.00724967
-0.00729229
-0.0071215
-0.00663959
-0.0061336
-0.00586108
-0.0056375
-0.00534676
-0.00520396
-0.00525525
-0.00532299
-0.00534109
-0.00536032
-0.00542906
-0.00553361
-0.00562288
-0.00569661
-0.0057609
-0.00579715
-0.00583074
-0.00586604
-0.005878
-0.00589365
-0.00591824
-0.00592443
-0.00591616
-0.00591689
-0.00592828
-0.00594645
-0.00597655
-0.00601277
-0.00605634
-0.00610375
-0.00615804
-0.00622113
-0.00628643
-0.00635877
-0.00642706
-0.00648845
0.00488424
0.00495854
0.00541184
0.00585456
0.00612137
0.00617219
0.00603152
0.00577171
0.00546962
0.00517927
0.00492764
0.00472323
0.00456196
0.00443206
0.00431972
0.00421394
0.00410744
0.00399697
0.00388153
0.00376204
0.00363979
0.00351666
0.0033939
0.00327272
0.00315372
0.00303703
0.00292278
0.00280979
0.00269812
0.00258553
0.00247278
0.00235708
0.0022406
0.00212006
0.00199776
0.00187085
0.00173982
0.00160428
0.00146238
0.00131467
0.00115848
0.000996183
0.000822187
0.000644716
0.00045718
0.000263919
6.98905e-05
-0.000148757
-0.000418945
-0.000715721
-0.00105437
-0.00144599
-0.00185683
-0.00232999
-0.00286094
-0.00343424
-0.00407669
-0.00484951
-0.00570722
-0.00643818
-0.00694793
-0.00721492
-0.00726241
-0.00710015
-0.00662285
-0.00611681
-0.00584833
-0.00563066
-0.00534106
-0.00519821
-0.00524955
-0.00531704
-0.00533554
-0.00535607
-0.00542588
-0.00553088
-0.00562018
-0.00569423
-0.00575911
-0.0057958
-0.00582981
-0.00586555
-0.00587773
-0.00589349
-0.00591824
-0.00592455
-0.00591635
-0.00591706
-0.00592843
-0.00594658
-0.00597663
-0.00601278
-0.0060563
-0.00610371
-0.00615802
-0.00622113
-0.00628642
-0.00635875
-0.00642702
-0.00648842
0.00469513
0.00480054
0.00529553
0.00578299
0.00609065
0.00617444
0.00605453
0.00580179
0.00549583
0.0051955
0.00493216
0.0047172
0.00454866
0.00441537
0.00430258
0.0041977
0.00409204
0.00398158
0.00386511
0.00374381
0.00361936
0.00349407
0.00336939
0.00324665
0.0031264
0.00300888
0.00289399
0.00278066
0.00266855
0.00255562
0.00244234
0.00232626
0.00220934
0.00208858
0.00196613
0.00183852
0.00170722
0.00157086
0.00142889
0.00128102
0.00112521
0.000963479
0.000790368
0.000613433
0.000425865
0.000231729
3.19234e-05
-0.000188812
-0.000457565
-0.000752776
-0.00108418
-0.0014734
-0.00187878
-0.00234329
-0.00287067
-0.00343448
-0.00406163
-0.00480956
-0.00562942
-0.00633411
-0.00683337
-0.007105
-0.00717081
-0.00703266
-0.00658553
-0.00610487
-0.00584819
-0.00563228
-0.00534536
-0.00520375
-0.00525411
-0.00532089
-0.00533831
-0.00535668
-0.00542472
-0.00552923
-0.00561856
-0.00569242
-0.00575702
-0.00579356
-0.0058276
-0.00586351
-0.00587597
-0.00589203
-0.00591699
-0.00592354
-0.00591562
-0.00591663
-0.00592819
-0.00594642
-0.00597659
-0.00601284
-0.00605644
-0.00610383
-0.00615808
-0.00622116
-0.00628646
-0.00635883
-0.00642719
-0.00648848
0.00410562
0.00418976
0.00467885
0.00518647
0.00553734
0.005683
0.00563403
0.0054492
0.00520005
0.00494323
0.00471158
0.00451895
0.00436681
0.00424763
0.00414897
0.00405882
0.00396785
0.00387099
0.0037662
0.00365429
0.00353713
0.00341752
0.00329758
0.00317898
0.00306265
0.00294872
0.00283736
0.00272715
0.00261803
0.00250736
0.0023961
0.00228124
0.00216553
0.00204543
0.00192379
0.00179685
0.00166645
0.00153099
0.0013899
0.00124341
0.001088
0.000928154
0.000755493
0.000579587
0.00039219
0.000196574
-7.47671e-06
-0.000228517
-0.000495015
-0.000789414
-0.00111356
-0.00150044
-0.00190134
-0.00235432
-0.00287731
-0.00343233
-0.00403772
-0.00475444
-0.00554317
-0.00622081
-0.00670655
-0.00698254
-0.0070645
-0.00695272
-0.00653844
-0.00607712
-0.00582601
-0.00561953
-0.00534322
-0.00520402
-0.00524927
-0.00531147
-0.00532959
-0.00535056
-0.005419
-0.00552253
-0.00561091
-0.00568468
-0.00575005
-0.00578736
-0.00582196
-0.00585877
-0.00587227
-0.00588897
-0.00591437
-0.00592152
-0.00591433
-0.00591587
-0.00592778
-0.00594621
-0.00597644
-0.00601272
-0.00605629
-0.00610377
-0.00615811
-0.00622121
-0.00628646
-0.00635883
-0.0064272
-0.00648854
0.0038431
0.00394591
0.00446015
0.00499584
0.00537559
0.00554969
0.00552687
0.0053639
0.00513126
0.00488574
0.00466115
0.00447248
0.0043225
0.00420513
0.00410891
0.00402203
0.00393481
0.0038415
0.00373948
0.00362915
0.00351243
0.00339238
0.00327167
0.00315232
0.00303545
0.00292119
0.00280957
0.00269917
0.00258976
0.00247876
0.00236688
0.00225127
0.00213454
0.00201362
0.00189131
0.00176392
0.00163329
0.00149757
0.00135632
0.00120989
0.0010545
0.000895002
0.000722476
0.000546936
0.000358876
0.000162268
-4.44205e-05
-0.000267909
-0.000532399
-0.000826485
-0.00114482
-0.00152689
-0.00192453
-0.00236538
-0.00288157
-0.00342708
-0.00400937
-0.00469695
-0.00545202
-0.00609865
-0.00656764
-0.00684477
-0.00694179
-0.00685567
-0.00647724
-0.00604644
-0.0058089
-0.00561144
-0.00534456
-0.00520733
-0.00524821
-0.00530829
-0.00532778
-0.00534891
-0.00541521
-0.00551666
-0.00560393
-0.00567727
-0.00574289
-0.00578054
-0.00581535
-0.00585272
-0.00586713
-0.00588442
-0.00591022
-0.00591807
-0.00591181
-0.00591422
-0.00592673
-0.00594552
-0.005976
-0.0060125
-0.00605627
-0.00610386
-0.00615819
-0.00622133
-0.00628662
-0.00635905
-0.00642762
-0.00648868
0.00352028
0.0036145
0.00412416
0.00466051
0.00504572
0.00522957
0.00521979
0.00507189
0.00485552
0.00462691
0.00441951
0.00424789
0.00411447
0.00401274
0.00393102
0.00385734
0.0037821
0.00369957
0.00360731
0.00350569
0.0033969
0.00328404
0.00317013
0.00305711
0.00294638
0.00283761
0.00273108
0.00262489
0.00251935
0.00241158
0.00230274
0.00218968
0.0020751
0.00195621
0.00183549
0.0017102
0.00158086
0.00144719
0.00130678
0.00116255
0.00100797
0.000850167
0.000679138
0.000504114
0.000317056
0.000120171
-8.84428e-05
-0.000313973
-0.000574359
-0.000867477
-0.00118021
-0.00155492
-0.00194969
-0.00237839
-0.00288331
-0.00341985
-0.00398083
-0.00463591
-0.00535673
-0.00597404
-0.00642609
-0.00670521
-0.00681772
-0.00675841
-0.00641929
-0.00601588
-0.00578749
-0.00559843
-0.0053431
-0.00520932
-0.00524496
-0.0052996
-0.00531893
-0.005342
-0.00540809
-0.00550807
-0.00559405
-0.00566679
-0.00573293
-0.00577139
-0.00580665
-0.00584496
-0.00586077
-0.00587897
-0.00590532
-0.00591408
-0.00590895
-0.0059123
-0.0059255
-0.00594474
-0.00597544
-0.00601205
-0.00605592
-0.00610368
-0.00615822
-0.00622141
-0.00628664
-0.00635903
-0.0064276
-0.00648881
0.00329405
0.00338809
0.00389662
0.00442848
0.00480763
0.00498605
0.00497433
0.00483062
0.00462547
0.00441434
0.00422916
0.00408221
0.00397337
0.00389348
0.00382923
0.00376832
0.00370191
0.00362544
0.00353764
0.00343989
0.00333511
0.00322663
0.00311731
0.00300876
0.00290197
0.0027964
0.00269206
0.00258722
0.00248223
0.00237473
0.0022659
0.00215294
0.00203821
0.00191925
0.00179827
0.001673
0.00154357
0.00141009
0.0012695
0.00112557
0.000971048
0.000813617
0.000642987
0.000467685
0.00028102
8.26724e-05
-0.000127254
-0.000354761
-0.000612124
-0.000904147
-0.00121323
-0.00157866
-0.00197148
-0.00238877
-0.00287925
-0.00340792
-0.0039478
-0.00456911
-0.0052567
-0.00584617
-0.00628137
-0.00656052
-0.00668679
-0.00665276
-0.00635002
-0.00597573
-0.00576109
-0.00558353
-0.00534054
-0.00520928
-0.00523948
-0.00529141
-0.00531314
-0.0053382
-0.00540275
-0.0055003
-0.00558477
-0.00565696
-0.00572367
-0.00576287
-0.00579846
-0.00583751
-0.00585443
-0.00587334
-0.00590014
-0.00590973
-0.00590576
-0.00591015
-0.00592408
-0.00594376
-0.00597475
-0.00601162
-0.00605576
-0.00610372
-0.00615827
-0.00622156
-0.00628688
-0.00635935
-0.00642814
-0.00648899
0.00316163
0.00327757
0.00380161
0.0043268
0.00467979
0.00481769
0.00476231
0.00458571
0.00436578
0.00415665
0.0039844
0.00385673
0.00376887
0.00370759
0.00365753
0.00360626
0.00354615
0.00347415
0.00339048
0.00329766
0.00319921
0.00309825
0.00299721
0.00289691
0.00279778
0.00269884
0.00259998
0.00249965
0.00239829
0.00229414
0.00218812
0.00207832
0.00196611
0.0018502
0.00173131
0.00160877
0.00148112
0.00135004
0.00121116
0.00106899
0.000916544
0.000760072
0.000591994
0.000416967
0.000232017
3.35786e-05
-0.000176125
-0.000404408
-0.000658665
-0.000946903
-0.0012526
-0.00160749
-0.00199603
-0.00240312
-0.00287594
-0.00339445
-0.00391541
-0.00450113
-0.00515526
-0.00571915
-0.00613624
-0.00641398
-0.00655332
-0.00654391
-0.00627987
-0.00593648
-0.00573523
-0.00556797
-0.005337
-0.00520918
-0.00523562
-0.00528372
-0.00530545
-0.00533121
-0.00539483
-0.00549099
-0.00557433
-0.00564574
-0.00571265
-0.00575252
-0.0057885
-0.00582848
-0.00584696
-0.00586686
-0.00589426
-0.00590488
-0.00590222
-0.00590772
-0.00592246
-0.0059427
-0.005974
-0.00601106
-0.00605534
-0.00610354
-0.00615829
-0.00622162
-0.00628686
-0.00635928
-0.00642806
-0.00648915
0.00297511
0.00302796
0.003478
0.00393824
0.00425021
0.00437932
0.00434825
0.00421888
0.00405496
0.00389951
0.00377251
0.00367843
0.00361103
0.0035587
0.00351044
0.00345886
0.0033999
0.00333225
0.00325647
0.00317433
0.00308791
0.00299898
0.00290878
0.00281761
0.00272557
0.00263199
0.00253697
0.00243961
0.00234048
0.00223833
0.00213397
0.00202593
0.0019152
0.00180082
0.00168304
0.00156153
0.00143465
0.00130433
0.00116635
0.0010246
0.000873247
0.000716828
0.000550238
0.00037487
0.000190807
-7.85667e-06
-0.000218136
-0.000446615
-0.00069881
-0.000982603
-0.0012865
-0.00163098
-0.00201316
-0.002413
-0.00286622
-0.00337248
-0.00387728
-0.00442745
-0.00504764
-0.00558754
-0.00598732
-0.00626188
-0.00641311
-0.00642805
-0.00620115
-0.00588839
-0.00570216
-0.00554753
-0.0053305
-0.00520635
-0.00522806
-0.00527259
-0.00529624
-0.00532443
-0.00538725
-0.0054813
-0.00556298
-0.00563378
-0.00570133
-0.00574229
-0.00577879
-0.00581967
-0.00583951
-0.0058603
-0.00588825
-0.00589984
-0.0058985
-0.00590519
-0.00592078
-0.00594153
-0.00597317
-0.0060105
-0.00605508
-0.00610348
-0.00615832
-0.00622179
-0.00628719
-0.00635968
-0.00642873
-0.00648937
0.00485505
0.00477412
0.00428563
0.00377934
0.00341552
0.00322938
0.00319933
0.00326401
0.00335911
0.00344051
0.00348701
0.00349326
0.00346461
0.0034123
0.00334723
0.00327705
0.00320604
0.00313605
0.00306699
0.00299791
0.00292739
0.00285434
0.00277799
0.00269794
0.00261417
0.00252674
0.00243624
0.00234272
0.00224688
0.00214815
0.00204694
0.00194233
0.00183475
0.00172357
0.00160863
0.00148963
0.00136522
0.00123675
0.00110142
0.000961022
0.000812337
0.000656869
0.000492779
0.000318564
0.000135771
-6.12646e-05
-0.000271521
-0.000498024
-0.000748132
-0.00102627
-0.00132644
-0.0016613
-0.0020336
-0.00242676
-0.00285981
-0.0033491
-0.00384007
-0.00435529
-0.00493927
-0.00545748
-0.00584085
-0.00611025
-0.0062722
-0.00631026
-0.00612007
-0.00583935
-0.00566949
-0.00552739
-0.00532369
-0.00520329
-0.00522159
-0.00526359
-0.00528792
-0.00531716
-0.00537861
-0.00547067
-0.00555144
-0.00562163
-0.00568931
-0.005731
-0.00576781
-0.0058096
-0.00583112
-0.00585299
-0.00588154
-0.00589426
-0.00589441
-0.00590233
-0.00591884
-0.00594023
-0.00597226
-0.00600985
-0.00605463
-0.0061033
-0.00615834
-0.00622184
-0.00628713
-0.00635957
-0.00642864
-0.00648957
0.00467435
0.00453026
0.00396598
0.00339293
0.00298663
0.00279065
0.00278385
0.00289464
0.00304447
0.00317782
0.00326695
0.00330353
0.00329171
0.00324454
0.00317735
0.00310311
0.00302977
0.0029611
0.00289745
0.00283733
0.00277798
0.002717
0.00265231
0.00258271
0.00250776
0.00242748
0.00234272
0.00225388
0.00216207
0.00206692
0.00196912
0.0018677
0.00176329
0.00165497
0.00154287
0.00142614
0.00130413
0.00117725
0.00104411
0.000905025
0.000758206
0.000603889
0.000441285
0.000268668
8.63566e-05
-0.000108535
-0.000318762
-0.000543175
-0.00079097
-0.0010638
-0.00135916
-0.00168648
-0.00204666
-0.0024332
-0.00284817
-0.00331694
-0.00379518
-0.00427849
-0.00482488
-0.00532231
-0.00569153
-0.00595384
-0.00612427
-0.006185
-0.00603048
-0.0057815
-0.00562888
-0.00550085
-0.00531242
-0.00519693
-0.00521173
-0.00525056
-0.00527596
-0.00530761
-0.00536857
-0.00545885
-0.00553837
-0.00560778
-0.00567596
-0.00571878
-0.00575619
-0.00579901
-0.00582221
-0.00584519
-0.00587444
-0.00588832
-0.00588999
-0.00589927
-0.00591676
-0.00593879
-0.00597121
-0.00600914
-0.00605423
-0.00610312
-0.00615832
-0.00622202
-0.00628752
-0.00636004
-0.00642932
-0.00648983
0.00461888
0.00450002
0.00395094
0.00336757
0.0029282
0.00268162
0.00261844
0.00268203
0.00280265
0.00292538
0.00301819
0.00306783
0.00307296
0.00304167
0.00298646
0.00291998
0.00285154
0.00278666
0.00272709
0.00267229
0.00261987
0.00256698
0.00251099
0.00245006
0.00238333
0.00231039
0.002232
0.00214848
0.00206126
0.00196999
0.00187582
0.00177761
0.00167649
0.00157111
0.00146221
0.00134817
0.00122914
0.00110456
0.000974042
0.00083715
0.000692501
0.00054039
0.000379192
0.000209258
2.75434e-05
-0.000164394
-0.000373688
-0.000595586
-0.0008395
-0.00110776
-0.00139594
-0.00171618
-0.0020631
-0.00244035
-0.00283988
-0.0032844
-0.00374852
-0.00420434
-0.00471127
-0.00518761
-0.00554556
-0.00579939
-0.0059761
-0.00605879
-0.00593884
-0.00572172
-0.00558769
-0.00547435
-0.00530089
-0.00519006
-0.00520188
-0.00523875
-0.0052656
-0.00529897
-0.00535859
-0.00544669
-0.00552526
-0.00559403
-0.00566246
-0.00570625
-0.00574411
-0.00578786
-0.00581286
-0.00583702
-0.00586691
-0.00588203
-0.00588535
-0.005896
-0.0059145
-0.00593726
-0.00597014
-0.00600836
-0.00605375
-0.00610296
-0.00615837
-0.00622206
-0.00628745
-0.00635988
-0.00642926
-0.00649006
0.00447396
0.00434572
0.00378227
0.00318108
0.00272261
0.00245725
0.00237773
0.00242969
0.00254463
0.00266766
0.00276604
0.0028256
0.00284356
0.00282592
0.0027833
0.00272716
0.00266657
0.00260741
0.00255232
0.00250161
0.00245382
0.00240655
0.00235739
0.00230404
0.00224538
0.0021803
0.00210936
0.00203239
0.00195099
0.00186474
0.00177509
0.0016809
0.00158356
0.00148175
0.00137631
0.00126565
0.00114971
0.00102816
0.000900268
0.000766396
0.000624104
0.000475064
0.000315753
0.000148911
-3.10432e-05
-0.000220202
-0.000426652
-0.000646359
-0.000884829
-0.00114878
-0.00142875
-0.00174128
-0.00207598
-0.00244073
-0.00282734
-0.00324675
-0.00369394
-0.00412749
-0.0045952
-0.00504839
-0.00539815
-0.00564338
-0.00582277
-0.00592622
-0.00583974
-0.00565346
-0.00553843
-0.00544105
-0.00528408
-0.0051795
-0.00518914
-0.00522379
-0.00525131
-0.00528666
-0.00534598
-0.00543255
-0.00551034
-0.00557844
-0.00564715
-0.00569208
-0.00573055
-0.0057754
-0.00580235
-0.00582786
-0.00585857
-0.00587501
-0.00588007
-0.00589227
-0.0059119
-0.00593541
-0.00596881
-0.00600746
-0.00605318
-0.00610265
-0.00615826
-0.00622222
-0.00628786
-0.00636041
-0.00642995
-0.00649037
0.00430056
0.00416891
0.00360123
0.00299607
0.00253432
0.00226642
0.00218498
0.00223542
0.00234922
0.00247164
0.0025702
0.00263092
0.00265117
0.00263679
0.00259814
0.0025462
0.00248974
0.00243444
0.00238303
0.00233594
0.00229211
0.00224928
0.0022053
0.00215772
0.00210536
0.00204675
0.00198225
0.00191137
0.00183557
0.00175442
0.00166932
0.00157937
0.00148575
0.00138768
0.00128557
0.00117857
0.00106573
0.000947646
0.000822523
0.000691963
0.000552249
0.000406278
0.000249344
8.51859e-05
-9.19506e-05
-0.00027901
-0.000481251
-0.000698871
-0.000931414
-0.00119003
-0.0014627
-0.00176534
-0.00208946
-0.00243929
-0.00281301
-0.00320935
-0.00363502
-0.00404986
-0.00448097
-0.00490819
-0.00525194
-0.00548997
-0.00566891
-0.00579156
-0.00573788
-0.00558186
-0.00548657
-0.00540612
-0.00526595
-0.0051676
-0.00517512
-0.00520835
-0.00523763
-0.00527553
-0.00533404
-0.00541831
-0.00549518
-0.0055627
-0.00563171
-0.00567796
-0.00571706
-0.00576286
-0.0057918
-0.00581864
-0.00585006
-0.00586789
-0.0058748
-0.00588852
-0.00590929
-0.00593363
-0.00596756
-0.00600656
-0.00605264
-0.0061025
-0.00615836
-0.00622229
-0.00628782
-0.00636024
-0.00642991
-0.00649063
0.00412281
0.00399045
0.00342124
0.00281433
0.00235063
0.00208052
0.00199671
0.0020448
0.00215653
0.00227741
0.00237513
0.00243578
0.00245676
0.00244381
0.00240727
0.00235796
0.00230459
0.00225266
0.00220491
0.00216168
0.00212199
0.00208359
0.00204437
0.00200193
0.00195498
0.00190208
0.00184333
0.00177828
0.001708
0.0016323
0.00155213
0.00146707
0.00137771
0.00128397
0.00118564
0.00108273
0.000973519
0.000859228
0.000737533
0.00061047
0.000474165
0.000331242
0.000177811
1.62767e-05
-0.000156801
-0.000341491
-0.000538654
-0.000753096
-0.000979575
-0.00123117
-0.00149703
-0.00178779
-0.00210177
-0.00243583
-0.00279503
-0.00317108
-0.00357217
-0.0039698
-0.00436938
-0.00476723
-0.00510494
-0.00533897
-0.00551398
-0.00565298
-0.00563189
-0.00550411
-0.00542769
-0.00536512
-0.00524282
-0.00515217
-0.00515875
-0.00519106
-0.00522101
-0.00526036
-0.00531872
-0.00540178
-0.00547834
-0.00554538
-0.00561445
-0.0056618
-0.00570153
-0.00574842
-0.00577956
-0.00580803
-0.00584038
-0.0058597
-0.00586856
-0.00588401
-0.00590606
-0.00593129
-0.00596587
-0.00600538
-0.00605186
-0.00610199
-0.00615811
-0.00622239
-0.00628821
-0.00636081
-0.00643061
-0.00649099
0.00394127
0.00380842
0.0032382
0.00262986
0.00216452
0.00189268
0.0018072
0.00185384
0.00196448
0.00208466
0.00218215
0.00224304
0.00226477
0.00225308
0.0022183
0.00217118
0.0021204
0.00207141
0.00202687
0.00198712
0.00195114
0.00191672
0.00188172
0.00184379
0.00180154
0.00175365
0.00169995
0.00164017
0.00157497
0.00150447
0.00142915
0.00134902
0.00126412
0.00117484
0.00108059
0.000981813
0.000876637
0.000766149
0.000648375
0.000524778
0.000392529
0.000252761
0.000103569
-5.4948e-05
-0.000223474
-0.000404788
-0.000597072
-0.000806458
-0.00102766
-0.00127049
-0.00152966
-0.00180826
-0.00211104
-0.00243024
-0.00277282
-0.00313103
-0.00350664
-0.00388596
-0.00425986
-0.00462709
-0.00495615
-0.00518984
-0.00535951
-0.00551062
-0.0055217
-0.00542183
-0.0053638
-0.00531977
-0.00521637
-0.00513418
-0.00513976
-0.00517148
-0.00520298
-0.00524553
-0.005304
-0.00538482
-0.00546065
-0.00552725
-0.00559663
-0.0056457
-0.00568635
-0.0057342
-0.00576751
-0.00579752
-0.00583069
-0.00585157
-0.0058625
-0.00587966
-0.005903
-0.0059292
-0.00596438
-0.00600434
-0.00605126
-0.00610188
-0.00615829
-0.00622247
-0.00628821
-0.00636064
-0.00643059
-0.00649129
0.00376098
0.00362704
0.00305505
0.00244503
0.0019783
0.00170538
0.00161915
0.00166535
0.00177582
0.00189608
0.00199387
0.00205529
0.00207776
0.00206705
0.00203348
0.00198788
0.00193888
0.00189198
0.0018498
0.00181272
0.00177965
0.00174845
0.0017169
0.00168275
0.00164448
0.00160087
0.00155161
0.00149649
0.00143595
0.00137018
0.00129953
0.00122404
0.00114373
0.00105881
0.000968944
0.000874247
0.000773503
0.000666918
0.000553472
0.000433582
0.000305768
0.000169744
2.49703e-05
-0.000129577
-0.00029364
-0.000470207
-0.000657841
-0.000860699
-0.00107661
-0.00131
-0.00156136
-0.00182851
-0.00211806
-0.00242379
-0.00274793
-0.0030892
-0.003441
-0.00379943
-0.00415303
-0.00449046
-0.00480769
-0.00504424
-0.00520769
-0.00536578
-0.00540856
-0.00533592
-0.00529432
-0.00526885
-0.00518532
-0.00511265
-0.00511865
-0.00515097
-0.00518362
-0.00522729
-0.00528569
-0.00536567
-0.00544158
-0.00550808
-0.00557736
-0.00562754
-0.00566885
-0.00571772
-0.00575348
-0.0057854
-0.00581963
-0.00584214
-0.00585524
-0.0058743
-0.00589905
-0.00592629
-0.00596226
-0.00600282
-0.0060502
-0.00610111
-0.00615783
-0.00622252
-0.00628855
-0.00636123
-0.00643129
-0.00649168
0.00357939
0.00344507
0.00287216
0.00226114
0.00179352
0.00151992
0.00143327
0.0014793
0.0015898
0.00171024
0.00180833
0.00187017
0.00189317
0.00188314
0.00185041
0.00180584
0.0017581
0.00171273
0.00167235
0.00163736
0.00160665
0.00157812
0.0015495
0.00151858
0.00148381
0.00144395
0.00139864
0.00134763
0.00129134
0.00122987
0.00116367
0.00109262
0.0010169
0.000936372
0.000851052
0.000760603
0.000664487
0.00056213
0.000453258
0.000337513
0.000214344
8.27433e-05
-5.75065e-05
-0.00020715
-0.000366744
-0.000537362
-0.000720172
-0.000915569
-0.00112527
-0.00134938
-0.0015911
-0.00184785
-0.0021226
-0.00241542
-0.002721
-0.00304453
-0.00337579
-0.00371078
-0.00404626
-0.00435849
-0.0046593
-0.0048991
-0.00505905
-0.00521913
-0.00529109
-0.00524574
-0.00521958
-0.00521222
-0.00514954
-0.00508793
-0.00509455
-0.00512695
-0.00516125
-0.00520767
-0.00526729
-0.00534561
-0.00542117
-0.00548744
-0.00555684
-0.00560907
-0.00565165
-0.00570146
-0.00573955
-0.0057733
-0.0058085
-0.00583275
-0.00584817
-0.00586916
-0.00589539
-0.00592375
-0.00596047
-0.00600161
-0.00604954
-0.00610103
-0.0061581
-0.00622262
-0.00628861
-0.00636108
-0.00643129
-0.00649203
0.00339866
0.00326395
0.00269018
0.00207825
0.00160987
0.00133572
0.00124874
0.00129467
0.00140524
0.00152587
0.00162423
0.00168644
0.00170991
0.00170043
0.00166837
0.00162463
0.00157791
0.00153377
0.00149487
0.00146158
0.00143285
0.00140653
0.00138042
0.00135224
0.0013205
0.0012839
0.00124212
0.00119479
0.0011424
0.00108492
0.00102291
0.000956094
0.000884805
0.00080865
0.000727819
0.000641808
0.000550264
0.000452553
0.000348231
0.000237229
0.000118636
-7.81508e-06
-0.000143401
-0.000287531
-0.000442041
-0.000606355
-0.000783159
-0.000971248
-0.00117317
-0.00138858
-0.00161925
-0.00186576
-0.00212561
-0.00240473
-0.0026931
-0.00299753
-0.00331066
-0.00362187
-0.00394006
-0.00423208
-0.00451297
-0.00475528
-0.00491508
-0.00507229
-0.00517009
-0.0051528
-0.00514055
-0.00514971
-0.00510857
-0.00505895
-0.00506711
-0.00510176
-0.00513796
-0.00518589
-0.00524561
-0.00532316
-0.00539927
-0.00546591
-0.00553527
-0.00558882
-0.00563223
-0.00568297
-0.00572366
-0.00575966
-0.00579607
-0.00582209
-0.00583986
-0.0058629
-0.00589068
-0.00592023
-0.00595785
-0.00599967
-0.00604811
-0.00609994
-0.00615738
-0.00622249
-0.00628886
-0.00636165
-0.00643197
-0.00649245
0.00321896
0.00308395
0.00250938
0.00189658
0.00142747
0.00115278
0.00106553
0.0011114
0.00122209
0.00134294
0.00144162
0.00150418
0.00152807
0.00151907
0.00148759
0.00144454
0.00139868
0.00135556
0.00131789
0.00128602
0.00125894
0.00123446
0.00121045
0.0011846
0.00115547
0.0011217
0.00108301
0.00103898
0.000990106
0.000936326
0.000878199
0.000815453
0.000748343
0.000676534
0.000600042
0.000518563
0.000431526
0.000338647
0.000238987
0.000132999
1.9203e-05
-0.000101757
-0.000232217
-0.000370453
-0.000519236
-0.000676995
-0.000846793
-0.00102767
-0.00122054
-0.0014275
-0.00164632
-0.0018821
-0.00212785
-0.0023918
-0.00266493
-0.00294914
-0.00324539
-0.00353486
-0.0038341
-0.00411069
-0.00437098
-0.00461206
-0.00477538
-0.00492751
-0.00504551
-0.00505638
-0.0050577
-0.00508137
-0.00506187
-0.00502607
-0.00503716
-0.00507342
-0.0051112
-0.00516127
-0.00522262
-0.00529943
-0.00537584
-0.00544269
-0.00551204
-0.00556767
-0.00561271
-0.00566433
-0.00570746
-0.00574564
-0.00578324
-0.00581115
-0.0058315
-0.00585673
-0.0058862
-0.00591708
-0.00595565
-0.00599822
-0.00604738
-0.00609989
-0.00615774
-0.00622272
-0.00628898
-0.00636157
-0.00643202
-0.00649285
0.00304022
0.00290506
0.0023299
0.0017164
0.00124665
0.000971464
0.000883933
0.00092974
0.00104055
0.00116164
0.00126064
0.00132356
0.00134784
0.00133926
0.00130826
0.00126577
0.00122062
0.00117835
0.0011417
0.00111104
0.00108534
0.00106244
0.00104019
0.00101634
0.000989434
0.00095817
0.000922194
0.000881134
0.000835388
0.000785014
0.000730415
0.000671525
0.000608343
0.000540781
0.000468495
0.000391552
0.000308995
0.000221027
0.000126177
2.53491e-05
-8.33145e-05
-0.000198714
-0.000323362
-0.000455726
-0.000597879
-0.000749185
-0.000910997
-0.00108446
-0.00126785
-0.00146557
-0.00167305
-0.00189673
-0.00212958
-0.00237734
-0.00263606
-0.00290075
-0.00317975
-0.0034505
-0.00372938
-0.00399352
-0.004235
-0.00447014
-0.00463964
-0.00478634
-0.00491778
-0.00495677
-0.00497203
-0.00500772
-0.00500967
-0.00498863
-0.00500293
-0.00504209
-0.00508322
-0.00513505
-0.00519703
-0.00527315
-0.00535047
-0.00541845
-0.00548781
-0.00554509
-0.00559138
-0.00564383
-0.00568959
-0.00573038
-0.00576942
-0.00579925
-0.00582213
-0.00584957
-0.00588073
-0.00591291
-0.00595247
-0.00599578
-0.00604549
-0.0060984
-0.00615669
-0.00622231
-0.00628913
-0.00636206
-0.00643262
-0.00649329
0.00286259
0.00272738
0.00215184
0.00153784
0.0010676
0.000791997
0.000704189
0.000749893
0.000860779
0.000982075
0.00108138
0.00114465
0.00116931
0.00116111
0.00113053
0.00108851
0.00104394
0.00100239
0.000966624
0.000937012
0.00091252
0.000890995
0.000870277
0.000848168
0.000823196
0.000794151
0.000760572
0.000722203
0.000679266
0.000632006
0.000580633
0.000525338
0.000465861
0.000402358
0.000334179
0.000261641
0.000183593
0.000100434
1.06047e-05
-8.5083e-05
-0.000188254
-0.000298095
-0.000416444
-0.00054273
-0.000677793
-0.000822289
-0.000975807
-0.00114123
-0.00131514
-0.00150282
-0.00169938
-0.00191009
-0.00213073
-0.00236216
-0.00260654
-0.00285336
-0.00311432
-0.00336918
-0.00362741
-0.0038798
-0.00410602
-0.00433101
-0.0045068
-0.00465037
-0.00478893
-0.0048536
-0.00488399
-0.00492987
-0.00495111
-0.00494609
-0.00496581
-0.00500834
-0.00505223
-0.00510573
-0.00516921
-0.00524518
-0.00532335
-0.00539245
-0.0054619
-0.00552111
-0.00556932
-0.00562262
-0.00567085
-0.00571428
-0.00575476
-0.00578658
-0.0058122
-0.00584208
-0.00587516
-0.00590894
-0.00594974
-0.00599404
-0.00604465
-0.00609837
-0.00615714
-0.00622269
-0.00628927
-0.00636209
-0.00643277
-0.00649372
0.00268664
0.00255135
0.00197551
0.00136113
0.000890534
0.000614613
0.000526578
0.000572176
0.000683098
0.000804552
0.000904113
0.00096772
0.000992748
0.000984926
0.000954732
0.000913142
0.000869064
0.000828137
0.000793124
0.000764443
0.000741011
0.000720726
0.000701356
0.000680801
0.000657523
0.000630446
0.000599007
0.000563065
0.000522693
0.000478269
0.000429889
0.000377892
0.000321932
0.000262222
0.000198064
0.000129734
5.62157e-05
-2.22431e-05
-0.000106917
-0.000197442
-0.000294902
-0.0003991
-0.000510911
-0.000630865
-0.000758616
-0.000895912
-0.00104112
-0.00119777
-0.00136248
-0.00153928
-0.00172538
-0.00192279
-0.00213115
-0.00234724
-0.00257652
-0.00280754
-0.0030501
-0.00329059
-0.00352968
-0.00376919
-0.00398386
-0.00419648
-0.00437664
-0.00451988
-0.00466041
-0.00474717
-0.00479389
-0.00484829
-0.00488706
-0.00489896
-0.00492457
-0.00497054
-0.00501876
-0.00507461
-0.00513928
-0.00521473
-0.00529383
-0.0053649
-0.00543489
-0.00549592
-0.00554599
-0.00560009
-0.00565073
-0.00569706
-0.00573935
-0.00577328
-0.00580164
-0.00583395
-0.0058689
-0.00590408
-0.00594591
-0.00599101
-0.00604222
-0.0060964
-0.00615569
-0.00622195
-0.00628924
-0.00636243
-0.00643322
-0.00649416
0.00251289
0.00237741
0.00180119
0.00118645
0.00071557
0.000439435
0.000351262
0.000396808
0.000507766
0.000629349
0.000729123
0.000793024
0.000818398
0.000810959
0.000781155
0.000739987
0.000696367
0.000655996
0.000621646
0.000593792
0.00057132
0.000552162
0.000534032
0.000514884
0.000493146
0.000467831
0.000438343
0.0004046
0.000366614
0.000324793
0.000279219
0.00023027
0.000177651
0.000121515
6.12603e-05
-3.01882e-06
-7.2074e-05
-0.000145951
-0.000225481
-0.000310847
-0.000402537
-0.000500986
-0.000606275
-0.00071957
-0.000840083
-0.000969659
-0.00110677
-0.00125414
-0.00140972
-0.00157557
-0.00175096
-0.00193553
-0.00213121
-0.00233303
-0.00254695
-0.00276362
-0.00298834
-0.0032151
-0.00343732
-0.00366275
-0.0038685
-0.00406848
-0.0042493
-0.00439458
-0.00453459
-0.00463813
-0.0047015
-0.00476462
-0.00481779
-0.00484605
-0.00487952
-0.00492988
-0.00498256
-0.00504053
-0.00510678
-0.00518231
-0.00526232
-0.0053355
-0.00540616
-0.00546906
-0.00552135
-0.00557631
-0.00562927
-0.00567869
-0.00572289
-0.00575892
-0.00579013
-0.00582504
-0.00586209
-0.00589916
-0.00594254
-0.00598889
-0.00604123
-0.00609634
-0.0061562
-0.00622246
-0.00628952
-0.00636261
-0.00643355
-0.00649465
0.00234199
0.00220622
0.00162953
0.00101439
0.00054323
0.000266949
0.000178731
0.000224311
0.000335361
0.000457095
0.000557074
0.000621249
0.00064695
0.000639889
0.000610486
0.000569753
0.000526597
0.000486764
0.000453037
0.000425943
0.000404361
0.000386247
0.000369283
0.000351443
0.000331143
0.000307438
0.00027975
0.000248013
0.000212252
0.000172835
0.000129906
8.37832e-05
3.43231e-05
-1.84522e-05
-7.49593e-05
-0.00013534
-0.000200073
-0.00026946
-0.000343984
-0.000424154
-0.000510163
-0.000602709
-0.000701589
-0.000808027
-0.00092132
-0.00104299
-0.00117201
-0.00131001
-0.00145638
-0.00161138
-0.001776
-0.00194832
-0.00213109
-0.00231979
-0.00251836
-0.00272146
-0.00292965
-0.00314232
-0.00335033
-0.00356125
-0.00375898
-0.00394779
-0.00412598
-0.00427427
-0.00441285
-0.00452794
-0.00460743
-0.00467911
-0.00474424
-0.00478846
-0.00483087
-0.00488549
-0.00494321
-0.00500451
-0.00507244
-0.00514798
-0.0052286
-0.0053042
-0.00537623
-0.00544113
-0.00549579
-0.00555169
-0.00560673
-0.00565933
-0.00570576
-0.005744
-0.00577799
-0.00581556
-0.00585473
-0.00589338
-0.00593791
-0.00598513
-0.00603815
-0.00609381
-0.00615429
-0.00622135
-0.0062892
-0.00636274
-0.00643383
-0.00649501
0.00217302
0.00203703
0.00145991
0.000844362
0.000372939
9.65377e-05
8.32428e-06
5.40007e-05
0.0001652
0.000287121
0.000387319
0.000451757
0.000477768
0.000471067
0.000442063
0.000401772
0.000359097
0.000319804
0.000286693
0.000260322
0.000239589
0.000222464
0.000206625
0.000190042
0.000171139
0.000148973
0.000123009
9.31749e-05
5.95422e-05
2.24291e-05
-1.79601e-05
-6.13702e-05
-0.000107822
-0.000157373
-0.000210301
-0.000266892
-0.000327469
-0.000392464
-0.000462171
-0.000537214
-0.000617698
-0.000704332
-0.000796959
-0.00089648
-0.00100263
-0.00111628
-0.00123719
-0.00136593
-0.00150285
-0.00164746
-0.001801
-0.00196173
-0.00213168
-0.0023078
-0.0024919
-0.00268159
-0.00287482
-0.00307326
-0.0032684
-0.00346525
-0.00365448
-0.00383414
-0.00400724
-0.00415745
-0.00429569
-0.00441806
-0.00451124
-0.00459204
-0.00466707
-0.00472534
-0.0047776
-0.0048375
-0.00490055
-0.00496528
-0.0050352
-0.00511132
-0.00519251
-0.0052705
-0.00534423
-0.00541134
-0.00546871
-0.00552561
-0.00558254
-0.00563853
-0.00568752
-0.0057281
-0.00576507
-0.00580547
-0.00584694
-0.00588761
-0.00593388
-0.0059826
-0.00603694
-0.00609368
-0.00615482
-0.00622195
-0.00628962
-0.00636308
-0.00643425
-0.0064956
0.00200984
0.00187387
0.0012965
0.000680656
0.000209007
-6.75125e-05
-0.000155731
-0.000109966
1.38057e-06
0.000123484
0.000223888
0.000288558
0.000314834
0.000308441
0.000279784
0.000239883
0.00019764
0.000158829
0.000126264
0.000100523
8.05291e-05
6.42641e-05
4.94218e-05
3.39592e-05
1.63165e-05
-4.46248e-06
-2.88687e-05
-5.69824e-05
-8.86758e-05
-0.000123668
-0.000161704
-0.000202579
-0.000246237
-0.000292778
-0.000342399
-0.000395438
-0.000452161
-0.000513011
-0.000578234
-0.000648381
-0.000723622
-0.000804527
-0.000891116
-0.000983972
-0.00108314
-0.00118908
-0.00130198
-0.00142188
-0.0015495
-0.00168414
-0.00182692
-0.00197661
-0.00213423
-0.00229837
-0.00246893
-0.00264563
-0.00282545
-0.00301001
-0.00319356
-0.00337746
-0.0035577
-0.0037294
-0.00389597
-0.00404679
-0.00418483
-0.00431089
-0.00441521
-0.00450502
-0.00458836
-0.00465896
-0.00472148
-0.00478699
-0.00485519
-0.00492416
-0.00499658
-0.00507352
-0.00515503
-0.00523508
-0.00531085
-0.00538044
-0.00544084
-0.00549896
-0.00555735
-0.00561646
-0.00566827
-0.0057112
-0.00575086
-0.00579403
-0.00583793
-0.00588052
-0.0059282
-0.00597797
-0.00603312
-0.00609053
-0.00615239
-0.00622042
-0.00628893
-0.00636295
-0.00643435
-0.00649584
0.00184341
0.00170745
0.00112983
0.000513804
4.2137e-05
-0.000234207
-0.000322069
-0.000275809
-0.000163881
-4.11418e-05
5.9934e-05
0.000125311
0.000152333
0.000146729
0.000118911
7.99019e-05
3.86044e-05
7.93071e-07
-3.07113e-05
-5.53253e-05
-7.41102e-05
-8.90779e-05
-0.000102522
-0.000116496
-0.00013255
-0.000151653
-0.000174273
-0.000200489
-0.000230139
-0.000262949
-0.000298634
-0.000337005
-0.00037796
-0.000421585
-0.000468029
-0.00051762
-0.000570616
-0.000627437
-0.00068833
-0.000753758
-0.000823949
-0.000899346
-0.00098012
-0.00106661
-0.00115906
-0.00125766
-0.00136277
-0.00147435
-0.00159295
-0.0017182
-0.00185069
-0.00198983
-0.00213596
-0.00228848
-0.00244669
-0.00261085
-0.0027783
-0.00294997
-0.00312228
-0.00329454
-0.00346538
-0.00362977
-0.00378988
-0.00393934
-0.00407734
-0.00420565
-0.00431806
-0.00441639
-0.00450734
-0.00458821
-0.00466055
-0.00473243
-0.00480598
-0.0048794
-0.00495499
-0.0050334
-0.00511552
-0.00519756
-0.00527534
-0.00534764
-0.00541182
-0.0054716
-0.00553119
-0.0055936
-0.00564879
-0.00569439
-0.0057369
-0.00578297
-0.00582934
-0.00587404
-0.00592355
-0.00597496
-0.00603162
-0.00609022
-0.00615286
-0.00622107
-0.00628948
-0.00636345
-0.0064349
-0.00649652
0.00167951
0.00154271
0.000964093
0.000347307
-0.000124814
-0.000401317
-0.000489095
-0.000442602
-0.000330373
-0.000207307
-0.000105892
-4.01622e-05
-1.27631e-05
-1.79506e-05
-4.52963e-05
-8.37666e-05
-0.000124446
-0.000161555
-0.000192263
-0.000215982
-0.000233758
-0.0002476
-0.000259787
-0.000272374
-0.000286907
-0.00030436
-0.000325187
-0.00034947
-0.000377021
-0.000407563
-0.000440793
-0.000476521
-0.00051463
-0.00055519
-0.000598326
-0.000644337
-0.000693485
-0.000746155
-0.000802615
-0.000863252
-0.000928317
-0.000998171
-0.00107304
-0.00115318
-0.00123884
-0.00133017
-0.00142749
-0.00153082
-0.00164054
-0.00175651
-0.001879
-0.00200783
-0.00214295
-0.00228419
-0.00243079
-0.00258284
-0.00273875
-0.00289824
-0.00305969
-0.00322137
-0.00338276
-0.00354008
-0.00369366
-0.00384023
-0.00397759
-0.00410671
-0.00422422
-0.00432965
-0.0044271
-0.00451628
-0.00459764
-0.00467589
-0.00475457
-0.00483232
-0.00491121
-0.00499151
-0.00507419
-0.00515782
-0.00523754
-0.00531243
-0.00538057
-0.00544248
-0.00550282
-0.00556792
-0.00562674
-0.0056752
-0.00572032
-0.00576927
-0.00581841
-0.00586541
-0.00591663
-0.00596933
-0.006027
-0.00608643
-0.0061499
-0.0062191
-0.00628839
-0.00636301
-0.00643477
-0.0064966
0.00154605
0.00141075
0.000833372
0.000217568
-0.000253737
-0.000529536
-0.000616665
-0.000569531
-0.000456656
-0.000332952
-0.000230922
-0.000164609
-0.000136664
-0.000141338
-0.000168189
-0.000206173
-0.000246361
-0.000282974
-0.000313178
-0.00033639
-0.000353659
-0.000366995
-0.000378673
-0.000390745
-0.000404741
-0.000421628
-0.000441834
-0.000465421
-0.000492164
-0.000521762
-0.000553877
-0.000588303
-0.000624901
-0.000663725
-0.000704878
-0.000748634
-0.000795241
-0.00084506
-0.000898359
-0.000955484
-0.00101668
-0.00108225
-0.00115242
-0.00122741
-0.00130745
-0.00139267
-0.00148333
-0.0015795
-0.00168145
-0.00178914
-0.00190278
-0.00202224
-0.00214754
-0.00227849
-0.00241467
-0.00255578
-0.00270103
-0.00284963
-0.00300083
-0.00315284
-0.00330526
-0.00345561
-0.00360311
-0.00374631
-0.00388253
-0.0040121
-0.00413305
-0.00424418
-0.00434763
-0.00444368
-0.00453308
-0.00461772
-0.00470182
-0.0047842
-0.00486674
-0.00494989
-0.00503365
-0.00511893
-0.00520077
-0.00527777
-0.0053501
-0.0054152
-0.00547623
-0.00554349
-0.00560623
-0.0056579
-0.0057056
-0.00575726
-0.00580903
-0.00585823
-0.00591133
-0.00596576
-0.00602507
-0.00608581
-0.00615018
-0.0062197
-0.00628902
-0.00636364
-0.00643545
-0.00649738
0.00128437
0.00114922
0.000572868
-3.98634e-05
-0.000506017
-0.00077479
-0.000853524
-0.000797581
-0.000676379
-0.000545353
-0.000437181
-0.000365904
-0.000334008
-0.000335383
-0.000359167
-0.000393976
-0.000430686
-0.000463459
-0.000489495
-0.000508307
-0.000521073
-0.000529947
-0.000537321
-0.000545329
-0.000555535
-0.000568904
-0.000585833
-0.000606325
-0.000630086
-0.000656741
-0.000685893
-0.000717285
-0.000750756
-0.000786332
-0.000824105
-0.000864311
-0.000907178
-0.000953027
-0.00100213
-0.00105479
-0.00111127
-0.00117181
-0.00123664
-0.00130594
-0.00137992
-0.0014587
-0.0015425
-0.00163138
-0.00172561
-0.00182514
-0.00193019
-0.0020406
-0.00215646
-0.00227749
-0.00240355
-0.00253419
-0.00266906
-0.00280737
-0.00294854
-0.00309142
-0.00323511
-0.00337841
-0.00351974
-0.00365855
-0.00379242
-0.00392114
-0.00404355
-0.00415817
-0.00426636
-0.00436755
-0.00446365
-0.00455418
-0.0046433
-0.00473035
-0.00481623
-0.00490269
-0.00498795
-0.00507457
-0.00515893
-0.00523774
-0.00531385
-0.00538335
-0.00544553
-0.00551415
-0.00558094
-0.00563651
-0.00568687
-0.00574131
-0.00579618
-0.00584804
-0.00590316
-0.00595913
-0.00601968
-0.00608143
-0.00614673
-0.00621731
-0.00628753
-0.00636286
-0.00643507
-0.00649725
0.0012982
0.00116659
0.000592957
-1.96372e-05
-0.000488939
-0.000764435
-0.000853148
-0.000809048
-0.00069983
-0.000579601
-0.000480275
-0.000415528
-0.000387836
-0.000391505
-0.000416424
-0.000452027
-0.000489869
-0.000524556
-0.000553448
-0.000575999
-0.000593152
-0.000606718
-0.000618729
-0.000631008
-0.000644901
-0.000661246
-0.000680411
-0.000702434
-0.00072712
-0.000754202
-0.000783402
-0.000814546
-0.000847543
-0.000882437
-0.00091934
-0.000958462
-0.00100004
-0.00104434
-0.00109161
-0.00114208
-0.00119596
-0.00125343
-0.0013147
-0.0013799
-0.00144928
-0.00152293
-0.00160111
-0.00168386
-0.00177144
-0.00186385
-0.0019613
-0.00206368
-0.00217111
-0.0022834
-0.00240044
-0.00252192
-0.00264749
-0.00277669
-0.00290882
-0.00304331
-0.00317899
-0.00331536
-0.00345077
-0.00358487
-0.00371596
-0.00384315
-0.0039661
-0.00408283
-0.00419475
-0.00430014
-0.00440149
-0.00449744
-0.00459088
-0.00468248
-0.00477136
-0.00486089
-0.00494845
-0.00503579
-0.00512267
-0.0052033
-0.0052817
-0.00535592
-0.00542009
-0.00548902
-0.0055591
-0.00561877
-0.00567163
-0.00572829
-0.00578581
-0.00584002
-0.00589706
-0.0059548
-0.0060171
-0.00608028
-0.00614662
-0.00621772
-0.00628813
-0.00636355
-0.00643585
-0.00649811
-0.00197899
-0.00186265
-0.00130627
-0.000712707
-0.000263588
-8.98576e-06
5.84464e-05
-7.0714e-06
-0.000137789
-0.000279747
-0.000401251
-0.000488854
-0.000540351
-0.0005618
-0.000563528
-0.000556167
-0.000548078
-0.000544535
-0.0005481
-0.000559321
-0.000577292
-0.000600318
-0.000626504
-0.000654219
-0.000682304
-0.000710142
-0.000737566
-0.000764766
-0.000792134
-0.000820164
-0.000849324
-0.000880025
-0.000912576
-0.0009472
-0.000984045
-0.00102321
-0.00106477
-0.0011088
-0.0011554
-0.00120468
-0.00125681
-0.00131195
-0.00137034
-0.00143214
-0.00149761
-0.0015669
-0.00164024
-0.00171774
-0.00179962
-0.00188593
-0.00197683
-0.00207232
-0.00217242
-0.0022771
-0.00238617
-0.00249957
-0.00261684
-0.00273786
-0.00286185
-0.0029886
-0.00311704
-0.00324678
-0.0033767
-0.00350602
-0.00363409
-0.00375923
-0.00388193
-0.00399974
-0.00411412
-0.00422309
-0.00432835
-0.00442949
-0.00452697
-0.00462308
-0.00471577
-0.00480813
-0.00489923
-0.00498794
-0.00507726
-0.00516097
-0.00524117
-0.00532026
-0.00538844
-0.00545788
-0.00553076
-0.00559544
-0.0056516
-0.00571073
-0.00577141
-0.00582863
-0.00588794
-0.00594743
-0.00601116
-0.00607552
-0.00614287
-0.00621503
-0.00628633
-0.00636249
-0.00643523
-0.00649777
0.00109227
0.000961023
0.000387357
-0.000225691
-0.000695856
-0.000972627
-0.00106283
-0.00102018
-0.000912184
-0.000792888
-0.000694231
-0.000629937
-0.000602471
-0.000606146
-0.000630912
-0.000666304
-0.000703994
-0.000738687
-0.000767762
-0.000790633
-0.000808158
-0.00082204
-0.000834214
-0.000846423
-0.000859967
-0.000875656
-0.000893856
-0.000914607
-0.000937732
-0.000962971
-0.000990064
-0.00101882
-0.00104915
-0.00108104
-0.00111458
-0.00114991
-0.00118722
-0.00122673
-0.00126866
-0.0013132
-0.00136056
-0.0014109
-0.0014644
-0.00152119
-0.00158146
-0.00164533
-0.00171298
-0.00178452
-0.00186009
-0.00193978
-0.0020237
-0.00211193
-0.00220444
-0.00230132
-0.00240235
-0.00250759
-0.00261661
-0.00272941
-0.00284535
-0.00296423
-0.00308536
-0.00320816
-0.00333215
-0.0034561
-0.0035801
-0.00370216
-0.00382307
-0.0039405
-0.00405541
-0.00416646
-0.00427383
-0.00437837
-0.00447878
-0.00457778
-0.00467382
-0.00476774
-0.00486143
-0.00495143
-0.00504166
-0.00512825
-0.00520939
-0.00529125
-0.0053638
-0.0054337
-0.00550754
-0.00557647
-0.00563579
-0.00569665
-0.00575966
-0.00581939
-0.00588072
-0.00594203
-0.00600759
-0.00607354
-0.00614209
-0.00621502
-0.00628673
-0.00636312
-0.00643602
-0.00649867
-0.00232262
-0.00220113
-0.00163783
-0.00103593
-0.000577822
-0.000314152
-0.000238117
-0.000295945
-0.000420007
-0.000556188
-0.000672524
-0.000755319
-0.000802155
-0.000818751
-0.00081524
-0.000802232
-0.000788217
-0.000778639
-0.000776216
-0.00078163
-0.000794087
-0.000811954
-0.000833359
-0.000856645
-0.000880603
-0.000904542
-0.000928223
-0.000951759
-0.000975482
-0.000999834
-0.00102526
-0.00105214
-0.00108078
-0.0011114
-0.00114414
-0.00117908
-0.00121627
-0.00125576
-0.00129759
-0.00134183
-0.00138858
-0.00143795
-0.00149009
-0.00154515
-0.00160329
-0.00166465
-0.0017294
-0.00179767
-0.00186961
-0.00194532
-0.00202489
-0.00210843
-0.00219592
-0.00228743
-0.00238286
-0.00248223
-0.00258527
-0.00269194
-0.00280184
-0.00291474
-0.00303024
-0.00314771
-0.00326694
-0.00338679
-0.00350749
-0.00362727
-0.00374671
-0.00386408
-0.00397965
-0.00409275
-0.00420255
-0.00431032
-0.0044144
-0.00451655
-0.00461674
-0.00471342
-0.00481028
-0.00490336
-0.00499507
-0.00508539
-0.00516917
-0.00525333
-0.00533124
-0.0054039
-0.00547873
-0.00555194
-0.00561571
-0.00567908
-0.0057448
-0.00580761
-0.00587141
-0.00593454
-0.0060016
-0.00606881
-0.00613836
-0.00621229
-0.00628481
-0.0063619
-0.00643524
-0.00649818
0.000898218
0.000765743
0.000190632
-0.000423573
-0.000894285
-0.00117082
-0.00126001
-0.00121583
-0.00110609
-0.000985131
-0.00088504
-0.000819621
-0.00079137
-0.000794623
-0.00081925
-0.000854627
-0.000892242
-0.000926657
-0.000955196
-0.000977262
-0.00099375
-0.00100642
-0.00101728
-0.00102813
-0.00104029
-0.00105461
-0.00107143
-0.00109079
-0.00111248
-0.00113619
-0.00116162
-0.00118854
-0.00121682
-0.00124642
-0.00127739
-0.00130986
-0.001344
-0.00138
-0.00141803
-0.00145831
-0.00150098
-0.0015462
-0.00159407
-0.00164475
-0.00169833
-0.00175497
-0.00181475
-0.00187782
-0.00194426
-0.00201422
-0.00208774
-0.00216495
-0.00224588
-0.00233058
-0.00241906
-0.00251123
-0.00260709
-0.0027064
-0.00280911
-0.00291479
-0.00302338
-0.00313421
-0.00324723
-0.00336155
-0.00347708
-0.00359285
-0.0037087
-0.00382373
-0.00393761
-0.00404989
-0.00415999
-0.00426809
-0.00437373
-0.00447697
-0.00457865
-0.00467701
-0.00477484
-0.00486939
-0.00496159
-0.00505354
-0.00513908
-0.00522379
-0.00530502
-0.00538043
-0.00545528
-0.00553075
-0.00559825
-0.00566368
-0.00573116
-0.00579643
-0.00586252
-0.00592757
-0.00599659
-0.00606556
-0.00613658
-0.00621156
-0.00628479
-0.0063623
-0.00643594
-0.00649906
-0.00250998
-0.00238667
-0.0018213
-0.00121752
-0.000758018
-0.000493576
-0.000417388
-0.000475473
-0.000599909
-0.000736327
-0.000852599
-0.000934937
-0.000980865
-0.000996121
-0.000990937
-0.000976076
-0.000960182
-0.000948831
-0.000944808
-0.000948803
-0.000959986
-0.00097666
-0.000996874
-0.0010189
-0.00104147
-0.00106387
-0.00108583
-0.00110747
-0.00112913
-0.00115127
-0.00117434
-0.00119875
-0.0012248
-0.00125271
-0.00128259
-0.00131453
-0.00134854
-0.00138465
-0.00142285
-0.00146321
-0.00150577
-0.00155065
-0.00159792
-0.00164774
-0.00170021
-0.00175549
-0.00181366
-0.0018749
-0.00193927
-0.00200691
-0.0020779
-0.0021523
-0.00223021
-0.00231158
-0.00239656
-0.00248497
-0.00257696
-0.00267221
-0.00277085
-0.00287247
-0.00297705
-0.00308415
-0.00319353
-0.00330479
-0.00341751
-0.00353122
-0.00364548
-0.00375969
-0.00387365
-0.00398642
-0.00409816
-0.0042079
-0.004316
-0.00442186
-0.00452609
-0.00462784
-0.00472811
-0.00482533
-0.00491992
-0.00501431
-0.00510317
-0.00518983
-0.00527434
-0.00535413
-0.00543064
-0.00550823
-0.00558003
-0.00564865
-0.00571823
-0.00578602
-0.00585445
-0.00592119
-0.00599144
-0.00606159
-0.00613343
-0.00620923
-0.0062831
-0.00636117
-0.00643517
-0.00649851
0.000755709
0.000622152
4.58474e-05
-0.000569327
-0.00104057
-0.00131707
-0.00140566
-0.00136047
-0.0012496
-0.00112758
-0.00102666
-0.000960735
-0.000932357
-0.00093583
-0.000960915
-0.000996848
-0.00103498
-0.00106974
-0.00109838
-0.00112029
-0.00113637
-0.00114846
-0.00115862
-0.00116872
-0.00118014
-0.00119374
-0.00120988
-0.00122857
-0.00124959
-0.00127261
-0.00129727
-0.00132332
-0.00135059
-0.001379
-0.0014086
-0.00143949
-0.00147183
-0.00150578
-0.00154152
-0.00157921
-0.001619
-0.00166099
-0.00170529
-0.00175201
-0.00180122
-0.00185303
-0.00190752
-0.00196479
-0.00202491
-0.002088
-0.00215413
-0.0022234
-0.00229587
-0.00237161
-0.00245066
-0.00253299
-0.00261867
-0.00270755
-0.0027997
-0.00289479
-0.00299291
-0.00309361
-0.00319688
-0.00330224
-0.00340944
-0.00351812
-0.00362786
-0.00373815
-0.00384871
-0.00395871
-0.00406843
-0.00417654
-0.0042839
-0.0043894
-0.00449343
-0.00459566
-0.0046957
-0.00479329
-0.00488863
-0.00498293
-0.00507283
-0.00516049
-0.00524604
-0.00532817
-0.00540576
-0.00548424
-0.005559
-0.00563039
-0.0057018
-0.00577188
-0.00584292
-0.005912
-0.00598449
-0.00605663
-0.00613037
-0.00620748
-0.00628239
-0.00636116
-0.00643565
-0.00649931
-0.00253501
-0.00241191
-0.00184722
-0.00124487
-0.000787605
-0.000526218
-0.000453749
-0.000515861
-0.000644255
-0.000784318
-0.000903806
-0.000988896
-0.00103711
-0.00105431
-0.0010509
-0.00103783
-0.0010239
-0.00101478
-0.00101329
-0.0010201
-0.00103429
-0.00105405
-0.00107733
-0.00110229
-0.00112761
-0.00115253
-0.00117676
-0.00120043
-0.0012239
-0.00124764
-0.00127212
-0.00129778
-0.0013249
-0.00135369
-0.00138426
-0.00141663
-0.0014508
-0.00148675
-0.00152447
-0.00156398
-0.0016053
-0.00164854
-0.00169375
-0.00174108
-0.00179062
-0.00184252
-0.00189686
-0.00195378
-0.00201338
-0.00207577
-0.00214103
-0.00220923
-0.00228046
-0.00235475
-0.00243219
-0.00251274
-0.00259651
-0.00268333
-0.00277336
-0.00286631
-0.00296226
-0.00306088
-0.00316209
-0.00326563
-0.00337116
-0.00347842
-0.00358711
-0.00369663
-0.00380699
-0.00391698
-0.00402714
-0.00413601
-0.00424436
-0.00435155
-0.00445733
-0.00456163
-0.00466344
-0.00476273
-0.00486046
-0.00495676
-0.00504901
-0.00513884
-0.00522598
-0.00531078
-0.0053906
-0.00547033
-0.00554735
-0.00562108
-0.00569386
-0.00576534
-0.00583791
-0.00590811
-0.00598137
-0.00605424
-0.00612848
-0.00620613
-0.00628139
-0.00636047
-0.00643513
-0.00649891
0.000745979
0.000609566
2.99761e-05
-0.000588835
-0.00106375
-0.00134371
-0.00143533
-0.0013927
-0.00128403
-0.00116407
-0.00106527
-0.00100169
-0.000976002
-0.000982578
-0.00101114
-0.0010508
-0.00109275
-0.00113126
-0.00116346
-0.00118867
-0.00120781
-0.00122271
-0.0012355
-0.0012481
-0.00126194
-0.00127791
-0.00129639
-0.00131741
-0.0013407
-0.00136591
-0.00139267
-0.00142068
-0.00144972
-0.00147969
-0.00151061
-0.00154255
-0.00157564
-0.00161004
-0.00164592
-0.00168341
-0.00172265
-0.00176372
-0.00180674
-0.00185177
-0.00189888
-0.00194816
-0.00199965
-0.00205348
-0.00210965
-0.00216833
-0.00222951
-0.00229337
-0.00235991
-0.00242926
-0.00250145
-0.0025765
-0.00265456
-0.00273545
-0.00281944
-0.00290611
-0.00299583
-0.00308811
-0.00318317
-0.00328061
-0.00338022
-0.00348206
-0.0035854
-0.00369005
-0.00379567
-0.00390125
-0.00400765
-0.0041131
-0.00421909
-0.00432423
-0.00442787
-0.00453068
-0.00463077
-0.00472896
-0.00482712
-0.0049231
-0.00501488
-0.00510563
-0.00519367
-0.00527978
-0.00536168
-0.00544299
-0.00552198
-0.00559862
-0.00567411
-0.00574811
-0.00582351
-0.00589654
-0.00597238
-0.00604762
-0.00612404
-0.00620338
-0.00627994
-0.00636
-0.00643534
-0.00649963
)
;

boundaryField
{
    zeroGradient
    {
        type            zeroGradient;
    }
    inlet
    {
        type            zeroGradient;
    }
    fixedWalls
    {
        type            zeroGradient;
    }
    frontAndBack
    {
        type            empty;
    }
}


// ************************************************************************* //
