/*--------------------------------*- C++ -*----------------------------------*\
| =========                 |                                                 |
| \\      /  F ield         | OpenFOAM: The Open Source CFD Toolbox           |
|  \\    /   O peration     | Version:  2312                                  |
|   \\  /    A nd           | Website:  www.openfoam.com                      |
|    \\/     M anipulation  |                                                 |
\*---------------------------------------------------------------------------*/
FoamFile
{
    version     2.0;
    format      ascii;
    arch        "LSB;label=32;scalar=64";
    class       volScalarField;
    location    "0.35";
    object      p;
}
// * * * * * * * * * * * * * * * * * * * * * * * * * * * * * * * * * * * * * //

dimensions      [0 2 -2 0 0 0 0];

internalField   nonuniform List<scalar> 
5600
(
1.09467e-08
0.000465591
0.000326235
0.000458528
0.000354071
0.000548431
0.000518312
0.000643101
0.00068736
0.00081693
0.000858411
0.000998503
0.00108568
0.00121277
0.00131078
0.00144101
0.00157671
0.00172111
0.00184691
0.00199175
0.00216851
0.00233634
0.00250686
0.00268934
0.00289343
0.00310056
0.00329752
0.00351048
0.00373808
0.0039824
0.0042365
0.00450802
0.00479042
0.00508279
0.00537493
0.00565921
0.0059412
0.00621705
0.00642316
0.00638718
2.43847e-06
0.000464073
0.000327539
0.000454174
0.000357523
0.000545319
0.00052046
0.000638788
0.000689413
0.000812047
0.000860521
0.000991294
0.00108667
0.00120799
0.00130978
0.00143609
0.00157383
0.0017159
0.00184196
0.00198749
0.00216076
0.00233036
0.00249581
0.00267501
0.00287708
0.00308022
0.00327838
0.00349079
0.00371784
0.00395545
0.00419432
0.0044319
0.00466306
0.00489631
0.00513042
0.00535114
0.00552792
0.00561952
0.00555735
0.0052206
4.66466e-06
0.000462592
0.000328586
0.000452879
0.000358769
0.000543448
0.000521184
0.000636938
0.000689731
0.000810113
0.000860693
0.000989808
0.00108613
0.00120593
0.00130851
0.00143384
0.00157159
0.0017137
0.00183883
0.00198337
0.00215604
0.00232458
0.00248963
0.00266713
0.00286708
0.00306821
0.00326301
0.00347015
0.00368925
0.00391629
0.00414167
0.00436211
0.00457465
0.00478812
0.00499946
0.00519272
0.00533764
0.00539962
0.00532006
0.00499441
8.32518e-06
0.000459434
0.000330866
0.0004482
0.000362434
0.000538721
0.000524094
0.000631504
0.000692317
0.000804081
0.000862936
0.000982431
0.00108708
0.00119972
0.00130709
0.00142849
0.0015673
0.00170914
0.00183231
0.00197631
0.0021474
0.00231356
0.00247635
0.00264963
0.00284678
0.0030443
0.00323639
0.00343804
0.00364697
0.00385409
0.00405062
0.00424479
0.00443976
0.00463235
0.00480832
0.0049481
0.00502576
0.00500917
0.00484816
0.00445094
1.17205e-05
0.000456084
0.000332878
0.000445204
0.000364953
0.000534999
0.000525623
0.000627621
0.000693195
0.000800252
0.000862693
0.00097798
0.00108525
0.00119617
0.00130395
0.00142449
0.00156281
0.00170357
0.00182551
0.00196803
0.0021374
0.00230149
0.00246144
0.00263161
0.00282419
0.00301641
0.00320097
0.00339127
0.00358545
0.00377467
0.00395388
0.00413116
0.00430859
0.00447899
0.00462669
0.00473368
0.00477838
0.00473483
0.00455933
0.00416627
1.63658e-05
0.000450907
0.000336304
0.000439409
0.000369633
0.00052847
0.000529487
0.000620776
0.000695451
0.000793354
0.000864075
0.000971363
0.00108302
0.00119271
0.00129932
0.00141863
0.00155603
0.0016961
0.00181612
0.00195648
0.00212417
0.0022852
0.00244164
0.00260676
0.00279325
0.00297855
0.00315233
0.00332693
0.00350201
0.0036742
0.00384216
0.00400778
0.00416864
0.00431746
0.00444094
0.0045227
0.00454323
0.00447652
0.00427912
0.00386505
2.10473e-05
0.000445155
0.000339541
0.000434635
0.000373462
0.000522769
0.000530901
0.000615025
0.000696634
0.000788237
0.000862163
0.000966977
0.00107904
0.00118832
0.00129403
0.00141144
0.00154817
0.00168754
0.00180481
0.00194275
0.00210765
0.00226558
0.00241685
0.00257567
0.00275463
0.00292893
0.00308788
0.0032442
0.003405
0.00356623
0.00372352
0.00387584
0.00401973
0.00414929
0.00425375
0.00431989
0.00432943
0.00425711
0.00405824
0.00364331
2.70301e-05
0.000437216
0.000344337
0.000427311
0.000379374
0.000513947
0.000535726
0.000607102
0.000697198
0.000783019
0.000858899
0.00096301
0.00107379
0.00118194
0.00128726
0.001403
0.00153812
0.00167672
0.00179083
0.00192551
0.00208696
0.00224091
0.00238568
0.00253572
0.00270361
0.00286325
0.0030054
0.00314779
0.00329855
0.00345002
0.0035948
0.00373258
0.00386063
0.00397486
0.00406602
0.00412334
0.00413004
0.00406265
0.00387778
0.00348833
3.33471e-05
0.000428223
0.00034904
0.000420724
0.000384302
0.000506464
0.00053718
0.000600538
0.000696427
0.000778801
0.000853905
0.000957755
0.00106816
0.00117484
0.00127937
0.0013928
0.00152601
0.00166347
0.00177398
0.00190424
0.00206228
0.00221052
0.00234776
0.0024855
0.00263744
0.00278001
0.00291023
0.00304372
0.00318322
0.0033202
0.00344854
0.00357189
0.00369103
0.00380537
0.00390704
0.00398514
0.00402006
0.00398107
0.00380744
0.0033773
4.10598e-05
0.000416613
0.000355137
0.000412005
0.000391081
0.000496009
0.000540852
0.000591903
0.000693547
0.000775578
0.000847735
0.000950892
0.00106184
0.00116612
0.00126962
0.00138043
0.00151176
0.00164692
0.00175359
0.00187786
0.00203196
0.00217123
0.00229705
0.00241987
0.00255773
0.0026916
0.0028137
0.00293554
0.0030589
0.00317479
0.00327432
0.00336088
0.00344047
0.00352289
0.00361038
0.0036924
0.0037646
0.00385391
0.00403282
0.00444226
4.93705e-05
0.000403687
0.000361103
0.000403954
0.000396042
0.000486234
0.000540783
0.000588469
0.000688209
0.000770513
0.000841483
0.000942963
0.00105349
0.00115615
0.0012578
0.00136586
0.00149415
0.0016272
0.00172917
0.00184537
0.00199348
0.00212137
0.00223197
0.00234415
0.00247366
0.00259965
0.00271032
0.00281754
0.00292455
0.00302643
0.00311701
0.00320419
0.0032968
0.00339761
0.00349489
0.00358157
0.00366519
0.00377426
0.00396318
0.00433386
5.91812e-05
0.000387409
0.000367595
0.000395297
0.000401864
0.000478641
0.000535051
0.000584546
0.0006819
0.000764807
0.000834268
0.00093343
0.00104368
0.00114482
0.00124338
0.00134873
0.00147307
0.0016032
0.00169934
0.00180413
0.00194308
0.00206073
0.00215914
0.00226353
0.0023844
0.00250078
0.00259897
0.00269312
0.00279037
0.00289024
0.00298798
0.00308336
0.00317291
0.00325464
0.00332753
0.00339797
0.00348212
0.00361022
0.00383341
0.00424761
6.97481e-05
0.000370221
0.000373683
0.000387449
0.000402906
0.000474917
0.000528824
0.000578959
0.00067536
0.000758265
0.000825868
0.000922205
0.00103152
0.00113128
0.00122626
0.00132825
0.0014481
0.00157248
0.00166235
0.00175357
0.00188096
0.00199466
0.00208416
0.00217712
0.00228624
0.00239247
0.00248209
0.00257242
0.00267613
0.00278568
0.00288243
0.00296125
0.00302772
0.0030896
0.00315253
0.00322373
0.00331768
0.00345987
0.00369565
0.00411244
8.17576e-05
0.000349306
0.00037885
0.000383327
0.000400868
0.000470738
0.000522517
0.000571001
0.000666871
0.00075053
0.000815996
0.000908967
0.00101708
0.00111522
0.00120575
0.00130353
0.00141826
0.00153388
0.00161636
0.00169714
0.00181209
0.00192241
0.00200586
0.0020867
0.00218667
0.00228954
0.00237738
0.00246072
0.00255597
0.00265869
0.00274799
0.00281581
0.00286993
0.00292219
0.00298088
0.00305274
0.00314945
0.0032938
0.00352912
0.0039429
9.44795e-05
0.000328877
0.000380538
0.000379857
0.000396426
0.000465929
0.000517271
0.000562931
0.000656165
0.000740941
0.000804604
0.000893715
0.00100028
0.00109616
0.00118111
0.00127317
0.00138237
0.00148836
0.00156198
0.00163645
0.00173948
0.00184225
0.00192215
0.00199228
0.00208125
0.0021808
0.00227193
0.00235501
0.00244106
0.00252889
0.00260466
0.00266208
0.00270786
0.00275393
0.00280888
0.0028793
0.00297556
0.00311922
0.00335343
0.00376655
0.000108256
0.000308028
0.000377004
0.000377117
0.000392414
0.000459938
0.000511176
0.000554517
0.000643795
0.000728716
0.00079067
0.000875399
0.000980454
0.00107381
0.00115174
0.00123591
0.00133959
0.00143868
0.00150183
0.00156912
0.00166285
0.00175502
0.00183174
0.00189536
0.00197583
0.00207371
0.00216757
0.00224697
0.0023189
0.00238956
0.00245184
0.00250118
0.00254162
0.00258343
0.00263503
0.00270337
0.00279839
0.00294133
0.00317482
0.00358715
0.000122369
0.000288398
0.000368517
0.000374164
0.000388131
0.000452914
0.000503963
0.000544869
0.000630061
0.000714691
0.000774184
0.000853164
0.000956283
0.00104785
0.00111816
0.00119192
0.00128889
0.0013846
0.00143831
0.00149388
0.00158122
0.00166482
0.00173662
0.00179792
0.00187169
0.00196281
0.00205173
0.00212593
0.00218733
0.00224432
0.00229478
0.00233697
0.0023731
0.00241175
0.00246048
0.00252667
0.00262037
0.00276271
0.0029959
0.00340812
0.000136706
0.00026939
0.000355221
0.000370217
0.000383494
0.00044549
0.000496526
0.000533779
0.000613901
0.000698833
0.000755595
0.000826406
0.000926102
0.00101696
0.00108097
0.00114334
0.00122997
0.00132368
0.00137291
0.00141282
0.00149282
0.0015717
0.00163722
0.00169566
0.00176366
0.00184694
0.0019275
0.00199519
0.00204875
0.00209582
0.00213685
0.0021723
0.00220419
0.00223971
0.00228589
0.00235011
0.00244251
0.00258385
0.00281607
0.00322748
0.000150995
0.000252521
0.00033594
0.000364447
0.000378108
0.000436466
0.000488582
0.000522002
0.000594562
0.000679764
0.000735231
0.000796317
0.000888929
0.000979011
0.0010393
0.0010915
0.0011647
0.00125395
0.00130451
0.0013302
0.0013968
0.00147296
0.00153448
0.00158878
0.00165033
0.00172578
0.00179791
0.001858
0.00190439
0.00194405
0.00197831
0.00200807
0.00203563
0.00206755
0.00211095
0.00217324
0.00226465
0.00240538
0.00263709
0.00304804
0.000162405
0.000238374
0.000316255
0.000354432
0.000370867
0.000425412
0.000479547
0.000510554
0.000572381
0.000655704
0.000712451
0.000763989
0.000845874
0.00093292
0.00099137
0.00103631
0.00109542
0.00117537
0.00123012
0.00124755
0.00129547
0.00136653
0.00142702
0.00147807
0.00153263
0.00159962
0.00166402
0.00171645
0.00175582
0.00178873
0.00181766
0.00184317
0.00186734
0.00189588
0.00193629
0.0019964
0.00208685
0.00222735
0.00245905
0.00286987
0.000170657
0.000228303
0.000295964
0.000338385
0.000360585
0.000412024
0.000467895
0.000499365
0.000549425
0.000626081
0.000684899
0.000729353
0.000798017
0.000878852
0.000936038
0.000976291
0.00102317
0.00108989
0.00114653
0.00116342
0.00119308
0.00125319
0.00131293
0.00136327
0.00141189
0.00146946
0.001526
0.00157151
0.00160442
0.00163068
0.00165457
0.00167686
0.001699
0.00172528
0.00176306
0.00182074
0.00190977
0.0020499
0.00228182
0.00269287
0.000175987
0.000218545
0.000276483
0.00032039
0.000346719
0.000395404
0.000452189
0.000486147
0.000526402
0.000592672
0.000651271
0.000691325
0.000746529
0.000817796
0.000872974
0.000910441
0.000947776
0.000999666
0.00105336
0.00107457
0.00109163
0.00113673
0.00119269
0.00124355
0.00128844
0.00133656
0.00138435
0.00142319
0.00145062
0.00147108
0.00149004
0.00150932
0.00153016
0.00155544
0.0015915
0.00164696
0.00173414
0.00187344
0.00210541
0.00251689
0.000177865
0.000209187
0.000257965
0.000301047
0.000328805
0.000374355
0.000431281
0.000468816
0.000503236
0.000557351
0.000612015
0.000648777
0.000691479
0.000750757
0.000802112
0.000837566
0.00086819
0.000906817
0.000952427
0.000977618
0.000989827
0.00102089
0.00106896
0.00111846
0.00116093
0.00120098
0.00123977
0.00127193
0.00129464
0.0013106
0.00132526
0.00134162
0.00136121
0.00138609
0.00142136
0.00147528
0.00156067
0.00169876
0.0019304
0.00234221
0.000175994
0.000199617
0.000239286
0.000280025
0.000308854
0.000349918
0.000404443
0.000445462
0.000477148
0.000520407
0.000568483
0.000601265
0.000633019
0.000679158
0.000723876
0.000757084
0.000783245
0.000811652
0.0008468
0.000872303
0.000884698
0.000906413
0.000945044
0.000989853
0.00102919
0.00106265
0.0010931
0.00111859
0.00113707
0.0011497
0.00116097
0.00117457
0.00119271
0.00121729
0.00125235
0.00130551
0.00138958
0.00152644
0.00175742
0.00216927
0.000170443
0.00018873
0.00022077
0.000257545
0.000286629
0.000322977
0.000372019
0.00041465
0.000445972
0.000480903
0.000521356
0.000549462
0.000571048
0.000604145
0.000639962
0.00066884
0.00069149
0.000713314
0.000738876
0.000760799
0.000774288
0.000791808
0.000822516
0.000860225
0.000894247
0.000921416
0.000944354
0.000963591
0.000978174
0.000988422
0.000997449
0.00100889
0.00102552
0.00104955
0.00108457
0.00113752
0.00122092
0.0013569
0.00158724
0.00199899
0.00016121
0.000175641
0.000201448
0.000233541
0.000261458
0.000293625
0.000335796
0.000376569
0.000408094
0.000436901
0.000469636
0.000493326
0.000506007
0.000526649
0.000552684
0.000574768
0.000593067
0.000610173
0.000628975
0.000646425
0.000659885
0.000675774
0.000700729
0.000730886
0.000757919
0.000778204
0.000794036
0.000807365
0.000818239
0.000826628
0.000834357
0.000844409
0.000859681
0.000882823
0.000917493
0.000970351
0.00105355
0.00118913
0.00141904
0.00183066
0.000148415
0.000159931
0.000180631
0.000207845
0.000233442
0.000261558
0.000296938
0.000333014
0.000363003
0.00038687
0.000411971
0.00043187
0.000438153
0.000447169
0.000463194
0.000477166
0.000489378
0.000502193
0.000516754
0.000531047
0.000544237
0.000559583
0.000580043
0.000602606
0.000621584
0.000634641
0.000643904
0.000651982
0.00065963
0.000666685
0.000673842
0.000683178
0.000697439
0.000719711
0.000753997
0.000806922
0.000890337
0.00102605
0.00125605
0.00166792
0.000131746
0.000140903
0.000157355
0.000179821
0.000202261
0.000226241
0.000255388
0.000285649
0.000311803
0.000330902
0.000348083
0.000363865
0.000367098
0.000366515
0.000371842
0.000376598
0.000380762
0.00038757
0.000398417
0.000411273
0.000424175
0.000437981
0.00045385
0.000469774
0.000481845
0.000488537
0.000491806
0.00049471
0.000498821
0.000504256
0.000510981
0.000520039
0.000533609
0.000554878
0.000588243
0.000640599
0.000723798
0.000859536
0.00108968
0.0015019
0.000112015
0.000118718
0.000131199
0.000148912
0.000167552
0.000187267
0.000210605
0.000234394
0.000254979
0.000269267
0.000279475
0.000290408
0.000293301
0.000288268
0.000285813
0.000283639
0.000281013
0.000281136
0.000286431
0.000296378
0.000308214
0.000320258
0.000332049
0.000342477
0.00034907
0.000350755
0.000349067
0.000347127
0.000347288
0.000350371
0.00035622
0.000365037
0.000378212
0.000398635
0.000430885
0.000482158
0.00056445
0.000699344
0.000928614
0.00133987
8.7146e-05
9.23333e-05
0.000101764
0.000115258
0.000130023
0.000145358
0.000162713
0.000179646
0.000193301
0.000201965
0.000205388
0.000208192
0.000206646
0.000196088
0.00018456
0.000174598
0.000164786
0.000157765
0.000156927
0.000163216
0.000173817
0.000185224
0.000195522
0.00020341
0.00020692
0.000205148
0.000199475
0.000193092
0.000189159
0.000189588
0.000194907
0.000205222
0.00022122
0.00024497
0.000280536
0.00033493
0.000420196
0.000558034
0.000790283
0.00120462
6.15929e-05
6.0983e-05
6.64781e-05
7.66216e-05
8.84294e-05
9.97302e-05
0.000111176
0.000121661
0.000130104
0.000136169
0.000138835
0.000139695
0.000137938
0.000128826
0.000116441
0.000104634
9.22938e-05
7.95167e-05
6.80885e-05
5.98194e-05
5.55791e-05
5.65542e-05
6.29847e-05
7.16406e-05
7.74086e-05
7.62913e-05
6.77104e-05
5.41393e-05
3.94087e-05
2.67669e-05
1.83246e-05
1.52251e-05
1.86155e-05
3.05466e-05
5.5017e-05
9.90966e-05
0.000175146
0.000305314
0.000532033
0.000943692
2.63567e-05
2.83423e-05
3.18887e-05
3.70864e-05
4.27266e-05
4.78051e-05
5.25644e-05
5.61732e-05
5.70591e-05
5.47919e-05
4.87485e-05
3.91912e-05
2.659e-05
8.95413e-06
-1.15102e-05
-3.13296e-05
-4.88518e-05
-6.27374e-05
-7.24163e-05
-7.6116e-05
-7.33574e-05
-6.67255e-05
-6.0246e-05
-5.6998e-05
-5.81058e-05
-6.32753e-05
-7.10599e-05
-7.93544e-05
-8.56744e-05
-8.78491e-05
-8.43228e-05
-7.42198e-05
-5.67439e-05
-3.03535e-05
8.3644e-06
6.60091e-05
0.000154627
0.00029621
0.000533053
0.000953308
-1.57709e-05
-9.03913e-06
-5.41043e-06
-4.40026e-06
-4.68404e-06
-5.80762e-06
-5.58403e-06
-3.68165e-06
-2.3641e-06
-2.94785e-06
-6.03661e-06
-1.08348e-05
-1.71007e-05
-2.64234e-05
-3.81351e-05
-5.08348e-05
-6.3475e-05
-7.5286e-05
-8.79136e-05
-0.000101944
-0.000116884
-0.000131815
-0.00014668
-0.000162008
-0.000178575
-0.000197259
-0.00021889
-0.000243905
-0.00027223
-0.000303495
-0.000337562
-0.00037501
-0.000417458
-0.000467769
-0.000530484
-0.000612816
-0.000726921
-0.000894658
-0.00115826
-0.00160616
-5.20775e-05
-5.23194e-05
-5.43757e-05
-5.75094e-05
-6.18388e-05
-6.78151e-05
-7.47538e-05
-8.2422e-05
-9.25687e-05
-0.000106697
-0.000123848
-0.000143197
-0.000164323
-0.000186871
-0.000211814
-0.000237066
-0.000257646
-0.000271538
-0.000278957
-0.000281535
-0.000282303
-0.000284243
-0.000288685
-0.000294827
-0.000301115
-0.000306589
-0.000310985
-0.000314058
-0.000315121
-0.00031311
-0.000306819
-0.000295024
-0.000276254
-0.000248312
-0.000207459
-0.00014714
-5.56304e-05
8.86815e-05
0.000327803
0.000749776
-9.80371e-05
-9.89574e-05
-0.000101939
-0.000105948
-0.000110939
-0.000117305
-0.000124222
-0.000130866
-0.000137875
-0.000146106
-0.000154991
-0.000164043
-0.000173859
-0.000185844
-0.000201674
-0.000220938
-0.000241249
-0.00026125
-0.000281178
-0.000302183
-0.000325228
-0.000350576
-0.000377829
-0.000406476
-0.000436375
-0.000467688
-0.000500787
-0.000536022
-0.000573587
-0.000613588
-0.000656243
-0.000702162
-0.000752635
-0.000810036
-0.000878433
-0.000964729
-0.0010809
-0.00124867
-0.00151
-0.00195281
-0.000147283
-0.000151032
-0.000158943
-0.000169898
-0.000183019
-0.000198285
-0.000215531
-0.000234295
-0.000254517
-0.000276772
-0.000301245
-0.000327017
-0.000352816
-0.000377866
-0.000400978
-0.000421101
-0.00043695
-0.000447326
-0.000453522
-0.00045827
-0.000463822
-0.000471053
-0.000479502
-0.00048805
-0.00049545
-0.000500878
-0.000503944
-0.000504582
-0.000502696
-0.00049796
-0.000489701
-0.000476879
-0.000457923
-0.000430391
-0.000390298
-0.000330908
-0.000240415
-9.7212e-05
0.000140635
0.000561085
-0.000195615
-0.000199154
-0.00020622
-0.00021579
-0.000226715
-0.000238337
-0.000250631
-0.00026338
-0.000275963
-0.000288777
-0.00030249
-0.000317019
-0.000333122
-0.000350117
-0.000366992
-0.000386696
-0.000409598
-0.00043396
-0.000460038
-0.000487464
-0.000515351
-0.000543282
-0.000572186
-0.000603147
-0.000636201
-0.000670782
-0.000706354
-0.000742896
-0.000780645
-0.000820005
-0.000861467
-0.000905889
-0.000954735
-0.00101048
-0.00107719
-0.00116166
-0.00127574
-0.00144107
-0.00169961
-0.00213937
-0.000257655
-0.000264724
-0.000278055
-0.000296218
-0.00031776
-0.000341746
-0.000367628
-0.00039475
-0.000422286
-0.000449445
-0.000475949
-0.000501639
-0.000524584
-0.000543726
-0.000559465
-0.000571197
-0.000580405
-0.000589439
-0.000597859
-0.000605147
-0.000611754
-0.000618429
-0.000624945
-0.000630531
-0.000634752
-0.000637455
-0.000638489
-0.000637513
-0.000634158
-0.000628059
-0.000618762
-0.00060542
-0.000586507
-0.000559464
-0.000520155
-0.000461732
-0.000372354
-0.000230419
5.9865e-06
0.000424814
-0.000297556
-0.000301309
-0.000311358
-0.000326537
-0.00034511
-0.000365362
-0.000385785
-0.000405855
-0.000424572
-0.000441267
-0.00045536
-0.000468365
-0.000482534
-0.000497973
-0.000514797
-0.000533963
-0.000554378
-0.000576004
-0.000599166
-0.000622671
-0.000645222
-0.000666672
-0.000688233
-0.000710953
-0.000735251
-0.000761081
-0.000788415
-0.000817268
-0.000847753
-0.00088012
-0.000914928
-0.000953187
-0.000996516
-0.00104743
-0.00110996
-0.00119085
-0.00130195
-0.00146491
-0.00172179
-0.0021607
-0.000374851
-0.000383176
-0.000401331
-0.000427522
-0.000459037
-0.000493572
-0.000529154
-0.00056435
-0.000596835
-0.000624551
-0.000646941
-0.000665738
-0.000680719
-0.000691459
-0.000699649
-0.000704715
-0.00070736
-0.000709925
-0.000711529
-0.000710751
-0.000707586
-0.000703141
-0.000698147
-0.000692509
-0.000686182
-0.000679141
-0.000671333
-0.000662365
-0.000651827
-0.000639326
-0.000624482
-0.000606526
-0.000583988
-0.000554298
-0.000513292
-0.000454097
-0.000364891
-0.000224147
9.8896e-06
0.000424917
0.00614769
0.00622071
0.00650295
0.00668502
0.0066882
0.0065166
0.00622792
0.00589184
0.00556058
0.00526313
0.00501087
0.00480404
0.00463514
0.00449338
0.00436821
0.00425112
0.0041363
0.0040201
0.00390111
0.00377876
0.0036543
0.00352867
0.00340412
0.00328089
0.00316059
0.00304209
0.00292628
0.0028113
0.00269714
0.00258245
0.00246601
0.00234798
0.00222687
0.00210404
0.00197904
0.00185341
0.00172297
0.00159063
0.00145345
0.00131154
0.00116446
0.0010063
0.00083039
0.000648619
0.000453312
0.000266331
9.24075e-05
-0.000123487
-0.000378378
-0.000696429
-0.00108965
-0.00155053
-0.00203763
-0.00249027
-0.00283673
-0.00323214
-0.004063
-0.00513609
-0.00601993
-0.00655037
-0.0068525
-0.00720833
-0.0074353
-0.00716565
-0.00667469
-0.00627959
-0.0059178
-0.00558393
-0.00538527
-0.00529563
-0.00526949
-0.00528484
-0.00533559
-0.00540629
-0.00546874
-0.00554297
-0.0056159
-0.00564846
-0.00567945
-0.00570592
-0.00570061
-0.005704
-0.00573026
-0.00573541
-0.00571843
-0.00570846
-0.00571032
-0.00572555
-0.00575111
-0.0057892
-0.00583265
-0.00588395
-0.00594465
-0.00601129
-0.00608854
-0.00616686
-0.00625116
-0.00633755
-0.0064182
-0.00649736
0.00484949
0.00492377
0.00537719
0.00582038
0.00608814
0.0061408
0.00600283
0.00574599
0.00544645
0.00515779
0.00490696
0.0047025
0.00454085
0.00441061
0.00429848
0.00419324
0.00408774
0.003978
0.00386324
0.00374351
0.00362086
0.00349653
0.00337335
0.00325147
0.00313265
0.00301536
0.00290076
0.00278658
0.00267329
0.00255917
0.00244336
0.00232594
0.00220537
0.00208298
0.001958
0.00183278
0.00170208
0.00157006
0.00143284
0.00129099
0.00114419
0.000986279
0.000810737
0.000630114
0.000434883
0.00024836
7.40169e-05
-0.000143704
-0.000399049
-0.000715121
-0.00110513
-0.00156113
-0.00204087
-0.00249503
-0.00284568
-0.00322579
-0.00405131
-0.00512033
-0.00599629
-0.00651929
-0.00681583
-0.00717467
-0.00741125
-0.00714184
-0.00665113
-0.00626138
-0.00590628
-0.00557803
-0.00538182
-0.00529176
-0.0052644
-0.0052791
-0.00533024
-0.00540198
-0.00546505
-0.00554006
-0.00561387
-0.00564679
-0.00567818
-0.00570522
-0.00570022
-0.00570374
-0.00573021
-0.00573554
-0.00571863
-0.0057087
-0.0057106
-0.00572579
-0.00575122
-0.00578921
-0.00583262
-0.00588392
-0.00594463
-0.00601127
-0.00608851
-0.00616682
-0.00625112
-0.00633754
-0.0064182
-0.00649735
0.00465741
0.00476299
0.00525819
0.00574604
0.00605437
0.00613949
0.00602177
0.00577178
0.0054686
0.00517053
0.0049087
0.00469428
0.00452563
0.00439192
0.00427906
0.00417449
0.0040698
0.00396028
0.00384483
0.00372371
0.00359912
0.00347276
0.00334757
0.00322426
0.0031043
0.0029865
0.00287128
0.0027569
0.00264321
0.00252895
0.00241316
0.00229581
0.00217535
0.00205333
0.00192852
0.00180293
0.00167201
0.00153893
0.0014008
0.00125771
0.00110934
0.000950913
0.000777531
0.000598277
0.000406676
0.000216496
3.40139e-05
-0.000187688
-0.000447519
-0.00075687
-0.00113788
-0.00158119
-0.00203957
-0.00249345
-0.00287032
-0.00325892
-0.00403547
-0.00505344
-0.00590622
-0.0064226
-0.00671009
-0.00706214
-0.00730975
-0.00707506
-0.00661876
-0.00625195
-0.00590601
-0.00557864
-0.00538334
-0.0052949
-0.00526874
-0.00528318
-0.00533259
-0.0054025
-0.00546441
-0.00553837
-0.0056115
-0.00564435
-0.00567582
-0.00570295
-0.00569827
-0.00570215
-0.00572877
-0.0057343
-0.00571777
-0.0057082
-0.00571025
-0.00572558
-0.00575121
-0.00578934
-0.00583277
-0.00588402
-0.00594469
-0.00601133
-0.00608859
-0.00616691
-0.0062512
-0.00633761
-0.00641828
-0.00649741
0.00407764
0.00416268
0.00465272
0.00516097
0.0055122
0.00565812
0.0056096
0.00542555
0.00517753
0.00492187
0.00469128
0.00449927
0.00434737
0.00422798
0.00412916
0.00403889
0.00394831
0.00385187
0.0037478
0.00363598
0.00351877
0.00339812
0.00327746
0.00315798
0.00304161
0.00292733
0.0028155
0.00270434
0.00259336
0.00248168
0.00236773
0.00225229
0.00213303
0.00201246
0.00188812
0.00176351
0.00163312
0.0015002
0.00136275
0.00121922
0.00107122
0.00091377
0.000742122
0.000564522
0.00037425
0.000180105
-8.26219e-06
-0.000231694
-0.000492433
-0.000796505
-0.00116668
-0.00159862
-0.00203764
-0.00249094
-0.00289735
-0.00328264
-0.00400354
-0.00497637
-0.00580873
-0.00631663
-0.00659484
-0.00694064
-0.00720346
-0.00699793
-0.00656593
-0.00621301
-0.00588168
-0.00557102
-0.00538227
-0.00529334
-0.00526471
-0.00527658
-0.00532402
-0.00539373
-0.00545569
-0.00552961
-0.00560349
-0.00563704
-0.0056689
-0.00569708
-0.00569386
-0.00569858
-0.00572561
-0.00573174
-0.00571605
-0.00570736
-0.00570998
-0.00572557
-0.00575119
-0.00578925
-0.00583273
-0.00588406
-0.00594475
-0.00601134
-0.00608853
-0.00616683
-0.00625112
-0.00633763
-0.00641841
-0.0064975
0.00381151
0.00391493
0.00442992
0.00496616
0.00534624
0.00552054
0.00549803
0.00533561
0.00510383
0.00485931
0.00463575
0.00444787
0.0042984
0.00418114
0.004085
0.00399816
0.00391136
0.00381854
0.0037173
0.00360735
0.00349092
0.00337042
0.0032493
0.00312931
0.0030124
0.00289801
0.00278617
0.00267517
0.00256427
0.00245247
0.0023385
0.00222274
0.0021032
0.00198198
0.00185754
0.00173217
0.0016019
0.00146829
0.00133026
0.00118604
0.00103726
0.000879092
0.000708351
0.000531142
0.00034162
0.000145946
-4.80703e-05
-0.000273299
-0.000536764
-0.000836911
-0.00119624
-0.00161763
-0.00204142
-0.00249031
-0.00291544
-0.00330176
-0.00397634
-0.00489781
-0.00570352
-0.00619932
-0.00646774
-0.00680262
-0.00707194
-0.00690181
-0.00650729
-0.00617918
-0.00586674
-0.00556539
-0.00538014
-0.00529128
-0.00526337
-0.00527591
-0.00532212
-0.00539011
-0.0054506
-0.00552285
-0.00559593
-0.00562954
-0.00566134
-0.00569002
-0.00568821
-0.00569385
-0.00572107
-0.00572772
-0.00571316
-0.00570554
-0.0057089
-0.00572492
-0.00575089
-0.00578922
-0.00583282
-0.00588419
-0.00594491
-0.00601154
-0.00608876
-0.00616706
-0.0062513
-0.00633775
-0.0064186
-0.00649762
0.00349561
0.00359065
0.00410103
0.00463793
0.00502372
0.00520824
0.00519919
0.00505199
0.0048363
0.00460831
0.00440142
0.0042301
0.00409676
0.00399486
0.00391294
0.00383904
0.00376383
0.00368136
0.00358934
0.00348768
0.00337879
0.00326539
0.00315088
0.00303714
0.00292585
0.00281677
0.00270952
0.00260284
0.00249547
0.00238706
0.00227592
0.00216296
0.0020458
0.00192644
0.00180375
0.00167983
0.00155173
0.00141862
0.0012819
0.00113808
0.000989766
0.000832949
0.000663738
0.000488171
0.000299982
0.000103728
-9.57486e-05
-0.000322115
-0.000584744
-0.000882236
-0.00122906
-0.00164002
-0.00205138
-0.00248783
-0.00292814
-0.00332211
-0.00394926
-0.00481472
-0.00559174
-0.00607801
-0.00633959
-0.00666374
-0.00694191
-0.0068098
-0.00644823
-0.00613936
-0.00584194
-0.00555592
-0.00537758
-0.00528986
-0.00526018
-0.0052701
-0.00531324
-0.00538018
-0.00544034
-0.00551176
-0.00558509
-0.00561939
-0.00565133
-0.00568099
-0.00568108
-0.00568789
-0.00571558
-0.00572306
-0.00570975
-0.00570347
-0.0057078
-0.00572439
-0.0057505
-0.00578891
-0.0058327
-0.00588424
-0.00594501
-0.00601157
-0.00608867
-0.00616694
-0.00625118
-0.00633778
-0.00641879
-0.00649776
0.00327133
0.00336617
0.00387554
0.00440758
0.00478612
0.00496328
0.00495017
0.00480548
0.00459994
0.00438888
0.00420403
0.0040575
0.00394906
0.00386945
0.00380541
0.00374466
0.00367852
0.00360234
0.00351494
0.00341742
0.00331281
0.00320416
0.00309463
0.00298572
0.00287873
0.00277306
0.00266842
0.00256332
0.00245712
0.00234922
0.00223873
0.00212615
0.00200976
0.00189046
0.00176798
0.00164386
0.00151606
0.00138291
0.00124566
0.00110148
0.000952569
0.000795976
0.000626786
0.000451822
0.000263642
6.63764e-05
-0.000137716
-0.000364738
-0.000626989
-0.000923108
-0.00125787
-0.00165906
-0.00205906
-0.00248245
-0.00293476
-0.0033357
-0.00391798
-0.0047258
-0.00547428
-0.0059542
-0.00620878
-0.00652003
-0.00680318
-0.0067054
-0.00637822
-0.0060936
-0.00581607
-0.00554563
-0.00537294
-0.0052843
-0.00525474
-0.00526505
-0.00530788
-0.00537382
-0.00543287
-0.00550275
-0.00557547
-0.00561001
-0.0056419
-0.00567223
-0.00567405
-0.00568201
-0.00570999
-0.00571813
-0.00570616
-0.00570122
-0.00570646
-0.00572353
-0.00575002
-0.00578869
-0.00583262
-0.00588431
-0.00594519
-0.00601186
-0.00608902
-0.00616727
-0.00625145
-0.00633793
-0.006419
-0.00649792
0.00314022
0.00325665
0.00378119
0.0043066
0.0046595
0.00479702
0.0047412
0.00456439
0.00434459
0.00413598
0.00396448
0.00383762
0.00375034
0.00368931
0.00363923
0.00358781
0.00352766
0.00345574
0.00337235
0.00327972
0.00318131
0.00308004
0.00297849
0.00287751
0.00277779
0.00267847
0.00257904
0.00247825
0.00237558
0.00227075
0.00216324
0.00205328
0.00194
0.00182321
0.00170324
0.00158075
0.00145515
0.00132376
0.00118784
0.00104519
0.000896581
0.000741915
0.000574099
0.00040086
0.000213767
1.68263e-05
-0.000189316
-0.000417646
-0.000676503
-0.000970231
-0.00129417
-0.00168228
-0.00207392
-0.00248286
-0.00293769
-0.00334609
-0.00388779
-0.00463747
-0.00535603
-0.00582899
-0.00607731
-0.00637521
-0.00666138
-0.00659968
-0.00630918
-0.0060477
-0.00578802
-0.0055326
-0.00536737
-0.00528086
-0.00525097
-0.0052596
-0.00529965
-0.00536393
-0.00542241
-0.0054911
-0.00556365
-0.00559884
-0.00563076
-0.00566194
-0.0056658
-0.00567507
-0.00570352
-0.00571257
-0.00570205
-0.00569856
-0.00570495
-0.0057227
-0.00574948
-0.00578831
-0.00583253
-0.00588437
-0.00594529
-0.00601185
-0.00608885
-0.00616709
-0.00625126
-0.00633797
-0.00641922
-0.00649809
0.00295407
0.00300784
0.00345885
0.00391974
0.00423181
0.0043605
0.00432869
0.0041987
0.00403446
0.00387912
0.00375249
0.00365883
0.0035916
0.00353909
0.00349037
0.00343816
0.00337875
0.00331084
0.00323519
0.00315315
0.00306689
0.00297771
0.00288726
0.00279555
0.00270328
0.00260946
0.00251425
0.00241658
0.00231659
0.00221398
0.00210871
0.0020007
0.00188948
0.00177461
0.00165613
0.0015347
0.00140965
0.0012794
0.00114376
0.00100202
0.000852803
0.000698922
0.00053169
0.000358856
0.000172487
-2.50374e-05
-0.000233137
-0.000462548
-0.0007177
-0.00101007
-0.00132451
-0.00169928
-0.00208461
-0.00247894
-0.00293072
-0.00334683
-0.00385437
-0.00454574
-0.00523045
-0.00569808
-0.0059423
-0.0062256
-0.00651281
-0.00648495
-0.00622955
-0.00599251
-0.00575448
-0.00551671
-0.00535928
-0.00527288
-0.00524246
-0.00525147
-0.00529077
-0.00535407
-0.00541193
-0.00547935
-0.00555161
-0.00558743
-0.00561948
-0.0056515
-0.0056574
-0.00566808
-0.00569694
-0.00570683
-0.00569785
-0.00569592
-0.00570333
-0.0057217
-0.00574886
-0.00578797
-0.00583233
-0.00588438
-0.00594547
-0.0060122
-0.00608931
-0.00616751
-0.00625171
-0.00633812
-0.00641945
-0.00649828
0.00483557
0.00475503
0.0042672
0.00376139
0.00339767
0.00321131
0.00318082
0.0032451
0.00333994
0.0034213
0.00346797
0.0034744
0.0034459
0.00339354
0.00332834
0.00325797
0.00318701
0.00311709
0.00304834
0.00297927
0.00290879
0.0028353
0.00275868
0.0026781
0.00259422
0.00250656
0.00241589
0.00232188
0.00222518
0.00212575
0.00202377
0.00191897
0.00181091
0.00169924
0.00158342
0.00146438
0.00134099
0.00121292
0.00107871
0.000939156
0.00079089
0.00063831
0.000473086
0.00030138
0.000117256
-8.02691e-05
-0.000287844
-0.000517394
-0.000768551
-0.0010564
-0.00136326
-0.00172257
-0.00210074
-0.00248211
-0.00292318
-0.00334408
-0.0038228
-0.004455
-0.00510362
-0.00556731
-0.00580901
-0.00607746
-0.00636336
-0.00636818
-0.00615023
-0.00593901
-0.00572042
-0.00549852
-0.00534976
-0.00526613
-0.00523614
-0.0052448
-0.005282
-0.00534378
-0.00540102
-0.00546705
-0.00553887
-0.00557533
-0.00560736
-0.00564018
-0.00564824
-0.00566032
-0.00568966
-0.00570053
-0.00569316
-0.00569282
-0.00570148
-0.00572061
-0.00574816
-0.00578753
-0.00583218
-0.00588448
-0.00594557
-0.00601214
-0.00608905
-0.00616727
-0.00625144
-0.00633817
-0.00641969
-0.00649848
0.00465453
0.00451154
0.00394867
0.00337662
0.00297068
0.00277439
0.00276687
0.00287694
0.00302634
0.00315959
0.00324894
0.00328576
0.00327411
0.00322677
0.00315934
0.00308467
0.00301119
0.00294235
0.00287888
0.00281862
0.00275923
0.00269767
0.0026326
0.00256243
0.00248729
0.00240683
0.00232186
0.00223266
0.00213996
0.00204437
0.00194585
0.00184466
0.00173975
0.0016315
0.00151845
0.00140214
0.00128062
0.00115463
0.00102184
0.00088401
0.000737166
0.000585132
0.000421973
0.000250567
6.86088e-05
-0.000128501
-0.000335632
-0.000564841
-0.000812104
-0.00109452
-0.00139562
-0.00173973
-0.00211029
-0.00248094
-0.00290719
-0.00332958
-0.00378586
-0.00436212
-0.00497205
-0.00543125
-0.00567214
-0.00592483
-0.00620714
-0.0062423
-0.00605988
-0.00587382
-0.00567812
-0.00547578
-0.00533714
-0.0052555
-0.00522511
-0.00523397
-0.00527027
-0.00533111
-0.00538807
-0.00545299
-0.00552452
-0.00556185
-0.0055941
-0.00562778
-0.00563816
-0.00565192
-0.00568181
-0.0056937
-0.00568812
-0.00568953
-0.00569942
-0.00571931
-0.00574734
-0.00578702
-0.00583189
-0.00588434
-0.00594572
-0.00601255
-0.00608961
-0.00616777
-0.00625188
-0.00633833
-0.00641994
-0.00649871
0.00460112
0.00448316
0.00393512
0.00335234
0.00291303
0.00266601
0.00260216
0.00266513
0.00278543
0.00290811
0.00300115
0.00305098
0.00305623
0.00302468
0.00296914
0.00290212
0.00283343
0.00276833
0.00270891
0.00265404
0.00260162
0.00254832
0.00249201
0.00243069
0.00236375
0.00229081
0.00221218
0.00212853
0.00204036
0.0019489
0.00185386
0.00175615
0.00165428
0.00154921
0.00143908
0.00132555
0.0012066
0.00108282
0.000952249
0.000816144
0.000671726
0.000520569
0.000359878
0.000189187
9.72141e-06
-0.000185849
-0.000392035
-0.000618782
-0.000863076
-0.00113804
-0.0014331
-0.00176315
-0.00212265
-0.00248443
-0.00289264
-0.00330981
-0.00374895
-0.00427234
-0.00483987
-0.00529393
-0.00553689
-0.00577489
-0.00605198
-0.00611532
-0.00596968
-0.00581097
-0.0056367
-0.00545102
-0.00532227
-0.0052444
-0.00521506
-0.00522461
-0.00525978
-0.00531931
-0.00537578
-0.00543925
-0.00551021
-0.00554833
-0.00558065
-0.0056151
-0.00562784
-0.00564321
-0.00567366
-0.00568666
-0.00568286
-0.00568604
-0.00569727
-0.005718
-0.00574649
-0.0057865
-0.00583176
-0.00588456
-0.00594582
-0.00601245
-0.00608928
-0.00616748
-0.00625166
-0.0063384
-0.00642019
-0.00649895
0.00445672
0.00432942
0.00376723
0.00316683
0.0027086
0.00244292
0.00236279
0.00241408
0.00252863
0.00265151
0.00275002
0.00280971
0.00282776
0.00280984
0.00276685
0.00271015
0.00264923
0.00258987
0.00253487
0.00248421
0.00243639
0.00238882
0.00233915
0.00228546
0.00222638
0.00216143
0.00209012
0.00201321
0.00193078
0.00184441
0.00175383
0.00166019
0.00156217
0.00146063
0.00135413
0.00124368
0.00112798
0.00100677
0.000879315
0.000745445
0.00060435
0.000454956
0.000297126
0.000128313
-4.90783e-05
-0.000241512
-0.000446372
-0.00066935
-0.000910335
-0.00117744
-0.00146555
-0.00178327
-0.00212981
-0.00248364
-0.00287356
-0.00328013
-0.0037059
-0.0041829
-0.00470635
-0.00515298
-0.0053997
-0.00562286
-0.00589188
-0.0059801
-0.005869
-0.00573592
-0.00558531
-0.0054204
-0.00530382
-0.00523053
-0.00520141
-0.00521088
-0.00524506
-0.00530363
-0.00536021
-0.00542284
-0.00549349
-0.00553278
-0.00556545
-0.00560074
-0.00561601
-0.00563329
-0.00566441
-0.00567859
-0.00567682
-0.00568196
-0.0056946
-0.00571627
-0.00574537
-0.00578577
-0.00583127
-0.00588421
-0.00594595
-0.00601288
-0.00608991
-0.00616803
-0.00625208
-0.00633856
-0.00642046
-0.00649921
0.00428364
0.00415306
0.00358681
0.00298258
0.00252113
0.00225289
0.00217077
0.00222048
0.00233381
0.00245605
0.00255473
0.00261563
0.002636
0.00262146
0.00258245
0.00253001
0.00247315
0.00241765
0.00236623
0.00231926
0.00227534
0.00223233
0.00218775
0.00213987
0.00208701
0.00202859
0.00196375
0.00189302
0.0018163
0.00173498
0.00164907
0.0015595
0.00146556
0.00136744
0.00126474
0.00115733
0.00104527
0.000926839
0.000802644
0.000671202
0.000533054
0.000386077
0.000230605
6.4574e-05
-0.000111224
-0.000299713
-0.000502791
-0.000721598
-0.000958251
-0.00121864
-0.00149799
-0.00180522
-0.00213752
-0.0024817
-0.00285556
-0.00324528
-0.00365741
-0.00409586
-0.00457374
-0.00500884
-0.00526204
-0.00547312
-0.00573309
-0.00584374
-0.00576733
-0.00566171
-0.00553442
-0.00538747
-0.0052821
-0.00521403
-0.00518657
-0.00519765
-0.00523185
-0.00528953
-0.00534591
-0.00540717
-0.00547713
-0.00551744
-0.00555034
-0.00558639
-0.00560424
-0.0056234
-0.00565521
-0.00567067
-0.0056709
-0.00567798
-0.00569211
-0.00571471
-0.00574435
-0.00578517
-0.00583116
-0.00588445
-0.00594603
-0.00601276
-0.00608956
-0.00616769
-0.00625191
-0.00633866
-0.00642073
-0.00649949
0.00410731
0.00397585
0.00340792
0.00280189
0.00233849
0.00206809
0.00198362
0.00203098
0.00214222
0.00226288
0.00236065
0.00242148
0.00244255
0.0024295
0.0023926
0.00234282
0.00228897
0.0022368
0.00218893
0.0021458
0.00210599
0.00206744
0.00202766
0.00198487
0.00193743
0.00188461
0.00182565
0.00176065
0.00168973
0.00161361
0.00153294
0.00144786
0.00135861
0.00126445
0.001166
0.00106218
0.00095399
0.000839053
0.000718256
0.00059012
0.000454889
0.000311487
0.000158441
-3.65351e-06
-0.00017748
-0.00036161
-0.000561456
-0.000775801
-0.00100627
-0.00126031
-0.00152948
-0.00182616
-0.00214426
-0.00247657
-0.00283585
-0.00320585
-0.00360332
-0.00401123
-0.0044441
-0.00486365
-0.00512426
-0.0053249
-0.00557342
-0.00570225
-0.00565768
-0.00557747
-0.00547404
-0.00534822
-0.00525629
-0.00519552
-0.00516981
-0.0051808
-0.00521389
-0.00527063
-0.0053276
-0.00538838
-0.00545801
-0.00549978
-0.00553325
-0.00557007
-0.00559058
-0.00561187
-0.00564446
-0.00566126
-0.00566375
-0.00567298
-0.0056887
-0.00571242
-0.00574282
-0.00578412
-0.00583038
-0.00588395
-0.00594607
-0.00601315
-0.00609018
-0.0061683
-0.00625232
-0.00633881
-0.006421
-0.00649979
0.00392699
0.00379492
0.00322588
0.00261837
0.00215332
0.00188121
0.0017951
0.00184106
0.0019512
0.00207119
0.0021687
0.00222975
0.00225156
0.00223977
0.00220462
0.00215705
0.00210579
0.00205654
0.00201186
0.00197217
0.0019361
0.00190152
0.00186605
0.0018277
0.00178503
0.00173704
0.00168326
0.00162337
0.00155781
0.0014867
0.0014111
0.00133064
0.00124609
0.00115621
0.00106204
0.000962218
0.000857822
0.000746888
0.000629488
0.000505299
0.000373047
0.00023384
8.36558e-05
-7.4176e-05
-0.000244813
-0.000424951
-0.000619705
-0.000829921
-0.00105298
-0.00130046
-0.00155955
-0.00184499
-0.00214999
-0.00246786
-0.0028139
-0.00316365
-0.00354301
-0.00392696
-0.00431792
-0.00471573
-0.00498358
-0.00517785
-0.00541442
-0.00555851
-0.00554489
-0.00549077
-0.00541152
-0.00530581
-0.00522664
-0.00517279
-0.00514981
-0.00516269
-0.00519685
-0.00525318
-0.00531042
-0.00537019
-0.00543902
-0.0054821
-0.0055161
-0.00555366
-0.00557693
-0.00560045
-0.00563395
-0.00565224
-0.00565698
-0.00566838
-0.00568574
-0.00571054
-0.0057416
-0.00578345
-0.00583031
-0.00588425
-0.00594621
-0.00601309
-0.00608984
-0.00616793
-0.00625221
-0.00633895
-0.00642131
-0.00650012
0.00374756
0.00361431
0.00304342
0.00243424
0.00196782
0.00169467
0.00160782
0.00165334
0.0017633
0.00188334
0.00198114
0.00204269
0.00206523
0.00205443
0.00202054
0.00197449
0.00192507
0.00187788
0.00183559
0.00179851
0.0017654
0.001734
0.0017021
0.00166747
0.00162888
0.00158504
0.00153578
0.00148044
0.00141969
0.00135325
0.00128238
0.00120651
0.00112645
0.00104113
0.00095113
0.000855782
0.000755096
0.000648703
0.000534793
0.000415063
0.000286248
0.00015141
5.12967e-06
-0.000148699
-0.000314619
-0.000491067
-0.000679426
-0.000885202
-0.00110026
-0.00133992
-0.00158978
-0.00186223
-0.00215552
-0.00245744
-0.00278931
-0.00312006
-0.00347773
-0.00384257
-0.0041967
-0.00456957
-0.00484399
-0.00503458
-0.00525813
-0.00541373
-0.00542823
-0.00539793
-0.00534188
-0.00525697
-0.00519202
-0.00514811
-0.00512847
-0.00514218
-0.00517543
-0.00523084
-0.00528918
-0.00534901
-0.00541746
-0.00546227
-0.00549719
-0.00553542
-0.00556141
-0.00558728
-0.0056217
-0.00564147
-0.00564866
-0.00566238
-0.00568151
-0.0057076
-0.00573957
-0.00578196
-0.00582915
-0.00588345
-0.00594601
-0.00601335
-0.00609044
-0.00616857
-0.00625258
-0.00633911
-0.00642157
-0.00650045
0.00356663
0.00343294
0.00286115
0.00225101
0.00178379
0.00151004
0.00142281
0.00146815
0.00157811
0.00169828
0.00179637
0.00185834
0.00188148
0.00187138
0.00183838
0.00179337
0.00174522
0.00169952
0.00165904
0.001624
0.0015933
0.00156456
0.00153565
0.00150425
0.00146917
0.00142904
0.00138373
0.00133254
0.00127605
0.00121407
0.00114752
0.0010762
0.00100045
0.00091982
0.000834021
0.00074333
0.000646643
0.000544887
0.000435091
0.000319844
0.000195277
6.47345e-05
-7.6659e-05
-0.000226498
-0.000386601
-0.000559016
-0.000740468
-0.000940525
-0.00114795
-0.00137801
-0.00161928
-0.00187796
-0.00215947
-0.00244497
-0.00276119
-0.00307574
-0.00340939
-0.00375628
-0.00408119
-0.00442589
-0.00470171
-0.00489226
-0.00510369
-0.00526711
-0.00530728
-0.00530029
-0.00526756
-0.00520399
-0.00515338
-0.00511826
-0.00510281
-0.00511871
-0.00515364
-0.00520896
-0.00526811
-0.00532766
-0.00539533
-0.00544172
-0.00547765
-0.00551659
-0.00554544
-0.00557392
-0.00560955
-0.00563104
-0.00564078
-0.0056569
-0.00567789
-0.00570525
-0.00573807
-0.00578118
-0.0058291
-0.00588384
-0.00594629
-0.00601334
-0.00609013
-0.0061682
-0.00625256
-0.00633927
-0.00642192
-0.00650083
0.00338689
0.00325262
0.00267991
0.0020689
0.00160103
0.00132683
0.00123937
0.00128459
0.00139456
0.00151482
0.00161312
0.00167544
0.00169908
0.0016896
0.00165735
0.00161318
0.00156604
0.00152152
0.00148246
0.00144912
0.0014204
0.00139393
0.00136754
0.00133893
0.00130683
0.00126997
0.00122809
0.00118067
0.00112802
0.00107019
0.00100764
0.000940704
0.000869112
0.000793119
0.000711583
0.000625566
0.000533157
0.000436054
0.000330898
0.000220098
0.000100527
-2.58871e-05
-0.000161459
-0.000307063
-0.000460861
-0.000628116
-0.000802719
-0.000995463
-0.00119564
-0.00141479
-0.00164772
-0.00189208
-0.00216129
-0.00243196
-0.00273023
-0.00303045
-0.00333983
-0.0036679
-0.0039697
-0.00428597
-0.00456013
-0.00475299
-0.00495299
-0.0051211
-0.00518417
-0.00519892
-0.00518802
-0.0051447
-0.0051088
-0.00508527
-0.00507578
-0.00509353
-0.00512843
-0.00518288
-0.00524345
-0.00530383
-0.00537118
-0.0054195
-0.00545684
-0.00549644
-0.00552796
-0.00555907
-0.00559583
-0.00561896
-0.0056313
-0.0056499
-0.0056728
-0.0057016
-0.00573543
-0.00577917
-0.00582746
-0.00588265
-0.00594575
-0.00601345
-0.00609063
-0.00616879
-0.00625286
-0.00633945
-0.00642217
-0.00650119
0.00320843
0.00307353
0.00249978
0.00188783
0.00141929
0.00114471
0.00105712
0.00110236
0.00121242
0.00133281
0.00143132
0.00149393
0.001518
0.00150908
0.0014775
0.0014341
0.00138782
0.00134428
0.00130637
0.00127443
0.00124735
0.00122281
0.00119854
0.00117233
0.00114276
0.00110877
0.00106987
0.00102584
0.000976637
0.000922644
0.000863896
0.000801071
0.000733562
0.00066195
0.000584817
0.000503241
0.000415448
0.000322758
0.000222715
0.00011635
2.19955e-06
-0.00011968
-0.000249255
-0.000389658
-0.000537142
-0.000698129
-0.000866158
-0.00105016
-0.00124335
-0.00145092
-0.00167461
-0.00190596
-0.00216126
-0.00241834
-0.00269733
-0.00298347
-0.00327052
-0.00357844
-0.00386313
-0.0041526
-0.00441932
-0.00461535
-0.00480607
-0.00497579
-0.00505861
-0.00509322
-0.00510304
-0.00508083
-0.00506024
-0.0050475
-0.00504385
-0.00506456
-0.00510137
-0.00515584
-0.00521758
-0.00527881
-0.00534577
-0.00539595
-0.00543483
-0.0054751
-0.00550934
-0.00554338
-0.00558169
-0.00560679
-0.00562195
-0.00564321
-0.00566822
-0.00569858
-0.00573354
-0.00577823
-0.00582741
-0.00588312
-0.00594619
-0.00601349
-0.00609041
-0.00616851
-0.00625294
-0.00633965
-0.00642256
-0.00650163
0.00303137
0.00289592
0.00232114
0.00170821
0.00123897
0.000964016
0.000876335
0.000921677
0.00103193
0.00115253
0.00125124
0.00131411
0.00133851
0.00133005
0.00129903
0.00125632
0.00121078
0.00116811
0.00113115
0.00110037
0.00107462
0.00105171
0.00102925
0.00100513
0.00097777
0.000946267
0.000910009
0.000868956
0.000822906
0.000772369
0.000717191
0.000658138
0.000594577
0.00052707
0.000454361
0.000377089
0.000294034
0.000205752
0.000110969
9.32246e-06
-9.91668e-05
-0.000216068
-0.000339607
-0.000473999
-0.000615333
-0.000768919
-0.000930358
-0.00110491
-0.0012905
-0.00148676
-0.00170019
-0.00191916
-0.00215924
-0.00240404
-0.00266351
-0.00293485
-0.00320293
-0.00348962
-0.00375906
-0.00402492
-0.00428112
-0.00447982
-0.00466313
-0.00483251
-0.00493196
-0.00498485
-0.00501413
-0.00501145
-0.00500516
-0.00500458
-0.00500949
-0.0050336
-0.00507182
-0.00512573
-0.00518869
-0.00525146
-0.00531846
-0.0053707
-0.00541159
-0.00545265
-0.00548954
-0.00552659
-0.00556648
-0.00559343
-0.00561135
-0.00563523
-0.00566229
-0.00569419
-0.00573022
-0.00577556
-0.0058252
-0.00588144
-0.00594524
-0.00601338
-0.00609071
-0.00616894
-0.00625313
-0.00633981
-0.00642278
-0.00650199
0.0028556
0.00271982
0.00214418
0.00153037
0.00106045
0.000785086
0.000697298
0.000742759
0.000853238
0.000974099
0.00107306
0.00113618
0.00116085
0.00115274
0.00112218
0.00108005
0.00103518
0.000993283
0.000957158
0.000927359
0.000902747
0.000881218
0.000860335
0.000838029
0.000812645
0.000783328
0.000749433
0.000710994
0.000667814
0.000620371
0.000568544
0.000512942
0.000453166
0.000389512
0.000321152
0.000248114
0.000169822
8.60112e-05
-3.55398e-06
-0.000100173
-0.000203102
-0.000314375
-0.00043209
-0.000559712
-0.000694726
-0.000840408
-0.000994851
-0.00115988
-0.00133697
-0.00152248
-0.00172409
-0.00193191
-0.00215651
-0.00238864
-0.00263025
-0.00288565
-0.0031369
-0.00340201
-0.00365783
-0.00390447
-0.00414695
-0.00434667
-0.00452494
-0.00469211
-0.00480507
-0.00487417
-0.00492036
-0.0049369
-0.00494607
-0.00495767
-0.00497065
-0.00499867
-0.00503937
-0.00509361
-0.00515767
-0.00522206
-0.00528945
-0.00534396
-0.00538717
-0.00542906
-0.00546835
-0.00550846
-0.0055502
-0.00557929
-0.00560019
-0.00562697
-0.00565642
-0.00569023
-0.00572777
-0.00577438
-0.00582509
-0.00588198
-0.00594581
-0.00601356
-0.00609065
-0.00616885
-0.0062533
-0.00634009
-0.00642324
-0.0065025
0.00268126
0.00254536
0.00196911
0.0013546
0.000884081
0.00060832
0.000520377
0.000565909
0.000676596
0.00079773
0.000896964
0.000960345
0.000985269
0.000977461
0.000947274
0.000905636
0.000861354
0.000820147
0.000784791
0.00075587
0.000732257
0.000711914
0.000692416
0.000671704
0.000648103
0.00062073
0.000588981
0.00055287
0.000512312
0.000467672
0.000418974
0.000366586
0.000310389
0.00025038
0.000186152
0.000117293
4.35923e-05
-3.56008e-05
-0.000120133
-0.000211427
-0.000308787
-0.00041406
-0.000525845
-0.00064641
-0.000774818
-0.000912402
-0.00105927
-0.00121498
-0.00138257
-0.00155788
-0.00174738
-0.00194405
-0.00215333
-0.0023726
-0.00259791
-0.00283615
-0.00307247
-0.00331778
-0.00355943
-0.00378976
-0.00401817
-0.00421662
-0.00439093
-0.00455531
-0.00467859
-0.00476185
-0.00482376
-0.00485839
-0.00488153
-0.00490481
-0.00492748
-0.00496084
-0.00500456
-0.00505924
-0.00512407
-0.00519028
-0.00525848
-0.00531547
-0.00536142
-0.00540428
-0.00544585
-0.00548923
-0.00553317
-0.00556446
-0.00558835
-0.00561795
-0.00564964
-0.00568506
-0.00572366
-0.00577096
-0.00582219
-0.00587971
-0.00594436
-0.00601301
-0.00609066
-0.00616897
-0.00625342
-0.00634019
-0.0064234
-0.00650286
0.00250863
0.0023727
0.00179605
0.00118105
0.000710062
0.000433956
0.00034584
0.000391387
0.000502234
0.00062362
0.000723142
0.000786818
0.000812025
0.000804511
0.00077466
0.000733441
0.00068968
0.000649102
0.000614469
0.000586364
0.000563677
0.000544396
0.000526141
0.000506848
0.00048487
0.00045927
0.000429497
0.000395513
0.000357351
0.000315289
0.00026948
0.000220128
0.000167277
0.000110773
5.04441e-05
-1.43031e-05
-8.35394e-05
-0.00015806
-0.000237667
-0.000323551
-0.000415415
-0.000514475
-0.000620229
-0.00073374
-0.000855148
-0.00098468
-0.0011234
-0.00127012
-0.00142777
-0.00159316
-0.00177017
-0.00195555
-0.00215069
-0.00235604
-0.00256653
-0.00278818
-0.00301046
-0.00323742
-0.00346455
-0.00368172
-0.00389585
-0.0040903
-0.00426199
-0.00442295
-0.00455351
-0.00464924
-0.0047245
-0.00477515
-0.00481253
-0.00484783
-0.00488028
-0.00491931
-0.00496657
-0.0050224
-0.0050881
-0.0051561
-0.00522539
-0.00528509
-0.00533415
-0.00537821
-0.00542185
-0.00546842
-0.00551478
-0.0055485
-0.00557542
-0.00560795
-0.00564224
-0.00567996
-0.0057205
-0.00576943
-0.00582196
-0.00588027
-0.00594504
-0.00601338
-0.00609077
-0.00616911
-0.00625371
-0.00634059
-0.00642395
-0.00650344
0.00233853
0.00220256
0.00162559
0.0010102
0.000538874
0.000262509
0.00017426
0.000219817
0.000330798
0.000452411
0.000552216
0.000616202
0.000641724
0.000634532
0.000605025
0.000564207
0.000520929
0.000480931
0.000446983
0.000419656
0.000397856
0.000379571
0.000362466
0.000344475
0.00032399
0.000300032
0.000272093
0.000240088
0.000204138
0.000164478
0.000121348
7.48767e-05
2.51704e-05
-2.79558e-05
-8.4617e-05
-0.000145351
-0.000210325
-0.000280202
-0.000355007
-0.000435541
-0.000521871
-0.000614765
-0.000714287
-0.000820825
-0.000934953
-0.00105659
-0.00118689
-0.00132478
-0.00147227
-0.00162762
-0.00179271
-0.00196654
-0.00214829
-0.00233989
-0.00253669
-0.002742
-0.00295023
-0.00316128
-0.00337398
-0.00357901
-0.00378023
-0.00396908
-0.0041381
-0.00429576
-0.00443113
-0.0045369
-0.0046235
-0.00468897
-0.00473977
-0.00478611
-0.00482848
-0.00487419
-0.00492587
-0.0049836
-0.00505017
-0.00511984
-0.00519041
-0.00525299
-0.00530577
-0.00535138
-0.00539674
-0.00544651
-0.00549569
-0.00553192
-0.00556186
-0.00559748
-0.00563429
-0.0056738
-0.00571544
-0.00576511
-0.00581825
-0.0058773
-0.00594301
-0.00601235
-0.00609041
-0.00616897
-0.00625365
-0.00634059
-0.00642402
-0.00650376
0.00217036
0.00203437
0.00145715
0.00084148
0.000369917
9.33901e-05
5.07193e-06
5.06623e-05
0.000161769
0.000283584
0.000383649
0.000447937
0.00047379
0.000466945
0.00043781
0.0003974
0.000354596
0.000315149
0.000281852
0.000255272
0.00023433
0.000217014
0.000201015
0.00018427
0.000165198
0.000142809
0.000116614
8.65171e-05
5.26735e-05
1.53239e-05
-2.52641e-05
-6.89635e-05
-0.000115669
-0.000165537
-0.000218683
-0.000275558
-0.000336401
-0.000401762
-0.000471837
-0.000547167
-0.000628025
-0.000714891
-0.000808085
-0.000907795
-0.00101461
-0.00112844
-0.00125013
-0.00137916
-0.00151662
-0.00166188
-0.00181553
-0.00197766
-0.00214701
-0.00232489
-0.00250835
-0.00269873
-0.00289317
-0.00308948
-0.00328785
-0.00348173
-0.00367134
-0.00385274
-0.00401868
-0.00417343
-0.00431145
-0.00442545
-0.00452173
-0.00459955
-0.00466265
-0.00471992
-0.00477223
-0.00482494
-0.00488153
-0.00494184
-0.00500967
-0.00508088
-0.00515268
-0.00521833
-0.00527537
-0.00532309
-0.00537003
-0.00542275
-0.00547507
-0.00551427
-0.00554735
-0.005586
-0.00562555
-0.00566763
-0.00571154
-0.00576314
-0.00581781
-0.00587782
-0.00594377
-0.00601289
-0.00609074
-0.00616929
-0.0062541
-0.00634112
-0.00642468
-0.00650442
0.00200792
0.001872
0.00129466
0.000678795
0.000207069
-6.95675e-05
-0.000157923
-0.000112288
-1.06339e-06
0.00012093
0.000221224
0.000285783
0.000311941
0.000305427
0.000276646
0.000236619
0.000194241
0.000155281
0.000122551
9.66282e-05
7.64493e-05
6.00047e-05
4.50003e-05
2.93775e-05
1.15733e-05
-9.39942e-06
-3.40149e-05
-6.23646e-05
-9.42752e-05
-0.00012949
-0.000167729
-0.000208844
-0.000252745
-0.000299553
-0.000349411
-0.000402682
-0.000459654
-0.000520787
-0.00058636
-0.00065679
-0.000732379
-0.000813515
-0.000900546
-0.000993682
-0.00109332
-0.00119954
-0.00131288
-0.00143329
-0.00156116
-0.00169651
-0.00183932
-0.00198998
-0.00214746
-0.00231238
-0.00248326
-0.00265975
-0.00284076
-0.00302392
-0.00320907
-0.00339186
-0.00357081
-0.00374435
-0.00390654
-0.00405826
-0.00419703
-0.00431699
-0.00442087
-0.00450926
-0.0045837
-0.00465099
-0.00471283
-0.00477268
-0.00483476
-0.00489851
-0.00496779
-0.0050407
-0.00511366
-0.00518183
-0.00524365
-0.00529428
-0.00534246
-0.00539771
-0.00545337
-0.00549557
-0.0055316
-0.00557336
-0.00561578
-0.00565999
-0.00570523
-0.00575775
-0.00581318
-0.00587406
-0.00594106
-0.00601126
-0.00608989
-0.00616882
-0.00625382
-0.00634098
-0.00642465
-0.00650469
0.0018423
0.00170639
0.00112884
0.00051283
4.113e-05
-0.0002353
-0.000323288
-0.000277169
-0.000165381
-4.2769e-05
5.81901e-05
0.000123461
0.000150379
0.000144674
0.000116749
7.76259e-05
3.62043e-05
-1.74286e-06
-3.33948e-05
-5.81664e-05
-7.71115e-05
-9.22368e-05
-0.000105829
-0.000119947
-0.000136146
-0.000155412
-0.000178211
-0.000204628
-0.000234476
-0.000267485
-0.000303359
-0.000341931
-0.000383099
-0.000426957
-0.00047363
-0.00052344
-0.000576662
-0.000633725
-0.000694913
-0.000760621
-0.000831111
-0.000906754
-0.000987836
-0.00107463
-0.0011674
-0.00126633
-0.00137175
-0.00148377
-0.0016026
-0.00172834
-0.00186096
-0.00200066
-0.00214697
-0.00229977
-0.00245849
-0.00262224
-0.00279061
-0.00296141
-0.0031341
-0.00330623
-0.00347547
-0.00364104
-0.00379846
-0.0039472
-0.00408562
-0.00420974
-0.00431996
-0.00441701
-0.00450154
-0.00457802
-0.00464894
-0.004716
-0.00478374
-0.00485187
-0.0049232
-0.00499808
-0.00507263
-0.00514289
-0.00520963
-0.00526449
-0.00531424
-0.00537158
-0.00543092
-0.00547684
-0.00551609
-0.0055608
-0.00560607
-0.00565297
-0.00570061
-0.00575526
-0.00581241
-0.00587442
-0.00594182
-0.00601194
-0.00609045
-0.00616934
-0.00625445
-0.00634166
-0.00642542
-0.00650543
0.00167936
0.00154259
0.000964024
0.000347262
-0.000124876
-0.000401438
-0.000489312
-0.000442933
-0.000330823
-0.00020787
-0.000106561
-4.09251e-05
-1.36112e-05
-1.88781e-05
-4.63047e-05
-8.48627e-05
-0.000125642
-0.000162865
-0.0001937
-0.000217557
-0.000235475
-0.000249456
-0.000261775
-0.000274491
-0.00028915
-0.000306742
-0.000327723
-0.000352177
-0.000379904
-0.000410627
-0.000444032
-0.00047994
-0.000518235
-0.000558995
-0.000602335
-0.000648548
-0.000697897
-0.000750778
-0.000807474
-0.000868358
-0.000933677
-0.00100377
-0.00107887
-0.00115927
-0.00124518
-0.0013368
-0.00143437
-0.00153803
-0.00164798
-0.00176426
-0.00188696
-0.00201604
-0.00215145
-0.00229274
-0.00243977
-0.00259157
-0.00274777
-0.00290695
-0.00306816
-0.00322999
-0.00338993
-0.00354764
-0.00369958
-0.00384494
-0.00398192
-0.00410816
-0.004223
-0.00432645
-0.00441957
-0.00450396
-0.00458306
-0.00465728
-0.0047303
-0.00480318
-0.00487671
-0.00495346
-0.00502997
-0.00510147
-0.00517255
-0.00523248
-0.00528396
-0.00534264
-0.00540555
-0.00545541
-0.0054978
-0.00554558
-0.00559399
-0.00564347
-0.00569281
-0.00574866
-0.00580679
-0.00586984
-0.0059384
-0.00600967
-0.00608907
-0.00616848
-0.00625389
-0.00634136
-0.00642528
-0.00650561
0.00154654
0.00141128
0.000833969
0.000218204
-0.000253102
-0.000528938
-0.000616138
-0.000569091
-0.000456309
-0.000332694
-0.000230749
-0.000164512
-0.000136633
-0.000141365
-0.000168273
-0.000206316
-0.000246575
-0.000283269
-0.00031357
-0.00033689
-0.000354273
-0.000367722
-0.000379509
-0.000391685
-0.000405783
-0.000422774
-0.000443096
-0.000466811
-0.000493694
-0.000523438
-0.000555701
-0.000590275
-0.000627025
-0.000666005
-0.000707323
-0.000751246
-0.000798022
-0.000848013
-0.000901496
-0.000958814
-0.00102022
-0.00108599
-0.00115636
-0.00123155
-0.00131178
-0.00139722
-0.00148809
-0.00158447
-0.00168663
-0.0017945
-0.00190833
-0.0020279
-0.00215344
-0.0022844
-0.00242078
-0.00256177
-0.00270695
-0.00285552
-0.0030061
-0.00315825
-0.00330941
-0.00345969
-0.00360605
-0.00374789
-0.00388332
-0.00401047
-0.00412908
-0.00423744
-0.00433779
-0.00442934
-0.00451556
-0.00459706
-0.00467518
-0.0047533
-0.0048303
-0.00490891
-0.00498835
-0.00506143
-0.00513561
-0.00520153
-0.0052561
-0.0053155
-0.00538154
-0.00543592
-0.00548168
-0.00553212
-0.00558338
-0.00563566
-0.00568747
-0.00574553
-0.00580551
-0.00586986
-0.00593902
-0.00601039
-0.00608979
-0.00616919
-0.00625469
-0.00634219
-0.00642616
-0.00650642
0.00128574
0.00115069
0.000574478
-3.81554e-05
-0.000504272
-0.000773066
-0.000851869
-0.00079602
-0.000674916
-0.000543979
-0.000435885
-0.00036467
-0.000332823
-0.000334236
-0.000358055
-0.000392901
-0.000429657
-0.000462486
-0.000488592
-0.000507483
-0.000520338
-0.000529303
-0.000536769
-0.000544865
-0.000555157
-0.00056861
-0.000585629
-0.000606215
-0.000630083
-0.00065685
-0.000686122
-0.000717633
-0.000751226
-0.000786922
-0.000824827
-0.000865165
-0.000908175
-0.000954158
-0.0010034
-0.00105621
-0.00111284
-0.00117353
-0.00123852
-0.00130796
-0.0013821
-0.00146102
-0.00154498
-0.00163401
-0.00172838
-0.00182803
-0.00193318
-0.00204366
-0.00215959
-0.00228064
-0.00240666
-0.00253728
-0.00267185
-0.00281012
-0.00295066
-0.00309346
-0.00323621
-0.00337899
-0.00351946
-0.00365679
-0.00378978
-0.00391614
-0.00403659
-0.00414822
-0.00425357
-0.00435125
-0.00444315
-0.00453139
-0.00461446
-0.00469727
-0.00477852
-0.00485869
-0.00494117
-0.00501652
-0.00509241
-0.00516426
-0.00522345
-0.00528351
-0.00535207
-0.00541142
-0.00546103
-0.0055144
-0.0055689
-0.0056242
-0.00567813
-0.00573771
-0.00579896
-0.00586452
-0.00593494
-0.00600751
-0.00608788
-0.00616793
-0.00625384
-0.0063417
-0.00642588
-0.0065065
0.00130063
0.00116903
0.000595448
-1.71066e-05
-0.000486392
-0.000761892
-0.000850623
-0.000806543
-0.000697346
-0.000577135
-0.000477829
-0.000413105
-0.000385443
-0.000389146
-0.000414103
-0.000449748
-0.000487632
-0.000522359
-0.000551293
-0.000573886
-0.000591086
-0.000604701
-0.000616766
-0.0006291
-0.000643049
-0.00065945
-0.000678677
-0.000700764
-0.000725524
-0.000752681
-0.000781969
-0.000813197
-0.000846287
-0.000881266
-0.000918263
-0.00095747
-0.000999146
-0.00104354
-0.00109092
-0.00114149
-0.00119549
-0.00125308
-0.00131445
-0.00137976
-0.00144921
-0.00152297
-0.00160122
-0.00168408
-0.00177171
-0.00186422
-0.00196165
-0.00206409
-0.00217145
-0.00228375
-0.00240064
-0.00252206
-0.00264731
-0.00277631
-0.00290793
-0.003042
-0.00317702
-0.00331253
-0.00344722
-0.00357985
-0.00370991
-0.00383501
-0.00395594
-0.00407005
-0.00417879
-0.00428162
-0.00437838
-0.00447215
-0.00456011
-0.00464676
-0.00473262
-0.00481459
-0.00489946
-0.00497819
-0.00505502
-0.00513123
-0.00519614
-0.00525715
-0.00532689
-0.00539089
-0.00544449
-0.00550022
-0.00555729
-0.00561548
-0.00567193
-0.00573373
-0.00579692
-0.00586394
-0.00593521
-0.00600811
-0.00608864
-0.00616876
-0.00625476
-0.00634266
-0.00642686
-0.00650739
-0.00197542
-0.00185903
-0.0013026
-0.000708971
-0.000259814
-5.20487e-06
6.22021e-05
-3.36155e-06
-0.000134134
-0.000276143
-0.000397689
-0.000485319
-0.00053683
-0.000558277
-0.000559998
-0.000552626
-0.000544532
-0.000540993
-0.000544578
-0.000555828
-0.00057384
-0.000596909
-0.000623139
-0.000650893
-0.000679015
-0.000706884
-0.000734341
-0.000761569
-0.000788974
-0.00081704
-0.000846247
-0.000876997
-0.000909606
-0.000944284
-0.000981187
-0.0010204
-0.00106201
-0.00110609
-0.00115274
-0.00120207
-0.00125425
-0.00130946
-0.00136789
-0.00142976
-0.00149525
-0.00156458
-0.00163791
-0.00171546
-0.00179732
-0.00188368
-0.00197451
-0.00206998
-0.00216993
-0.00227452
-0.00238343
-0.00249665
-0.00261364
-0.00273427
-0.00285785
-0.00298399
-0.00311184
-0.00324064
-0.00336974
-0.00349777
-0.00362458
-0.00374804
-0.00386847
-0.00398418
-0.00409514
-0.00420199
-0.00430307
-0.00440136
-0.00449469
-0.0045849
-0.00467542
-0.00476073
-0.00484755
-0.00493054
-0.00500938
-0.00508861
-0.00516014
-0.00522409
-0.0052948
-0.00536339
-0.00542196
-0.00548079
-0.0055409
-0.00560237
-0.00566136
-0.00572498
-0.00578967
-0.00585806
-0.00593065
-0.00600475
-0.0060863
-0.00616716
-0.00625366
-0.006342
-0.00642647
-0.00650737
0.00109792
0.000966555
0.000392801
-0.000220298
-0.000690481
-0.000967238
-0.00105741
-0.00101471
-0.000906681
-0.000787361
-0.000688693
-0.000624401
-0.000596949
-0.000600645
-0.000625435
-0.000660851
-0.000698562
-0.000733267
-0.000762349
-0.00078522
-0.000802744
-0.000816625
-0.000828803
-0.000841022
-0.000854583
-0.000870292
-0.000888514
-0.000909285
-0.000932431
-0.000957689
-0.000984804
-0.00101358
-0.00104393
-0.00107585
-0.00110941
-0.00114476
-0.00118211
-0.00122166
-0.00126361
-0.00130818
-0.00135556
-0.00140593
-0.00145944
-0.00151625
-0.00157651
-0.0016404
-0.00170802
-0.00177956
-0.00185506
-0.00193472
-0.00201853
-0.00210669
-0.00219906
-0.00229578
-0.00239658
-0.00250154
-0.00261025
-0.00272261
-0.0028381
-0.00295632
-0.0030768
-0.00319871
-0.00332175
-0.00344456
-0.00356708
-0.00368775
-0.00380626
-0.00392197
-0.00403359
-0.00414235
-0.00424625
-0.00434712
-0.00444476
-0.00453774
-0.0046309
-0.00471944
-0.00480749
-0.00489345
-0.00497452
-0.00505491
-0.00513153
-0.005199
-0.00526986
-0.00534138
-0.00540443
-0.00546586
-0.00552812
-0.00559237
-0.00565396
-0.00571981
-0.00578652
-0.00585654
-0.00593024
-0.00600497
-0.0060869
-0.00616796
-0.00625462
-0.00634302
-0.00642752
-0.0065083
-0.00231582
-0.00219433
-0.00163103
-0.00102912
-0.000571012
-0.000307337
-0.000231305
-0.000289143
-0.000413222
-0.00054942
-0.000665771
-0.000748573
-0.000795407
-0.000811991
-0.000808461
-0.000795432
-0.000781397
-0.000771805
-0.000769379
-0.000774794
-0.000787258
-0.000805133
-0.000826546
-0.000849835
-0.000873793
-0.000897728
-0.000921402
-0.000944928
-0.00096864
-0.000992981
-0.0010184
-0.00104527
-0.00107392
-0.00110454
-0.00113727
-0.00117219
-0.00120937
-0.00124883
-0.00129063
-0.00133485
-0.00138156
-0.0014309
-0.001483
-0.00153803
-0.0015961
-0.00165741
-0.00172207
-0.00179026
-0.00186208
-0.00193769
-0.00201712
-0.00210048
-0.00218776
-0.00227902
-0.0023742
-0.00247323
-0.00257592
-0.00268212
-0.0027915
-0.0029038
-0.00301854
-0.00313522
-0.00325334
-0.00337216
-0.00349127
-0.00360973
-0.00372705
-0.00384265
-0.00395544
-0.00406592
-0.00417277
-0.00427668
-0.00437834
-0.00447525
-0.00457172
-0.00466438
-0.004755
-0.00484433
-0.00492938
-0.00501175
-0.00509293
-0.00516577
-0.00523853
-0.00531289
-0.00538094
-0.00544617
-0.00551123
-0.00557858
-0.00564296
-0.00571085
-0.00577918
-0.00585061
-0.00592562
-0.00600148
-0.00608438
-0.0061662
-0.00625338
-0.00634226
-0.00642706
-0.0065082
0.000907836
0.000775304
0.000200141
-0.000414096
-0.00088482
-0.00116134
-0.00125052
-0.00120629
-0.00109652
-0.000975532
-0.00087542
-0.000809989
-0.000781736
-0.000784994
-0.00080963
-0.000845014
-0.000882633
-0.000917042
-0.000945567
-0.000967612
-0.000984077
-0.000996724
-0.00100756
-0.00101839
-0.00103054
-0.00104484
-0.00106166
-0.001081
-0.00110267
-0.00112636
-0.00115178
-0.00117867
-0.00120692
-0.00123649
-0.00126743
-0.00129988
-0.00133399
-0.00136997
-0.00140798
-0.00144822
-0.00149084
-0.00153601
-0.00158383
-0.00163445
-0.00168796
-0.00174452
-0.00180421
-0.00186719
-0.00193349
-0.0020033
-0.00207665
-0.00215368
-0.00223441
-0.00231886
-0.00240702
-0.00249883
-0.00259428
-0.00269313
-0.00279527
-0.00290033
-0.00300807
-0.00311817
-0.00323004
-0.00334341
-0.00345744
-0.00357188
-0.00368579
-0.00379881
-0.00391037
-0.00401989
-0.00412745
-0.00423213
-0.00433478
-0.00443392
-0.00453155
-0.004626
-0.00471838
-0.00480894
-0.00489626
-0.00497978
-0.00506307
-0.0051398
-0.00521423
-0.00528988
-0.00536136
-0.00542979
-0.00549699
-0.00556676
-0.00563377
-0.00570396
-0.00577441
-0.00584769
-0.00592413
-0.00600097
-0.00608453
-0.00616678
-0.00625423
-0.00634324
-0.00642811
-0.00650915
-0.00249991
-0.00237654
-0.00181113
-0.00120732
-0.000747797
-0.000483341
-0.000407147
-0.000465229
-0.00058966
-0.000726069
-0.000842327
-0.000924644
-0.000970546
-0.000985768
-0.000980547
-0.000965647
-0.000949716
-0.000938333
-0.000934282
-0.000938252
-0.000949413
-0.00096606
-0.000986243
-0.00100823
-0.00103076
-0.00105311
-0.00107503
-0.00109662
-0.00111824
-0.00114032
-0.00116334
-0.00118769
-0.00121369
-0.00124154
-0.00127137
-0.00130324
-0.00133717
-0.00137319
-0.00141131
-0.00145158
-0.00149404
-0.00153881
-0.00158597
-0.00163569
-0.00168802
-0.00174316
-0.00180115
-0.00186224
-0.00192641
-0.00199388
-0.00206461
-0.00213878
-0.00221636
-0.00229743
-0.00238205
-0.00247007
-0.00256161
-0.00265633
-0.0027544
-0.00285538
-0.00295917
-0.00306548
-0.00317369
-0.00328399
-0.00339516
-0.00350752
-0.00362008
-0.00373231
-0.00384434
-0.00395437
-0.00406343
-0.00417016
-0.00427485
-0.00437777
-0.0044784
-0.00457531
-0.00467111
-0.00476455
-0.00485512
-0.00494162
-0.00502768
-0.00510891
-0.005187
-0.00526483
-0.00533974
-0.00541199
-0.00548202
-0.00555433
-0.00562384
-0.00569612
-0.0057681
-0.00584258
-0.00592015
-0.00599793
-0.00608227
-0.00616517
-0.00625309
-0.00634253
-0.00642767
-0.00650902
0.000770196
0.000636623
6.03087e-05
-0.000554865
-0.0010261
-0.00130258
-0.00139115
-0.00134593
-0.00123502
-0.00111297
-0.00101202
-0.00094607
-0.000917667
-0.000921117
-0.000946182
-0.000982094
-0.0010202
-0.00105493
-0.00108354
-0.00110541
-0.00112145
-0.0011335
-0.00114362
-0.00115368
-0.00116506
-0.00117862
-0.00119472
-0.00121337
-0.00123434
-0.00125731
-0.00128192
-0.00130791
-0.00133511
-0.00136346
-0.00139299
-0.00142382
-0.00145609
-0.00148998
-0.00152564
-0.00156325
-0.00160295
-0.00164484
-0.00168905
-0.00173565
-0.00178474
-0.00183642
-0.00189078
-0.00194788
-0.00200783
-0.00207072
-0.00213663
-0.00220568
-0.00227788
-0.00235336
-0.002432
-0.002514
-0.00259918
-0.00268764
-0.00277914
-0.00287361
-0.00297094
-0.00307082
-0.00317314
-0.00327742
-0.00338341
-0.00349077
-0.00359875
-0.00370725
-0.00381559
-0.0039232
-0.00403051
-0.00413594
-0.0042405
-0.00434299
-0.00444292
-0.00454072
-0.00463777
-0.00473114
-0.00482242
-0.00491039
-0.00499742
-0.00508072
-0.00516105
-0.00524005
-0.00531703
-0.00539245
-0.0054651
-0.00553977
-0.00561197
-0.00568681
-0.00576115
-0.00583786
-0.00591713
-0.00599633
-0.00608168
-0.00616529
-0.00625366
-0.00634337
-0.00642867
-0.00650996
-0.00252124
-0.00239807
-0.00183332
-0.00123092
-0.000773609
-0.00051218
-0.000439676
-0.000501751
-0.000630108
-0.000770129
-0.000889574
-0.000974618
-0.00102279
-0.00103993
-0.00103647
-0.00102335
-0.00100935
-0.00100017
-0.000998624
-0.00100537
-0.0010195
-0.00103919
-0.0010624
-0.00108728
-0.00111252
-0.00113735
-0.0011615
-0.00118508
-0.00120846
-0.00123211
-0.00125651
-0.00128207
-0.0013091
-0.00133779
-0.00136825
-0.00140051
-0.00143456
-0.00147039
-0.00150798
-0.00154735
-0.00158854
-0.00163163
-0.0016767
-0.00172387
-0.00177324
-0.00182495
-0.00187909
-0.00193582
-0.00199518
-0.00205735
-0.00212231
-0.00219024
-0.0022611
-0.00233508
-0.0024121
-0.00249226
-0.00257551
-0.00266183
-0.00275126
-0.00284356
-0.00293874
-0.00303648
-0.00313666
-0.00323912
-0.00334329
-0.00344933
-0.00355637
-0.00366422
-0.00377247
-0.00387999
-0.00398763
-0.004094
-0.00419985
-0.00430444
-0.00440644
-0.00450593
-0.00460529
-0.00470097
-0.0047946
-0.00488534
-0.00497463
-0.00506036
-0.00514339
-0.0052243
-0.00530332
-0.00538125
-0.00545584
-0.00553201
-0.00560574
-0.00568194
-0.00575728
-0.00583475
-0.00591475
-0.00599445
-0.0060803
-0.00616429
-0.00625293
-0.00634291
-0.00642839
-0.00650988
0.000766351
0.000629956
5.03904e-05
-0.000568391
-0.00104328
-0.0013232
-0.00141479
-0.00137212
-0.00126342
-0.00114342
-0.00104457
-0.000980941
-0.000955206
-0.00096173
-0.000990238
-0.00102985
-0.00107174
-0.0011102
-0.00114234
-0.0011675
-0.00118658
-0.00120142
-0.00121416
-0.00122671
-0.00124049
-0.0012564
-0.00127482
-0.00129576
-0.00131898
-0.00134413
-0.00137081
-0.00139874
-0.00142769
-0.00145758
-0.00148841
-0.00152026
-0.00155327
-0.00158759
-0.00162337
-0.00166076
-0.00169989
-0.00174084
-0.00178374
-0.00182862
-0.00187561
-0.00192473
-0.00197611
-0.00202974
-0.00208573
-0.00214419
-0.00220516
-0.00226883
-0.00233507
-0.00240418
-0.00247595
-0.00255073
-0.00262828
-0.00270883
-0.00279217
-0.00287822
-0.00296728
-0.00305873
-0.00315302
-0.00324945
-0.00334805
-0.00344875
-0.0035502
-0.00365322
-0.00375646
-0.00385974
-0.00396439
-0.00406786
-0.00417168
-0.00427394
-0.00437298
-0.00447154
-0.00457105
-0.00466583
-0.00475905
-0.0048507
-0.00494087
-0.00502765
-0.00511261
-0.00519569
-0.00527689
-0.00535752
-0.00543506
-0.00551413
-0.00559083
-0.00566999
-0.00574814
-0.00582809
-0.00591023
-0.00599172
-0.00607888
-0.00616382
-0.00625314
-0.00634358
-0.00642933
-0.00651084
)
;

boundaryField
{
    zeroGradient
    {
        type            zeroGradient;
    }
    inlet
    {
        type            zeroGradient;
    }
    fixedWalls
    {
        type            zeroGradient;
    }
    frontAndBack
    {
        type            empty;
    }
}


// ************************************************************************* //
