/*--------------------------------*- C++ -*----------------------------------*\
| =========                 |                                                 |
| \\      /  F ield         | OpenFOAM: The Open Source CFD Toolbox           |
|  \\    /   O peration     | Version:  2312                                  |
|   \\  /    A nd           | Website:  www.openfoam.com                      |
|    \\/     M anipulation  |                                                 |
\*---------------------------------------------------------------------------*/
FoamFile
{
    version     2.0;
    format      ascii;
    arch        "LSB;label=32;scalar=64";
    class       volScalarField;
    location    "1";
    object      p;
}
// * * * * * * * * * * * * * * * * * * * * * * * * * * * * * * * * * * * * * //

dimensions      [0 2 -2 0 0 0 0];

internalField   nonuniform List<scalar> 
5600
(
-8.21161e-09
0.000474207
0.000304276
0.000442517
0.000371134
0.000530901
0.000508937
0.000652875
0.000674847
0.000809206
0.00086716
0.000997693
0.00108302
0.00121177
0.00131998
0.00145416
0.00158137
0.00172159
0.00186418
0.00201714
0.00217708
0.00234822
0.002527
0.00271817
0.00291473
0.00312301
0.00333616
0.0035613
0.00379318
0.00403995
0.00429826
0.00457543
0.00486623
0.005168
0.00546866
0.00575882
0.00604554
0.00632677
0.00653924
0.00650825
2.58893e-06
0.000471242
0.000306247
0.000439689
0.000373624
0.000527275
0.000511518
0.000648671
0.000677556
0.000804508
0.000869318
0.000992699
0.00108388
0.0012068
0.00131921
0.00144888
0.00157776
0.00171589
0.00185927
0.00201268
0.00217175
0.00234187
0.00251852
0.00270625
0.00290119
0.00310631
0.00331876
0.00354124
0.00377204
0.00401238
0.00425861
0.0045055
0.00474617
0.00498145
0.00521376
0.00543359
0.00561414
0.00571208
0.00565599
0.00532211
4.9384e-06
0.000469572
0.000307283
0.00043849
0.000374626
0.000525587
0.000512286
0.000646821
0.00067807
0.000802573
0.0008695
0.000990841
0.00108342
0.00120513
0.00131772
0.00144693
0.00157548
0.00171337
0.00185612
0.00200845
0.00216699
0.00233646
0.00251154
0.00269807
0.00289114
0.00309456
0.00330399
0.00352199
0.00374495
0.00397428
0.00420568
0.00443374
0.00465351
0.00486869
0.00507926
0.00527341
0.00542351
0.00549266
0.00541938
0.0050966
8.88861e-06
0.000465392
0.000309763
0.00043468
0.000377637
0.000520709
0.000515488
0.000641445
0.000681352
0.000796641
0.000871955
0.0009846
0.00108414
0.00119881
0.00131637
0.00144159
0.00157096
0.00170801
0.00184997
0.00200106
0.00215902
0.00232579
0.00249961
0.0026824
0.00287298
0.00307228
0.00327883
0.00349139
0.00370518
0.00391412
0.00411603
0.0043147
0.00451219
0.00470439
0.00487975
0.00502072
0.00510252
0.0050914
0.00493492
0.00453967
1.2464e-05
0.000461594
0.000311793
0.00043206
0.000379714
0.00051712
0.000516992
0.000637617
0.000682266
0.000793068
0.000872089
0.000981429
0.00108304
0.00119543
0.00131301
0.00143793
0.00156598
0.00170191
0.00184309
0.00199283
0.00214918
0.00231382
0.00248525
0.00266496
0.00285157
0.00304478
0.00324234
0.00344291
0.00364357
0.00383999
0.00402626
0.00420387
0.00437747
0.00454395
0.0046908
0.00480044
0.00485111
0.00481452
0.00464475
0.00425448
1.73915e-05
0.000455507
0.000315365
0.000426982
0.000383736
0.000510614
0.000521088
0.000630925
0.000685682
0.00078594
0.000873421
0.000975217
0.00108072
0.00119227
0.0013083
0.00143165
0.00155894
0.00169353
0.0018339
0.0019816
0.00213602
0.00229761
0.00246567
0.00264095
0.00282301
0.003011
0.0032003
0.00338457
0.00356091
0.00373256
0.00390176
0.00406822
0.00422851
0.00437624
0.00450044
0.0045861
0.0046128
0.00455225
0.00435888
0.0039462
2.22671e-05
0.000449144
0.000318641
0.000422771
0.000386948
0.000504857
0.000523031
0.000625298
0.000686625
0.000781683
0.000872507
0.000972139
0.00107705
0.00118757
0.00130235
0.0014246
0.00155077
0.00168392
0.00182261
0.00196813
0.00211976
0.00227787
0.00244144
0.00261048
0.00278328
0.0029584
0.00313361
0.00330712
0.00347547
0.00363374
0.00378271
0.00392864
0.00407106
0.00420189
0.00430944
0.00437978
0.00439484
0.00432783
0.00413275
0.00371933
2.85238e-05
0.000440327
0.000323552
0.000416176
0.000392184
0.000496601
0.000527649
0.000617522
0.000688023
0.000775502
0.000869608
0.00096951
0.00107188
0.00118113
0.00129493
0.00141619
0.00154064
0.00167205
0.00180833
0.00195136
0.00209941
0.00225337
0.00241094
0.00257248
0.00273584
0.00290005
0.00306082
0.0032131
0.00335775
0.00349964
0.00364045
0.00377861
0.00390926
0.00402624
0.00412055
0.0041813
0.00419241
0.00412937
0.00394791
0.00356001
3.50397e-05
0.000430582
0.000328314
0.000410232
0.000396211
0.000488691
0.000529121
0.000611287
0.000687723
0.000772636
0.000865826
0.000964571
0.00106591
0.0011737
0.00128638
0.00140589
0.00152861
0.00165752
0.00179124
0.00193075
0.00207465
0.00222335
0.0023749
0.002528
0.00267849
0.00282204
0.00295856
0.00309229
0.00322571
0.00335898
0.00349079
0.00361996
0.00374429
0.0038609
0.00396381
0.00404308
0.00408083
0.0040455
0.00387556
0.00344732
4.29937e-05
0.000418211
0.000334438
0.00040234
0.000402414
0.000479108
0.000532653
0.000603734
0.000683758
0.000769362
0.000861693
0.000957987
0.00105917
0.00116452
0.00127634
0.00139307
0.00151431
0.00163974
0.00177082
0.00190567
0.00204471
0.00218563
0.0023275
0.00246751
0.00260237
0.00272964
0.00285263
0.00297516
0.00309641
0.00321155
0.00331635
0.00340938
0.00349433
0.0035787
0.00366596
0.00374698
0.00382019
0.00391211
0.00409413
0.00450571
5.15052e-05
0.000404224
0.000340682
0.000394835
0.000406104
0.000470095
0.000531754
0.000601374
0.000679881
0.000764243
0.000855777
0.000950603
0.00105064
0.00115403
0.00126407
0.00137827
0.00149699
0.00161879
0.00174584
0.00187565
0.00200867
0.00214115
0.00226974
0.00239164
0.0025086
0.00262442
0.00273993
0.00285254
0.00296013
0.00306084
0.00315599
0.00325006
0.00334893
0.00345174
0.00354908
0.00363639
0.00372283
0.00383556
0.00402772
0.00439998
6.15072e-05
0.0003875
0.000347148
0.000387187
0.000411609
0.000462814
0.00052557
0.00059755
0.000676169
0.000758446
0.00084824
0.000941921
0.00103997
0.00114176
0.0012492
0.00136098
0.00147623
0.00159417
0.00171542
0.00183802
0.00196112
0.00208186
0.00219672
0.00230562
0.00241318
0.00252169
0.00262913
0.0027319
0.0028287
0.00292318
0.00302086
0.00312115
0.00321634
0.00330079
0.00337534
0.00344845
0.00353688
0.00366921
0.00389517
0.00431035
7.21803e-05
0.000369117
0.000353614
0.00037919
0.000411679
0.000459337
0.000519629
0.000592059
0.000670921
0.000752078
0.000840004
0.000931723
0.00102747
0.00112713
0.00123175
0.00134036
0.00145167
0.00156523
0.00168065
0.00179448
0.00190311
0.00200659
0.00210755
0.00220747
0.00230643
0.00240551
0.00250783
0.00261551
0.00272356
0.00282572
0.00291815
0.00299999
0.00307268
0.00313924
0.00320459
0.00327806
0.00337507
0.00352019
0.00375722
0.00417411
8.43581e-05
0.000347393
0.000358662
0.00037614
0.000409373
0.000455726
0.000513884
0.000584417
0.000662581
0.00074396
0.000830219
0.000919766
0.00101278
0.00110985
0.00121127
0.00131601
0.00142202
0.00152836
0.00163423
0.00173709
0.00183494
0.00193025
0.00202606
0.00212328
0.00222098
0.00231699
0.00240881
0.00249469
0.00257511
0.00265467
0.00273898
0.00282604
0.00290776
0.00298012
0.00304759
0.00312094
0.00321675
0.00336026
0.00359509
0.00400807
9.70325e-05
0.000326712
0.000360129
0.000372128
0.00040405
0.00045059
0.000508603
0.000578348
0.000654832
0.000733785
0.000817754
0.000905328
0.000995504
0.00108947
0.00118713
0.00128722
0.00138679
0.00148419
0.00157785
0.00166862
0.00175895
0.00184932
0.00193857
0.0020256
0.00211052
0.0021957
0.00228478
0.00237811
0.00246965
0.00255384
0.00262849
0.00269437
0.00275378
0.00281031
0.00286927
0.00293936
0.0030345
0.00317802
0.00341271
0.00382604
0.000110693
0.000305483
0.000356374
0.000369688
0.00040036
0.000445855
0.000502177
0.000570105
0.000644584
0.000721298
0.000803085
0.000888296
0.000975303
0.00106545
0.00115846
0.00125234
0.00134299
0.001429
0.00151328
0.00159723
0.00168022
0.00176111
0.0018401
0.00191974
0.00200381
0.00209406
0.00218608
0.00227404
0.0023537
0.00242358
0.00248437
0.00253787
0.00258699
0.00263567
0.00268968
0.00275739
0.00285193
0.00299573
0.00323088
0.00364439
0.000124588
0.000286043
0.000348082
0.000366114
0.000395832
0.000439692
0.000494157
0.000560335
0.000632962
0.000707176
0.000786033
0.000868344
0.000951681
0.00103702
0.00112364
0.0012087
0.00128887
0.00136699
0.00144652
0.00152732
0.0016078
0.00168664
0.00176263
0.00183509
0.00190365
0.0019688
0.00203295
0.00210014
0.0021731
0.0022484
0.00231854
0.00237842
0.00242856
0.00247437
0.00252371
0.00258673
0.00267752
0.0028188
0.00305248
0.00346536
0.000138461
0.000267042
0.000335273
0.000361446
0.000391495
0.000433521
0.000485559
0.000549377
0.000619703
0.000690794
0.000765862
0.000844139
0.000922753
0.00100236
0.00108104
0.00115721
0.00123119
0.00130375
0.00137474
0.00144286
0.00150854
0.00157506
0.00164607
0.00172102
0.00179621
0.00186952
0.00193995
0.00200659
0.00206839
0.00212442
0.00217437
0.00221881
0.00225958
0.00230013
0.00234645
0.00240746
0.00249674
0.00263686
0.00286968
0.003282
0.000152271
0.000250666
0.000316908
0.000354384
0.000386612
0.000426667
0.000475599
0.000536265
0.000603703
0.000671594
0.000743139
0.000816676
0.000887242
0.000957426
0.00102935
0.00110189
0.00117217
0.00123985
0.00130606
0.00137097
0.00143387
0.00149433
0.00155198
0.00160706
0.0016606
0.00171486
0.00177345
0.00183829
0.00190488
0.00196587
0.00201677
0.00205776
0.00209278
0.00212786
0.00217016
0.00222866
0.00231641
0.00245547
0.00268748
0.00309925
0.000162789
0.000236903
0.00029906
0.000342779
0.000379047
0.000418835
0.000465528
0.000522868
0.00058563
0.000647103
0.000711482
0.000779063
0.000845704
0.000912179
0.000979319
0.00104591
0.00110916
0.0011687
0.0012254
0.00127873
0.00132825
0.00137502
0.00142157
0.00147138
0.00152789
0.00159228
0.00166068
0.00172677
0.00178502
0.00183265
0.00187015
0.00190045
0.00192794
0.00195788
0.0019967
0.00205287
0.00213914
0.00227729
0.00250878
0.00292037
0.000170189
0.000227572
0.000280656
0.000325286
0.000367791
0.000408967
0.000452827
0.000505832
0.000564225
0.000620285
0.000678534
0.000740686
0.000801932
0.000862234
0.000922357
0.000981383
0.00103688
0.00108855
0.00113833
0.00118713
0.00123415
0.00127895
0.00132184
0.00136372
0.00140599
0.00145074
0.00150085
0.00155731
0.00161451
0.00166458
0.00170346
0.00173251
0.00175702
0.00178377
0.00182005
0.00187456
0.00195984
0.00209739
0.00232849
0.00273991
0.000174596
0.000218348
0.000263327
0.000306022
0.000351769
0.000395133
0.000437109
0.000486269
0.000540751
0.000591535
0.000642661
0.00069768
0.000752032
0.000805265
0.000858311
0.00091033
0.000958829
0.00100291
0.00104376
0.00108202
0.00111772
0.00115227
0.00118904
0.001232
0.00128318
0.00133938
0.0013947
0.00144368
0.00148337
0.0015138
0.00153724
0.00155718
0.00157764
0.00160323
0.00163953
0.00169424
0.00177955
0.00191697
0.00214791
0.00255937
0.000175733
0.00020919
0.000247289
0.000286252
0.000330826
0.000376033
0.000417364
0.000462873
0.000513357
0.000559687
0.000603558
0.000650483
0.000697135
0.000742728
0.000788391
0.00083315
0.000874418
0.000911187
0.000945146
0.00097826
0.00101085
0.00104318
0.00107675
0.0011142
0.00115796
0.00120754
0.0012566
0.001298
0.0013286
0.00134983
0.00136561
0.00138036
0.00139813
0.0014229
0.00145935
0.00151447
0.00160002
0.00173744
0.00196827
0.00237975
0.000173496
0.000199406
0.000231225
0.000265725
0.000307022
0.000351312
0.000392299
0.000435141
0.000481856
0.000523884
0.000561433
0.000600042
0.000638176
0.00067512
0.000712504
0.000749646
0.000783714
0.000813401
0.000839988
0.000865883
0.00089268
0.00092189
0.000955701
0.000995767
0.00103996
0.00108296
0.00111971
0.00114769
0.00116733
0.00118108
0.00119242
0.00120486
0.00122172
0.00124633
0.00128296
0.0013383
0.00142398
0.00156138
0.00179213
0.00220363
0.000167483
0.000188301
0.000215016
0.000245037
0.000282295
0.000322332
0.000359829
0.000399756
0.000443757
0.00048245
0.000514387
0.000545732
0.000576341
0.000604955
0.000633159
0.0006614
0.0006874
0.000710013
0.000730669
0.000752533
0.00077811
0.000808828
0.000844865
0.000883291
0.000919814
0.000950882
0.000974758
0.000991549
0.00100298
0.00101163
0.00102028
0.00103162
0.00104815
0.00107268
0.00110924
0.0011644
0.00124984
0.00138702
0.00161768
0.00202931
0.000158041
0.000174773
0.000197053
0.000222586
0.000255807
0.000292766
0.000326683
0.000360283
0.000397218
0.000430421
0.000457449
0.000484071
0.000510063
0.000532462
0.000551798
0.000570035
0.000586617
0.000601283
0.000616108
0.000634987
0.000660944
0.000693442
0.000728172
0.00076051
0.000787649
0.000808497
0.000823255
0.000833029
0.000839606
0.00084513
0.000851863
0.000861991
0.000877741
0.000901755
0.000937911
0.000992748
0.00107786
0.00121469
0.00144502
0.00185657
0.000145018
0.000158526
0.000176884
0.000197794
0.000225999
0.000258333
0.000287926
0.000316164
0.000347378
0.000376114
0.000398399
0.000418912
0.000438842
0.000455628
0.000468759
0.000480689
0.000492031
0.000502259
0.000512096
0.000523936
0.000540525
0.000563273
0.00059156
0.000620977
0.000646371
0.000664757
0.000676002
0.000681828
0.000684656
0.000686983
0.000691151
0.000699299
0.000713557
0.000736491
0.000771932
0.000826352
0.000911307
0.00104821
0.00127884
0.00169089
0.000128036
0.000138803
0.000153656
0.000170158
0.00019325
0.000220733
0.00024613
0.000269375
0.000294554
0.000317883
0.000334496
0.00034772
0.000359696
0.00036885
0.000373961
0.000377021
0.000379921
0.000383344
0.000388537
0.000397971
0.000414345
0.000437949
0.000464817
0.000489236
0.000507367
0.000518324
0.000523418
0.000524751
0.000524563
0.000524903
0.000527646
0.000534601
0.000547746
0.000569636
0.000604172
0.000657926
0.000742491
0.000879267
0.00110999
0.00152239
0.000107939
0.000115633
0.000126859
0.00013903
0.000157082
0.000179462
0.000200202
0.000218243
0.000237299
0.00025541
0.000267725
0.000276335
0.000283755
0.000289328
0.000291355
0.000290619
0.000289043
0.000287764
0.000288055
0.000292014
0.000302158
0.000318874
0.000338067
0.000354345
0.000364597
0.000368798
0.00036886
0.000367109
0.000365455
0.000365341
0.000367996
0.000374774
0.000387446
0.000408554
0.000442072
0.000494634
0.000577941
0.000713508
0.000943149
0.00135458
8.24218e-05
8.84417e-05
9.69558e-05
0.000105185
0.000118093
0.000135022
0.000150289
0.000162436
0.00017451
0.000185674
0.000190931
0.000190878
0.000188188
0.000183441
0.000175912
0.000166792
0.000159361
0.000156715
0.00016079
0.000171015
0.000184279
0.0001972
0.000207362
0.000213601
0.000216011
0.000215504
0.000213291
0.000210512
0.000208264
0.000207776
0.000210477
0.000217892
0.000231828
0.000254773
0.000290602
0.000345847
0.000432073
0.000570658
0.000803323
0.00121781
5.51558e-05
5.55045e-05
6.06187e-05
6.61954e-05
7.60503e-05
8.86267e-05
9.96337e-05
0.00010677
0.000113991
0.000121657
0.000126077
0.000126385
0.000125263
0.000123166
0.000119079
0.000111845
0.000102277
9.09577e-05
7.84304e-05
6.49127e-05
5.1577e-05
4.03859e-05
3.42888e-05
3.59593e-05
4.53118e-05
5.73935e-05
6.62172e-05
6.82772e-05
6.35649e-05
5.4403e-05
4.41915e-05
3.65055e-05
3.48778e-05
4.29514e-05
6.53121e-05
0.000108825
0.00018523
0.000316009
0.000543132
0.000954826
1.98325e-05
2.19149e-05
2.45174e-05
2.4969e-05
2.70775e-05
3.26476e-05
3.70688e-05
3.79565e-05
3.7537e-05
3.67506e-05
3.19271e-05
2.16123e-05
8.09681e-06
-6.70987e-06
-2.25798e-05
-3.95238e-05
-5.58366e-05
-6.88666e-05
-7.5981e-05
-7.56369e-05
-6.85967e-05
-5.89439e-05
-5.12214e-05
-4.81797e-05
-5.01276e-05
-5.57244e-05
-6.29081e-05
-6.96767e-05
-7.43952e-05
-7.58327e-05
-7.2956e-05
-6.46754e-05
-4.94877e-05
-2.50472e-05
1.25451e-05
6.99487e-05
0.000158925
0.000301071
0.000538365
0.000958841
-2.61352e-05
-1.96832e-05
-1.40744e-05
-1.28335e-05
-1.41804e-05
-1.49469e-05
-1.6737e-05
-2.00514e-05
-2.25583e-05
-2.20792e-05
-2.27873e-05
-2.69461e-05
-3.3806e-05
-4.11464e-05
-4.89739e-05
-5.80262e-05
-6.87216e-05
-8.037e-05
-9.24855e-05
-0.000104868
-0.000117894
-0.000131823
-0.000146983
-0.000163514
-0.000181707
-0.000201694
-0.00022362
-0.000247601
-0.000273944
-0.000303061
-0.00033562
-0.000372562
-0.000415408
-0.000466587
-0.000530186
-0.000613112
-0.000727458
-0.00089519
-0.00115873
-0.00160666
-6.12175e-05
-6.25292e-05
-6.58757e-05
-7.274e-05
-8.15035e-05
-8.77043e-05
-9.34694e-05
-0.000102282
-0.000114175
-0.000127016
-0.000141813
-0.000160625
-0.000182773
-0.000205711
-0.000227171
-0.000245914
-0.000260551
-0.000269499
-0.000272427
-0.00027202
-0.00027209
-0.000275388
-0.000282552
-0.000292434
-0.000303018
-0.000312403
-0.000319309
-0.000323029
-0.000323214
-0.000319621
-0.00031187
-0.000299211
-0.00028026
-0.000252632
-0.000212311
-0.000152492
-6.12972e-05
8.29317e-05
0.00032215
0.000744294
-0.000109174
-0.000110568
-0.00011392
-0.0001194
-0.000127198
-0.000133671
-0.000138944
-0.000145799
-0.000154912
-0.000164073
-0.000172745
-0.000182664
-0.000194682
-0.000208054
-0.000221848
-0.000236258
-0.000251997
-0.000269538
-0.000288836
-0.000309718
-0.000332143
-0.000356261
-0.000382285
-0.000410407
-0.000440751
-0.000473202
-0.000507558
-0.000543675
-0.000581555
-0.000621412
-0.000663733
-0.000709391
-0.000759842
-0.00081749
-0.000886334
-0.000973159
-0.00108983
-0.00125801
-0.00151966
-0.00196273
-0.000161131
-0.000166217
-0.000176064
-0.000189234
-0.000205635
-0.000222384
-0.00023849
-0.000255867
-0.000276125
-0.000298353
-0.000321282
-0.000345008
-0.000369321
-0.000392678
-0.000412537
-0.000426814
-0.000434961
-0.000439233
-0.000443257
-0.000449717
-0.000459434
-0.000471675
-0.000484898
-0.000497415
-0.000507923
-0.000515684
-0.000520381
-0.00052193
-0.000520296
-0.000515338
-0.000506661
-0.000493457
-0.00047429
-0.000446742
-0.000406781
-0.000347595
-0.000257304
-0.00011425
0.000123521
0.000543962
-0.000211969
-0.000215318
-0.000222511
-0.000232051
-0.000243663
-0.000255804
-0.000267393
-0.000279203
-0.000292523
-0.000307301
-0.000322643
-0.000338405
-0.000355006
-0.000372655
-0.000391136
-0.000410325
-0.000430438
-0.000451859
-0.000474851
-0.000499482
-0.000525729
-0.000553596
-0.000583156
-0.000614522
-0.000647616
-0.000682243
-0.000718206
-0.000755399
-0.000793867
-0.000833859
-0.000875892
-0.000920868
-0.000970273
-0.00102654
-0.0010937
-0.00117857
-0.00129303
-0.00145875
-0.00171772
-0.00215791
-0.00028017
-0.000287671
-0.000302147
-0.000321026
-0.000343416
-0.000367649
-0.000392501
-0.000417671
-0.000443584
-0.000469763
-0.000494707
-0.000516769
-0.000534491
-0.00054712
-0.000555702
-0.000562867
-0.000571114
-0.000581687
-0.000594402
-0.000608204
-0.000621857
-0.000634369
-0.000645084
-0.000653596
-0.000659787
-0.000663679
-0.000665313
-0.000664677
-0.000661649
-0.000655939
-0.000646999
-0.000633902
-0.000615121
-0.000588183
-0.000549026
-0.000490823
-0.000401693
-0.000259982
-2.3743e-05
0.000394977
-0.000329098
-0.000330963
-0.000336446
-0.000345139
-0.000357698
-0.00037302
-0.00039002
-0.000407904
-0.000427232
-0.000448954
-0.000472971
-0.000497498
-0.000520224
-0.000539921
-0.000556749
-0.00057168
-0.000586139
-0.000601271
-0.000617831
-0.000636012
-0.000655777
-0.00067698
-0.000699611
-0.000723744
-0.000749425
-0.0007766
-0.000805226
-0.000835294
-0.000866935
-0.000900453
-0.000936427
-0.000975803
-0.00102011
-0.00107182
-0.00113499
-0.00121644
-0.00132807
-0.00149158
-0.00174901
-0.00218844
-0.000416121
-0.000423056
-0.000437267
-0.000457895
-0.000484275
-0.000514182
-0.000545382
-0.000575459
-0.00060334
-0.000627945
-0.0006489
-0.000666099
-0.000680098
-0.000691385
-0.000700493
-0.000707713
-0.000713434
-0.000717917
-0.000721427
-0.000723991
-0.000725571
-0.000725996
-0.000725145
-0.000722875
-0.000719158
-0.000713999
-0.000707448
-0.000699471
-0.000689936
-0.000678527
-0.000664691
-0.000647493
-0.000625431
-0.000596049
-0.000555322
-0.000496457
-0.00040763
-0.000267267
-3.35691e-05
0.000381175
0.00626993
0.00634242
0.00662129
0.00679774
0.00679371
0.00661445
0.00631934
0.00597874
0.0056447
0.00534551
0.00509205
0.00488419
0.00471424
0.00457132
0.00444487
0.00432639
0.00421006
0.00409247
0.00397215
0.00384902
0.00372391
0.00359807
0.0034728
0.00334916
0.00322781
0.00310893
0.00299228
0.00287728
0.00276316
0.00264906
0.00253419
0.00241784
0.00229946
0.00217865
0.00205509
0.0019285
0.00179851
0.00166459
0.00152609
0.00138217
0.00123191
0.00107421
0.000907813
0.000731331
0.000543034
0.000340939
0.000122594
-0.000115171
-0.00037609
-0.000665206
-0.000988262
-0.0013518
-0.00176368
-0.00223225
-0.00276576
-0.00336924
-0.004046
-0.00479375
-0.00557595
-0.00631577
-0.00690359
-0.00723416
-0.0072567
-0.00699854
-0.00658682
-0.00614181
-0.0057488
-0.00545421
-0.00526373
-0.00516071
-0.00513011
-0.00514854
-0.005196
-0.00526184
-0.00533908
-0.00542195
-0.00551011
-0.005602
-0.0056972
-0.00579502
-0.00589601
-0.00599832
-0.0061032
-0.00620906
-0.00631671
-0.00642538
-0.0065361
-0.00664766
-0.0067623
-0.00687611
-0.0069937
-0.00710879
-0.00722474
-0.00733624
-0.00744545
-0.00754607
-0.00764419
-0.00773037
-0.00780833
-0.00787364
0.004951
0.0050247
0.00547689
0.00591816
0.00618354
0.00623331
0.00609221
0.0058323
0.00553012
0.00523926
0.00498667
0.00478089
0.00461826
0.00448723
0.00437425
0.00426802
0.00416118
0.0040501
0.00393388
0.00381326
0.0036899
0.00356555
0.00344177
0.00331963
0.00319973
0.00308217
0.00296669
0.00285269
0.0027394
0.00262599
0.00251166
0.00239573
0.00227765
0.002157
0.00203351
0.00190702
0.0017772
0.00164353
0.00150531
0.0013617
0.00121173
0.00105433
0.000888214
0.000712018
0.000524022
0.000322268
0.000104339
-0.000132922
-0.000393182
-0.000681417
-0.00100331
-0.00136521
-0.00177493
-0.00224049
-0.00276976
-0.00336757
-0.00403659
-0.00477576
-0.00555013
-0.00628345
-0.00686757
-0.0071993
-0.00722703
-0.00697504
-0.00656899
-0.00612846
-0.00573824
-0.00544547
-0.0052562
-0.00515397
-0.00512392
-0.00514284
-0.0051907
-0.00525692
-0.00533462
-0.00541795
-0.00550654
-0.00559883
-0.00569441
-0.00579258
-0.00589388
-0.00599646
-0.00610158
-0.00620765
-0.00631547
-0.00642429
-0.00653513
-0.00664679
-0.00676152
-0.0068754
-0.00699306
-0.00710822
-0.00722423
-0.00733579
-0.00744505
-0.00754574
-0.00764389
-0.00773013
-0.00780812
-0.00787348
0.00475949
0.00486441
0.00535843
0.00584457
0.00615085
0.00623347
0.00611292
0.00585996
0.005554
0.00525347
0.00498962
0.00477365
0.00460389
0.00446936
0.00435571
0.00425022
0.00414426
0.00403339
0.00391641
0.00379419
0.00366874
0.00354225
0.00341659
0.00329298
0.00317205
0.00305382
0.00293789
0.00282356
0.00270998
0.00259625
0.0024816
0.00236536
0.00224706
0.0021263
0.00200278
0.00187604
0.00174572
0.00161137
0.00147245
0.00132821
0.0011777
0.00101986
0.00085339
0.000676912
0.00048873
0.000286865
6.89797e-05
-0.00016807
-0.000427801
-0.000715075
-0.00103527
-0.00139456
-0.00180007
-0.0022594
-0.00277992
-0.0033661
-0.0040195
-0.00473534
-0.00548008
-0.00618507
-0.00675185
-0.00708577
-0.00713508
-0.00691246
-0.00653236
-0.0061124
-0.00573677
-0.0054508
-0.00526327
-0.00516107
-0.00512998
-0.00514737
-0.00519388
-0.00525906
-0.00533587
-0.00541849
-0.00550658
-0.00559849
-0.00569374
-0.00579165
-0.00589278
-0.00599524
-0.0061003
-0.00620635
-0.0063142
-0.00642308
-0.00653401
-0.00664575
-0.00676057
-0.00687455
-0.0069923
-0.00710755
-0.00722364
-0.00733529
-0.00744463
-0.00754539
-0.0076436
-0.00772992
-0.00780797
-0.00787337
0.00416612
0.00425045
0.0047395
0.00524675
0.00559707
0.00574208
0.00569256
0.00550728
0.00525786
0.00500072
0.00476869
0.00457543
0.00442252
0.00430241
0.00420295
0.00411204
0.00402054
0.00392312
0.00381784
0.00370515
0.0035871
0.00346632
0.00334528
0.00322571
0.00310858
0.00299405
0.00288167
0.0027706
0.00265986
0.0025485
0.00243575
0.002321
0.00220388
0.00208406
0.00196128
0.00183525
0.00170563
0.00157198
0.00143368
0.00129
0.00113996
0.00098252
0.000816369
0.000640149
0.000452186
0.000250514
3.28643e-05
-0.000203832
-0.000462972
-0.000749063
-0.00106729
-0.00142352
-0.0018244
-0.0022768
-0.00278749
-0.00335998
-0.00399365
-0.00468344
-0.00539867
-0.00607595
-0.00662507
-0.00695906
-0.00702872
-0.00683581
-0.00648218
-0.00608358
-0.00572223
-0.00544373
-0.00525911
-0.005158
-0.00512685
-0.00514368
-0.00518955
-0.00525425
-0.00533096
-0.00541371
-0.00550198
-0.00559413
-0.0056897
-0.00578794
-0.00588938
-0.00599214
-0.00609749
-0.00620381
-0.00631189
-0.00642096
-0.00653206
-0.00664397
-0.00675891
-0.00687299
-0.00699081
-0.00710614
-0.00722229
-0.00733404
-0.00744344
-0.00754434
-0.00764264
-0.00772915
-0.00780734
-0.00787285
0.00389987
0.00400277
0.00451692
0.00505231
0.00543166
0.00560527
0.00558201
0.00541864
0.00518575
0.00493996
0.0047151
0.00452599
0.00437548
0.0042574
0.00416053
0.00407298
0.00398524
0.00389141
0.003789
0.00367813
0.00356081
0.0034399
0.00331825
0.00319802
0.00308042
0.00296568
0.00285332
0.00274232
0.00263154
0.00251993
0.0024067
0.00229132
0.00217349
0.00205299
0.00192965
0.0018032
0.00167323
0.00153925
0.00140056
0.00125643
0.00110588
0.00094793
0.000781309
0.000604665
0.000416375
0.000214466
-3.25411e-06
-0.00023977
-0.000498378
-0.000783328
-0.0010996
-0.00145265
-0.00184861
-0.00229354
-0.00279354
-0.00335116
-0.00396456
-0.00462815
-0.00531278
-0.00595958
-0.00648718
-0.00681736
-0.00690469
-0.00674349
-0.0064222
-0.00604968
-0.00570726
-0.0054406
-0.00526094
-0.00516161
-0.00513033
-0.00514601
-0.0051906
-0.00525421
-0.00533
-0.00541205
-0.00549983
-0.00559163
-0.00568691
-0.00578496
-0.00588628
-0.005989
-0.00609436
-0.00620076
-0.00630896
-0.0064182
-0.00652941
-0.00664144
-0.00675648
-0.00687069
-0.00698857
-0.00710401
-0.00722022
-0.00733212
-0.0074416
-0.00754271
-0.0076411
-0.0077279
-0.00780629
-0.00787192
0.00357639
0.00367068
0.00418023
0.00471639
0.0051015
0.00528528
0.0052755
0.00512756
0.00491114
0.00468236
0.00447471
0.00430266
0.00416874
0.00406639
0.00398409
0.00390978
0.00383396
0.00375081
0.00365798
0.00355575
0.0034463
0.00333265
0.00321778
0.00310388
0.00299216
0.00288285
0.0027754
0.00266877
0.00256181
0.00245351
0.00234314
0.00223025
0.00211463
0.00199614
0.00187464
0.00174987
0.00162143
0.00148882
0.00135131
0.00120821
0.00105855
0.000901399
0.000735523
0.000559585
0.000372011
0.000170847
-4.60512e-05
-0.000281532
-0.000538814
-0.000821855
-0.00113536
-0.00148436
-0.00187445
-0.00231091
-0.00279905
-0.00334088
-0.00393345
-0.00457017
-0.00522357
-0.00583978
-0.00634673
-0.00667391
-0.00677932
-0.00665113
-0.00636194
-0.00601535
-0.00569142
-0.00543534
-0.00525982
-0.00516099
-0.00512919
-0.0051438
-0.00518719
-0.00524986
-0.00532511
-0.00540691
-0.00549459
-0.00558642
-0.00568183
-0.00578005
-0.00588157
-0.00598453
-0.00609012
-0.00619678
-0.00630521
-0.00641467
-0.00652607
-0.0066383
-0.00675346
-0.00686781
-0.00698573
-0.00710127
-0.00721747
-0.00732952
-0.00743903
-0.00754039
-0.00763885
-0.00772603
-0.00780465
-0.00787045
0.00334719
0.00344141
0.00395006
0.00448184
0.00486068
0.00503861
0.00502635
0.00488217
0.00467671
0.00446535
0.00427997
0.00413278
0.00402368
0.00394346
0.00387889
0.00381757
0.00375076
0.00367383
0.00358561
0.00348745
0.00338224
0.00327322
0.0031632
0.003054
0.00294643
0.00284045
0.00273542
0.00263035
0.00252431
0.00241649
0.00230637
0.00219363
0.0020781
0.00195968
0.00183819
0.0017134
0.00158487
0.00145211
0.0013144
0.00117103
0.00102109
0.000863634
0.000697491
0.000521322
0.000333619
0.000132464
-8.42498e-05
-0.0003192
-0.000575546
-0.000856918
-0.00116775
-0.00151263
-0.00189667
-0.00232434
-0.00280029
-0.00332598
-0.00389744
-0.0045072
-0.0051298
-0.00571629
-0.00620311
-0.00652622
-0.00664696
-0.00654954
-0.00629298
-0.00597376
-0.00566978
-0.00542624
-0.00525664
-0.00515994
-0.00512847
-0.00514285
-0.00518559
-0.00524751
-0.00532218
-0.00540357
-0.00549096
-0.0055826
-0.00567787
-0.005776
-0.00587748
-0.00598047
-0.00608611
-0.00619288
-0.00630142
-0.00641107
-0.00652258
-0.00663497
-0.0067502
-0.00686466
-0.00698258
-0.00709823
-0.00721441
-0.00732661
-0.00743612
-0.00753776
-0.00763626
-0.00772387
-0.0078027
-0.0078687
0.00321208
0.00332825
0.00385245
0.00437771
0.00473072
0.00486854
0.0048131
0.00463647
0.00441663
0.00420762
0.00403554
0.003908
0.00382015
0.0037587
0.00370833
0.00365664
0.0035961
0.00352368
0.00343964
0.00334648
0.00324759
0.00314611
0.00304427
0.00294322
0.00284319
0.00274375
0.00264412
0.00254348
0.0024411
0.00233649
0.00222931
0.0021194
0.00200661
0.00189082
0.0017718
0.00164926
0.00152276
0.0013918
0.00125571
0.00111379
0.000965177
0.000808933
0.000643956
0.000468928
0.000282384
8.24917e-05
-0.00013284
-0.000366092
-0.000620336
-0.000898905
-0.00120591
-0.00154554
-0.00192232
-0.00234012
-0.00280278
-0.00331128
-0.00386088
-0.00444341
-0.00503549
-0.0055928
-0.00605929
-0.00637733
-0.00651171
-0.00644498
-0.00622244
-0.0059316
-0.00564823
-0.00541756
-0.00525422
-0.00515939
-0.00512792
-0.00514147
-0.00518318
-0.00524411
-0.00531786
-0.00539867
-0.00548576
-0.00557729
-0.0056725
-0.00577068
-0.00587225
-0.00597541
-0.00608123
-0.00618825
-0.006297
-0.0064069
-0.0065186
-0.00663119
-0.00674653
-0.00686115
-0.00697907
-0.00709485
-0.00721098
-0.00732336
-0.00743286
-0.00753481
-0.00763334
-0.0077214
-0.00780046
-0.00786669
0.00302432
0.00307777
0.00352832
0.00398888
0.00430093
0.0044299
0.00439855
0.00426887
0.00410474
0.0039492
0.0038222
0.00372812
0.00366065
0.00360807
0.00355941
0.00350731
0.00344782
0.00337969
0.00330354
0.0032211
0.00313437
0.00304504
0.00295424
0.00286245
0.00276972
0.00267578
0.00258022
0.00248266
0.00238276
0.0022803
0.0021751
0.00206704
0.00195596
0.0018417
0.00172397
0.00160249
0.00147682
0.00134649
0.00121089
0.00106934
0.000921034
0.00076505
0.000600333
0.000425621
0.000239455
4.0145e-05
-0.000174409
-0.000406461
-0.000658979
-0.000935016
-0.00123833
-0.0015727
-0.00194213
-0.00234989
-0.00279903
-0.00329011
-0.00381785
-0.00437356
-0.00493582
-0.00546473
-0.00591112
-0.00622365
-0.00637023
-0.00633267
-0.00614395
-0.00588218
-0.0056202
-0.00540365
-0.00524797
-0.00515591
-0.00512499
-0.00513829
-0.00517943
-0.00523969
-0.00531298
-0.00539352
-0.00548043
-0.00557192
-0.0056672
-0.00576546
-0.00586713
-0.00597042
-0.00607638
-0.00618359
-0.00629252
-0.00640264
-0.00651449
-0.00662728
-0.0067427
-0.00685746
-0.00697538
-0.00709128
-0.00720736
-0.00731992
-0.0074294
-0.00753166
-0.00763024
-0.00771876
-0.00779807
-0.00786455
0.00490001
0.00481986
0.00433229
0.00382672
0.00346336
0.00327742
0.00324742
0.0033121
0.00340722
0.00348867
0.00353526
0.00354156
0.00351292
0.00346052
0.00339531
0.0033249
0.00325368
0.00318343
0.00311414
0.00304479
0.002974
0.00290056
0.00282371
0.00274309
0.00265876
0.00257094
0.00247997
0.00238614
0.0022896
0.00219043
0.00208854
0.00198377
0.00187589
0.00176462
0.00164965
0.00153064
0.0014072
0.00127886
0.00114508
0.00100522
0.0008585
0.000704047
0.000540817
0.000367634
0.000183032
-1.45394e-05
-0.000227146
-0.000456869
-0.000706479
-0.00097883
-0.00127725
-0.00160516
-0.00196605
-0.00236264
-0.00279726
-0.00327002
-0.00377532
-0.00430417
-0.00483698
-0.00533815
-0.00576471
-0.0060712
-0.00622827
-0.00621797
-0.00606309
-0.00583128
-0.0055916
-0.00538985
-0.00524249
-0.00515343
-0.00512288
-0.00513579
-0.00517623
-0.00523571
-0.00530833
-0.00538839
-0.005475
-0.00556635
-0.00566155
-0.00575979
-0.00586151
-0.00596493
-0.00607102
-0.00617844
-0.00628755
-0.00639793
-0.00650995
-0.00662296
-0.00673849
-0.00685342
-0.00697134
-0.00708738
-0.00720343
-0.00731618
-0.00742565
-0.00752824
-0.00762688
-0.00771588
-0.00779546
-0.00786219
0.00472067
0.00457725
0.0040138
0.00344133
0.00303529
0.00283925
0.00283217
0.00294265
0.00309227
0.00322551
0.00331465
0.00335125
0.00333945
0.00329217
0.00322483
0.00315033
0.00307674
0.00300775
0.00294387
0.00288346
0.00282385
0.00276246
0.00269727
0.00262712
0.00255162
0.00247099
0.0023858
0.00229671
0.00220427
0.00210881
0.00201043
0.00190903
0.00180436
0.00169611
0.00158389
0.00146734
0.00134605
0.00121958
0.00108742
0.000948976
0.000803516
0.000650257
0.000488171
0.000316207
0.000132898
-6.31708e-05
-0.000273989
-0.000501507
-0.000748235
-0.00101686
-0.00131026
-0.00163154
-0.00198365
-0.00236884
-0.00278873
-0.00324305
-0.00372603
-0.00422859
-0.00473284
-0.00520729
-0.00561444
-0.00591438
-0.00608039
-0.00609538
-0.0059738
-0.00577268
-0.00555616
-0.0053702
-0.00523242
-0.00514732
-0.00511773
-0.00513068
-0.00517084
-0.00522991
-0.00530213
-0.00538197
-0.00546846
-0.0055598
-0.00565505
-0.00575341
-0.00585526
-0.00595889
-0.00606517
-0.00617285
-0.0062822
-0.00639287
-0.0065051
-0.00661835
-0.00673399
-0.00684911
-0.00696703
-0.00708322
-0.00719923
-0.00731218
-0.00742166
-0.00752459
-0.00762332
-0.00771278
-0.00779266
-0.00785967
0.00466365
0.0045452
0.00399667
0.00341373
0.00297464
0.00272814
0.00266496
0.00272852
0.0028492
0.00297203
0.003065
0.00311474
0.00311991
0.00308849
0.00303312
0.00296635
0.00289767
0.00283252
0.00277276
0.00271774
0.00266513
0.00261197
0.00255563
0.0024943
0.0024271
0.0023539
0.00227512
0.00219145
0.0021036
0.00201211
0.00191729
0.00181919
0.00171767
0.00161245
0.00150316
0.0013894
0.00127072
0.00114668
0.00101673
0.000880334
0.000736755
0.000585313
0.000425003
0.000254878
7.3533e-05
-0.000120373
-0.000328656
-0.000553214
-0.000796232
-0.00106025
-0.00134775
-0.00166143
-0.00200387
-0.00237679
-0.00278122
-0.00321655
-0.00367694
-0.00415349
-0.00462988
-0.00507846
-0.00546666
-0.00575966
-0.00593321
-0.00597132
-0.00588206
-0.00571193
-0.00551933
-0.00534983
-0.00522232
-0.00514185
-0.0051133
-0.00512622
-0.00516608
-0.00522469
-0.00529643
-0.00537592
-0.00546217
-0.00555339
-0.0056486
-0.005747
-0.00584891
-0.00595268
-0.00605912
-0.00616704
-0.00627659
-0.00638754
-0.00649996
-0.00661345
-0.00672921
-0.0068445
-0.00696244
-0.00707877
-0.00719474
-0.0073079
-0.0074174
-0.00752067
-0.0076195
-0.00770944
-0.00778965
-0.00785694
0.00451786
0.00438987
0.00382698
0.00322622
0.00276795
0.00250257
0.00242297
0.00247484
0.00258983
0.00271299
0.00281157
0.00287129
0.00288936
0.00287164
0.00282888
0.00277248
0.00271166
0.00265225
0.00259696
0.00254605
0.00249806
0.00245056
0.00240103
0.00234737
0.00228824
0.00222302
0.0021517
0.00207473
0.00199274
0.00190636
0.00181605
0.00172204
0.00162433
0.00152274
0.00141691
0.00130645
0.00119087
0.00106972
0.000942469
0.000808648
0.000667549
0.00051853
0.000360613
0.000192894
1.40791e-05
-0.000177136
-0.000382349
-0.000603402
-0.000842174
-0.001101
-0.00138204
-0.00168756
-0.00201979
-0.00238001
-0.00276866
-0.00318487
-0.00362286
-0.00407401
-0.00452355
-0.00494722
-0.00531703
-0.00560268
-0.00578229
-0.00584113
-0.00578262
-0.00564358
-0.00547581
-0.00532364
-0.00520738
-0.00513264
-0.00510575
-0.00511897
-0.00515887
-0.00521734
-0.00528888
-0.00536825
-0.00545442
-0.00554568
-0.00564099
-0.00573953
-0.00584162
-0.00594562
-0.00605229
-0.00616052
-0.00627035
-0.00638163
-0.00649429
-0.00660807
-0.00672398
-0.00683948
-0.00695745
-0.00707395
-0.00718991
-0.00730328
-0.00741281
-0.00751644
-0.00761541
-0.00770582
-0.0077864
-0.00785399
0.00434772
0.0042161
0.00364885
0.00304411
0.00258261
0.00231465
0.00223291
0.00228292
0.00239639
0.00251863
0.0026172
0.00267798
0.00269825
0.00268372
0.00264478
0.00259242
0.00253555
0.00247987
0.00242813
0.00238078
0.00233664
0.00229355
0.00224912
0.00220123
0.00214835
0.0020896
0.0020247
0.00195383
0.00187746
0.00179615
0.00171039
0.00162051
0.00152661
0.00142861
0.00132623
0.00121911
0.00110676
0.000988724
0.000864443
0.000733427
0.000594999
0.000448537
0.000293163
0.000127999
-4.80825e-05
-0.000236345
-0.000438177
-0.000655303
-0.000889395
-0.00114248
-0.00141652
-0.0017133
-0.00203474
-0.00238177
-0.00275427
-0.00315121
-0.00356696
-0.0039933
-0.00441709
-0.00481702
-0.00516918
-0.00544731
-0.0056318
-0.00570922
-0.00567964
-0.0055714
-0.00542912
-0.00529508
-0.00519086
-0.00512283
-0.0050981
-0.00511172
-0.0051517
-0.00521015
-0.00528155
-0.00536079
-0.00544685
-0.00553809
-0.00563345
-0.00573209
-0.0058343
-0.0059385
-0.00604535
-0.00615386
-0.00626393
-0.00637552
-0.00648842
-0.00660245
-0.0067185
-0.00683421
-0.0069522
-0.00706886
-0.0071848
-0.00729838
-0.00740796
-0.00751194
-0.00761108
-0.00770195
-0.00778292
-0.00785083
0.00416644
0.00403446
0.00346588
0.0028594
0.00239588
0.00212571
0.00204166
0.00208944
0.00220092
0.00232159
0.00241918
0.00247974
0.00250061
0.0024875
0.00245073
0.00240119
0.00234759
0.00229554
0.00224769
0.00220446
0.00216465
0.00212617
0.00208666
0.00204401
0.00199667
0.00194369
0.00188467
0.00181965
0.00174897
0.00167307
0.0015924
0.00150727
0.00141782
0.00132402
0.00122564
0.00112236
0.00101373
0.000899303
0.000778507
0.000650841
0.00051566
0.000372353
0.00022014
5.8175e-05
-0.000114523
-0.00029914
-0.000496908
-0.000709368
-0.000938049
-0.00118464
-0.00145092
-0.00173831
-0.00204831
-0.00238166
-0.0027377
-0.00311527
-0.00350906
-0.00391122
-0.00431022
-0.00468742
-0.00502246
-0.00529281
-0.00548091
-0.0055747
-0.00557196
-0.00549344
-0.00537685
-0.00526154
-0.00517008
-0.00510972
-0.00508788
-0.00510218
-0.00514244
-0.00520107
-0.00527253
-0.00535181
-0.00543789
-0.00552921
-0.0056247
-0.00572352
-0.00582594
-0.00593041
-0.00603752
-0.00614637
-0.00625675
-0.00636871
-0.00648188
-0.00659623
-0.00671247
-0.00682841
-0.00694646
-0.0070633
-0.00717925
-0.00729305
-0.00740272
-0.00750706
-0.00760641
-0.00769774
-0.00777915
-0.00784739
0.00398427
0.00385173
0.00328207
0.00267416
0.00220899
0.00193703
0.00185122
0.00189744
0.00200772
0.00212764
0.00222497
0.00228579
0.00230746
0.0022957
0.00226077
0.00221351
0.00216258
0.00211352
0.00206895
0.00202925
0.00199323
0.00195876
0.00192351
0.00188538
0.0018428
0.00179479
0.0017409
0.00168109
0.00161562
0.00154484
0.00146914
0.00138877
0.00130387
0.00121442
0.0011202
0.00102094
0.000916213
0.000805575
0.00068849
0.00056445
0.000432849
0.000293086
0.00014445
-1.38505e-05
-0.000182699
-0.000363158
-0.000556351
-0.000763592
-0.000986285
-0.00122582
-0.00148375
-0.00176124
-0.00205933
-0.00237866
-0.00271814
-0.00307648
-0.00344881
-0.00382758
-0.00420277
-0.00455826
-0.00487687
-0.00513939
-0.00533014
-0.00543826
-0.00546003
-0.00541008
-0.00531939
-0.00522363
-0.00514576
-0.00509404
-0.00507594
-0.00509139
-0.00513213
-0.00519114
-0.00526289
-0.00534241
-0.00542861
-0.00552006
-0.00561571
-0.00571474
-0.00581736
-0.00592211
-0.00602948
-0.00613866
-0.00624933
-0.00636166
-0.00647511
-0.00658977
-0.00670618
-0.00682235
-0.00694046
-0.00705746
-0.00717343
-0.00728745
-0.00739722
-0.0075019
-0.00760149
-0.00769327
-0.00777514
-0.00784372
0.00380524
0.00367235
0.00310165
0.0024924
0.00202588
0.00175266
0.00166582
0.00171131
0.00182119
0.001941
0.00203849
0.0020997
0.00212201
0.00211108
0.00207722
0.00203126
0.0019819
0.00193469
0.00189226
0.00185502
0.00182176
0.00179037
0.00175849
0.00172402
0.00168537
0.00164153
0.00159204
0.0015368
0.00147601
0.00140996
0.00133897
0.00126326
0.00118291
0.00109789
0.001008
0.000912968
0.000812373
0.0007058
0.000592729
0.000472664
0.000345026
0.000209238
6.46407e-05
-8.94899e-05
-0.000253964
-0.000429714
-0.000617761
-0.00081922
-0.00103532
-0.00126725
-0.00151623
-0.00178329
-0.00206903
-0.00237395
-0.00269676
-0.00303594
-0.00338718
-0.00374341
-0.00409606
-0.0044312
-0.00473414
-0.00498869
-0.00518092
-0.00530109
-0.00534477
-0.00532193
-0.00525692
-0.00518119
-0.00511759
-0.00507533
-0.00506186
-0.00507896
-0.00512033
-0.00517981
-0.00525196
-0.00533185
-0.00541828
-0.00550992
-0.00560578
-0.00570503
-0.0058079
-0.00591297
-0.00602062
-0.00613016
-0.00624117
-0.00635389
-0.00646766
-0.00658266
-0.0066993
-0.00681572
-0.00693391
-0.00705111
-0.00716712
-0.00728136
-0.00739127
-0.00749631
-0.00759617
-0.00768842
-0.00777077
-0.00783972
0.00362131
0.00348734
0.00291508
0.00230453
0.00183709
0.00156333
0.0014763
0.00152183
0.00163191
0.00175202
0.00184992
0.00191164
0.00193457
0.0019244
0.00189145
0.00184659
0.00179854
0.00175289
0.00171229
0.00167716
0.00164631
0.00161763
0.00158875
0.00155755
0.00152243
0.00148238
0.00143688
0.00138583
0.00132937
0.00126779
0.00120133
0.0011302
0.00105443
0.000973978
0.000888611
0.000798048
0.00070188
0.000599697
0.000490999
0.000375308
0.000252075
0.000120755
-1.92701e-05
-0.00016866
-0.000328158
-0.000498581
-0.000680836
-0.000875885
-0.00108476
-0.00130848
-0.00154797
-0.00180412
-0.00207716
-0.0023674
-0.00267357
-0.00299384
-0.00332456
-0.00365926
-0.0039905
-0.00430637
-0.00459427
-0.00484067
-0.00503338
-0.00516365
-0.00522677
-0.00522913
-0.00518915
-0.00513381
-0.00508511
-0.00505309
-0.00504529
-0.00506463
-0.00510685
-0.00516691
-0.00523965
-0.00532013
-0.00540699
-0.00549896
-0.0055951
-0.00569466
-0.00579784
-0.00590327
-0.00601125
-0.0061212
-0.00623257
-0.00634571
-0.00645982
-0.00657517
-0.00669205
-0.00680874
-0.00692702
-0.00704441
-0.00716048
-0.00727494
-0.00738501
-0.0074904
-0.00759057
-0.00768327
-0.00776613
-0.00783547
0.00343847
0.0033042
0.00273121
0.00211987
0.00165177
0.00137756
0.00129028
0.00133579
0.001446
0.00156636
0.00166459
0.00172674
0.00175017
0.00174061
0.00170838
0.00166439
0.00161738
0.00157297
0.00153384
0.00150042
0.00147155
0.00144511
0.00141873
0.0013903
0.00135821
0.00132142
0.00127941
0.00123206
0.00117948
0.00112195
0.00105967
0.00099283
0.00092144
0.000845415
0.000764517
0.000678445
0.000586793
0.000489144
0.000385021
0.000273954
0.000155431
2.89272e-05
-0.000106121
-0.000250323
-0.000404339
-0.000568899
-0.000744784
-0.000932841
-0.00113391
-0.00134886
-0.00157837
-0.00182316
-0.00208328
-0.00235877
-0.00264848
-0.00295038
-0.00326132
-0.0035754
-0.00388621
-0.00418383
-0.00445741
-0.00469567
-0.00488807
-0.0050267
-0.00510682
-0.0051322
-0.00511625
-0.00508142
-0.00504816
-0.00502709
-0.00502593
-0.00504826
-0.00509167
-0.00515246
-0.00522595
-0.00530718
-0.00539463
-0.00548707
-0.00558363
-0.00568355
-0.00578706
-0.00589288
-0.00600122
-0.00611159
-0.00622335
-0.00633692
-0.00645139
-0.00656711
-0.00668425
-0.00680121
-0.00691962
-0.0070372
-0.00715335
-0.00726804
-0.00737829
-0.00748404
-0.00758455
-0.00767772
-0.0077611
-0.00783084
0.00325944
0.0031247
0.0025508
0.00193853
0.00146965
0.00119484
0.00110718
0.00115251
0.0012627
0.00138315
0.00148157
0.00154399
0.00156777
0.00155864
0.00152695
0.00148361
0.00143739
0.00139394
0.00135596
0.00132391
0.00129662
0.00127201
0.00124772
0.00122162
0.00119211
0.00115814
0.00111919
0.00107512
0.00102605
0.000972204
0.000913811
0.000851007
0.000783791
0.000712051
0.000635541
0.000553944
0.000466859
0.000373862
0.000274492
0.000168284
5.47553e-05
-6.65977e-05
-0.000196291
-0.000334891
-0.000482979
-0.000641207
-0.000810233
-0.000990784
-0.00118354
-0.00138922
-0.00160834
-0.0018414
-0.00208839
-0.00234908
-0.00262245
-0.00290644
-0.00319826
-0.00349283
-0.0037844
-0.00406482
-0.00432478
-0.00455485
-0.00474607
-0.00489131
-0.00498592
-0.00503195
-0.00503867
-0.0050241
-0.00500666
-0.00499714
-0.00500347
-0.00502963
-0.00507471
-0.00513639
-0.0052107
-0.00529286
-0.00538111
-0.00547418
-0.00557125
-0.00567161
-0.0057755
-0.00588177
-0.0059905
-0.00610131
-0.00621349
-0.00632752
-0.00644239
-0.00655849
-0.00667592
-0.00679318
-0.00691174
-0.00702953
-0.00714579
-0.0072607
-0.00737119
-0.00747728
-0.00757817
-0.00767181
-0.00775573
-0.0078259
0.00307893
0.00294383
0.00236916
0.00175611
0.00128659
0.00101134
0.000923453
0.000968737
0.00107901
0.00119966
0.00129835
0.0013611
0.00138528
0.0013766
0.00134544
0.00130273
0.00125725
0.00121468
0.00117774
0.0011469
0.00112104
0.00109805
0.00107561
0.00105158
0.00102437
0.000992931
0.000956736
0.000915645
0.000869764
0.000819316
0.000764508
0.000705469
0.000642198
0.00057457
0.00050234
0.000425179
0.00034269
0.000254442
0.000159982
5.88475e-05
-4.94217e-05
-0.000165306
-0.000289287
-0.000421879
-0.000563607
-0.00071504
-0.000876739
-0.00104931
-0.0012333
-0.00142929
-0.00163768
-0.00185877
-0.00209252
-0.0023385
-0.00259578
-0.0028624
-0.00313589
-0.00341191
-0.00368536
-0.0039495
-0.0041965
-0.00441838
-0.00460764
-0.00475794
-0.0048648
-0.00492905
-0.00495674
-0.00496184
-0.00496043
-0.004963
-0.00497752
-0.00500844
-0.00505579
-0.0051186
-0.00519385
-0.00527707
-0.00536628
-0.00546015
-0.00555788
-0.0056588
-0.00576314
-0.00586988
-0.00597904
-0.00609035
-0.00620297
-0.00631748
-0.00643278
-0.0065493
-0.00666706
-0.00678462
-0.00690336
-0.00702137
-0.00713776
-0.00725291
-0.00736365
-0.00747009
-0.00757138
-0.0076655
-0.00774998
-0.00782058
0.00289847
0.00276309
0.00218779
0.00157413
0.00110415
0.000828638
0.000740684
0.00078607
0.000896563
0.0010175
0.00111654
0.00117967
0.00120428
0.00119608
0.00116544
0.00112332
0.00107853
0.00103676
0.00100074
0.000970982
0.000946351
0.000924782
0.000903936
0.000881709
0.000856497
0.000827267
0.000793492
0.000755035
0.000712006
0.000664629
0.000613115
0.000557591
0.000498053
0.000434371
0.000366299
0.000293501
0.00021558
0.000132101
4.26189e-05
-5.33183e-05
-0.000156158
-0.000266347
-0.00038434
-0.000510594
-0.000645589
-0.00078981
-0.000943756
-0.00110792
-0.00128279
-0.00146878
-0.0016662
-0.00187523
-0.00209574
-0.00232726
-0.00256887
-0.00281879
-0.00307471
-0.00333308
-0.00358947
-0.00383824
-0.00407294
-0.00428674
-0.00447339
-0.00462736
-0.00474434
-0.00482437
-0.00487114
-0.004895
-0.00490955
-0.00492456
-0.00494789
-0.00498441
-0.00503477
-0.00509904
-0.00517534
-0.0052597
-0.00535005
-0.00544491
-0.00554345
-0.00564504
-0.00574992
-0.0058572
-0.00596684
-0.00607866
-0.00619178
-0.00630679
-0.00642255
-0.0065395
-0.00665761
-0.00677551
-0.00689444
-0.00701268
-0.00712923
-0.00724461
-0.00735563
-0.00746244
-0.00756413
-0.00765876
-0.00774379
-0.00781485
0.00271898
0.00258339
0.00200754
0.00139334
0.000922982
0.000647257
0.000559279
0.000604791
0.000715512
0.000836744
0.000936106
0.000999607
0.00102461
0.00101684
0.000986677
0.000945091
0.000900917
0.000859856
0.000824663
0.000795856
0.000772327
0.000752017
0.0007326
0.000711981
0.000688566
0.000661328
0.000629749
0.000593697
0.000553293
0.000508762
0.000460326
0.000408113
0.000352124
0.000292229
0.000228182
0.000159649
8.62298e-05
7.50035e-06
-7.69874e-05
-0.000167666
-0.000264974
-0.000369324
-0.000481145
-0.000600845
-0.00072886
-0.000865606
-0.00101152
-0.00116703
-0.0013325
-0.00150829
-0.00169459
-0.00189151
-0.00209885
-0.00231614
-0.00254248
-0.00277633
-0.00301562
-0.00325733
-0.00349771
-0.00373198
-0.00395492
-0.0041607
-0.00434408
-0.00450038
-0.00462545
-0.00471885
-0.00478268
-0.00482411
-0.00485422
-0.00488186
-0.00491448
-0.00495728
-0.00501142
-0.00507765
-0.00515518
-0.00524076
-0.00533233
-0.00542832
-0.00552786
-0.00563028
-0.00573581
-0.00584371
-0.00595388
-0.00606626
-0.0061799
-0.00629545
-0.00641171
-0.00652911
-0.00664761
-0.00676586
-0.00688501
-0.0070035
-0.00712023
-0.00723584
-0.00734718
-0.00745435
-0.00755649
-0.00765162
-0.00773723
-0.00780874
0.00254289
0.00240702
0.00183059
0.00121583
0.000745061
0.000469105
0.000381075
0.000426675
0.000537578
0.000659046
0.00075868
0.000822481
0.000847809
0.000840397
0.000810636
0.000769505
0.000725859
0.000685413
0.000650938
0.000622966
0.000600403
0.000581202
0.000563049
0.000543857
0.000522042
0.000496587
0.000466984
0.00043311
0.000395093
0.000353172
0.000307574
0.000258441
0.000205778
0.000149466
8.92608e-05
2.48382e-05
-4.41985e-05
-0.000118261
-0.000197794
-0.000283212
-0.000374943
-0.000473372
-0.000578905
-0.00069191
-0.000812781
-0.000941886
-0.0010796
-0.00122628
-0.00138222
-0.00154771
-0.00172287
-0.00190774
-0.00210209
-0.00230547
-0.00251706
-0.00273554
-0.0029591
-0.00318509
-0.00341044
-0.00363105
-0.0038427
-0.00404054
-0.00422005
-0.00437744
-0.0045088
-0.00461335
-0.00469207
-0.00474958
-0.00479459
-0.00483483
-0.00487712
-0.00492676
-0.00498546
-0.00505425
-0.00513325
-0.00522011
-0.00531298
-0.00541027
-0.00551097
-0.00561438
-0.00572067
-0.00582926
-0.00594003
-0.00605298
-0.0061672
-0.0062833
-0.0064001
-0.00651799
-0.00663691
-0.00675553
-0.00687495
-0.0069937
-0.00711065
-0.00722652
-0.00733819
-0.00744574
-0.00754834
-0.00764399
-0.00773019
-0.00780221
0.00236869
0.00223265
0.00165574
0.00104051
0.000569395
0.000293249
0.00020519
0.000250892
0.000361987
0.000483703
0.000583619
0.000647731
0.000673396
0.000666351
0.000636995
0.000596321
0.000553196
0.000513351
0.000479569
0.000452397
0.000430751
0.000412597
0.00039563
0.000377772
0.000357448
0.000333653
0.000305886
0.000274035
0.000238239
0.000198751
0.000155808
0.000109568
6.0048e-05
7.14295e-06
-4.93842e-05
-0.000109844
-0.000174625
-0.000244124
-0.000318773
-0.000398971
-0.000485129
-0.000577617
-0.000676809
-0.000783054
-0.000896695
-0.00101808
-0.0011475
-0.00128529
-0.00143168
-0.0015869
-0.00175102
-0.00192405
-0.00210574
-0.00229567
-0.0024931
-0.00269687
-0.00290551
-0.00311672
-0.00332798
-0.00353585
-0.00373681
-0.00392692
-0.00410221
-0.00425961
-0.00439559
-0.00450904
-0.00460034
-0.00467231
-0.00473137
-0.00478397
-0.00483612
-0.00489304
-0.00495693
-0.00502894
-0.00510982
-0.0051981
-0.00529233
-0.00539099
-0.00549298
-0.00559753
-0.00570475
-0.00581412
-0.00592554
-0.00603911
-0.00615392
-0.00627059
-0.00638795
-0.00650634
-0.0066257
-0.00674471
-0.00686441
-0.00698344
-0.00710061
-0.00721673
-0.00732876
-0.00743666
-0.0075397
-0.00763588
-0.00772263
-0.0077951
0.00219612
0.00206
0.00148274
0.000867155
0.000395772
0.000119482
3.14117e-05
7.72194e-05
0.000188504
0.000310466
0.000410667
0.000475093
0.000501101
0.000494427
0.000465478
0.000425258
0.000382648
0.000343391
0.000310283
0.000283885
0.000263123
0.000245974
0.000230143
0.000213561
0.000194663
0.000172451
0.000146434
0.000116511
8.28284e-05
4.56516e-05
5.23229e-06
-3.8256e-05
-8.47787e-05
-0.000134427
-0.000187424
-0.000244069
-0.000304732
-0.000369802
-0.000439688
-0.000514776
-0.000595448
-0.000682058
-0.000774943
-0.000874433
-0.000980831
-0.00109446
-0.00121557
-0.00134446
-0.00148132
-0.00162634
-0.00177958
-0.00194099
-0.0021104
-0.00228735
-0.00247126
-0.00266106
-0.00285551
-0.00305268
-0.00325051
-0.00344621
-0.00363682
-0.00381923
-0.00398995
-0.00414648
-0.00428572
-0.00440626
-0.00450803
-0.00459255
-0.00466444
-0.00472889
-0.00479096
-0.0048555
-0.00492504
-0.00500091
-0.00508416
-0.00517409
-0.00526973
-0.00536982
-0.00547323
-0.0055791
-0.00568743
-0.00579775
-0.00590995
-0.00602421
-0.00613966
-0.00625696
-0.00637493
-0.00649386
-0.00661373
-0.00673318
-0.00685321
-0.00697258
-0.00709005
-0.00720647
-0.00731889
-0.0074272
-0.00753075
-0.00762749
-0.00771483
-0.00778782
0.00203082
0.00189479
0.00131733
0.000701447
0.000229783
-4.6724e-05
-0.000134915
-8.91231e-05
2.22341e-05
0.000144331
0.00024471
0.000309349
0.000335596
0.000329189
0.00030054
0.000260661
0.000218446
0.000179651
0.000147086
0.000121322
0.000101298
8.50017e-05
7.0146e-05
5.4674e-05
3.70278e-05
1.62214e-05
-8.22634e-06
-3.64062e-05
-6.81601e-05
-0.000103215
-0.00014131
-0.000182268
-0.000226043
-0.000272714
-0.000322479
-0.00037562
-0.00043248
-0.000493426
-0.000558839
-0.000629089
-0.000704528
-0.0007855
-0.00087231
-0.000965271
-0.00106466
-0.00117075
-0.0012838
-0.00140405
-0.00153167
-0.00166681
-0.00180954
-0.0019598
-0.00211744
-0.00228204
-0.00245313
-0.00262977
-0.00281095
-0.00299507
-0.00318038
-0.00336469
-0.00354546
-0.00372023
-0.003886
-0.00404064
-0.00418158
-0.00430727
-0.0044174
-0.00451264
-0.00459603
-0.00467157
-0.00474332
-0.00481556
-0.00489102
-0.00497121
-0.00505731
-0.00514916
-0.00524627
-0.00534775
-0.00545257
-0.00555981
-0.00566935
-0.00578071
-0.00589375
-0.00600875
-0.00612485
-0.00624275
-0.0063613
-0.00648072
-0.00660105
-0.00672092
-0.00684128
-0.00696098
-0.0070787
-0.00719539
-0.00730818
-0.00741689
-0.00752091
-0.00761821
-0.0077061
-0.00777954
0.00186273
0.00172668
0.00114897
0.000532889
6.1212e-05
-0.000215107
-0.000302923
-0.000256613
-0.00014465
-2.18977e-05
7.91684e-05
0.000144517
0.000171499
0.000165852
0.000137998
9.8957e-05
5.7632e-05
1.97876e-05
-1.17602e-05
-3.64344e-05
-5.52909e-05
-7.03376e-05
-8.38573e-05
-9.79028e-05
-0.000114027
-0.00013321
-0.000155925
-0.000182254
-0.000212028
-0.000244961
-0.000280772
-0.000319263
-0.000360366
-0.00040414
-0.000450762
-0.000500499
-0.000553672
-0.000610635
-0.000671744
-0.000737352
-0.000807786
-0.000883368
-0.00096438
-0.00105111
-0.0011438
-0.00124271
-0.00134805
-0.00146005
-0.00157886
-0.00170459
-0.00183734
-0.00197701
-0.00212352
-0.0022765
-0.00243554
-0.00259988
-0.00276865
-0.00294058
-0.00311419
-0.00328777
-0.00345916
-0.00362641
-0.00378704
-0.00393917
-0.00408075
-0.00421019
-0.00432698
-0.00443122
-0.00452474
-0.00461046
-0.00469153
-0.00477155
-0.00485321
-0.00493818
-0.00502771
-0.00512202
-0.00522094
-0.00532396
-0.00543029
-0.00553899
-0.00564992
-0.00576255
-0.00587671
-0.00599263
-0.00610951
-0.00622809
-0.00634729
-0.0064673
-0.00658821
-0.0067086
-0.00682936
-0.00694942
-0.00706745
-0.00718446
-0.00729765
-0.00740677
-0.00751128
-0.00760913
-0.00769759
-0.00777152
0.00169411
0.00155731
0.000978716
0.000361964
-0.000110116
-0.000386573
-0.000474305
-0.000427771
-0.000315509
-0.000192421
-9.0994e-05
-2.52593e-05
2.13939e-06
-3.0496e-06
-3.03947e-05
-6.8862e-05
-0.000109538
-0.000146647
-0.000177365
-0.000201104
-0.000218914
-0.000232797
-0.00024503
-0.000257663
-0.000272243
-0.000289746
-0.000310639
-0.000335
-0.000362648
-0.000393289
-0.000426632
-0.000462467
-0.000500708
-0.000541401
-0.000584707
-0.000630876
-0.000680213
-0.000733054
-0.000789735
-0.000850588
-0.00091592
-0.000986025
-0.00106117
-0.0011416
-0.00122756
-0.00131926
-0.00141692
-0.00152071
-0.0016308
-0.00174728
-0.00187024
-0.00199962
-0.00213537
-0.00227717
-0.0024247
-0.00257735
-0.00273438
-0.00289481
-0.00305738
-0.00322074
-0.00338314
-0.00354294
-0.00369815
-0.00384706
-0.00398805
-0.00411961
-0.0042411
-0.00435232
-0.0044542
-0.00454878
-0.00463836
-0.00472582
-0.0048136
-0.00490336
-0.00499644
-0.00509334
-0.00519414
-0.00529866
-0.0054064
-0.00551652
-0.00562881
-0.00574272
-0.00585796
-0.00597482
-0.00609248
-0.00621173
-0.00633159
-0.00645218
-0.00657367
-0.00669457
-0.00681573
-0.00693622
-0.00705459
-0.00717195
-0.00728555
-0.00739514
-0.00750017
-0.0075986
-0.00768762
-0.00776203
0.0015597
0.00142437
0.000846971
0.000231145
-0.000240179
-0.000515995
-0.000603143
-0.000556032
-0.000443187
-0.00031952
-0.000217536
-0.000151274
-0.000123385
-0.000128117
-0.000155026
-0.000193066
-0.000233313
-0.000269987
-0.000300261
-0.000323553
-0.000340914
-0.000354349
-0.000366135
-0.000378316
-0.000392427
-0.000409428
-0.000429764
-0.000453486
-0.000480387
-0.000510145
-0.000542441
-0.000577043
-0.000613841
-0.000652862
-0.000694247
-0.000738229
-0.000785095
-0.000835164
-0.000888751
-0.000946166
-0.0010077
-0.0010736
-0.00114413
-0.00121951
-0.00129994
-0.00138562
-0.00147674
-0.00157345
-0.00167593
-0.00178425
-0.00189852
-0.0020187
-0.00214476
-0.00227649
-0.00241363
-0.00255571
-0.00270211
-0.00285206
-0.00300452
-0.00315843
-0.00331238
-0.00346504
-0.00361488
-0.00376042
-0.00390031
-0.00403319
-0.00415825
-0.00427513
-0.0043841
-0.0044865
-0.00458391
-0.00467854
-0.00477248
-0.00486734
-0.00496445
-0.00506448
-0.00516769
-0.00527404
-0.00538337
-0.00549495
-0.00560865
-0.00572389
-0.00584032
-0.00595823
-0.00607677
-0.00619674
-0.00631724
-0.00643836
-0.00656035
-0.00668176
-0.00680332
-0.00692418
-0.00704288
-0.00716051
-0.00727449
-0.00738446
-0.00748995
-0.00758887
-0.00767841
-0.00775324
0.00129667
0.0011614
0.000584922
-2.79398e-05
-0.000494224
-0.000763124
-0.000841982
-0.000786161
-0.000665083
-0.000534183
-0.000426145
-0.000355008
-0.000323258
-0.000324782
-0.000348717
-0.000383677
-0.000420538
-0.000453459
-0.000479648
-0.000498613
-0.00051154
-0.000520577
-0.000528122
-0.000536299
-0.000546679
-0.000560218
-0.000577327
-0.000597998
-0.000621955
-0.000648807
-0.000678177
-0.000709785
-0.000743492
-0.000779302
-0.000817338
-0.00085781
-0.000900978
-0.000947132
-0.000996572
-0.00104959
-0.00110644
-0.00116739
-0.00123264
-0.00130239
-0.00137683
-0.00145613
-0.00154047
-0.00162998
-0.00172482
-0.00182509
-0.00193086
-0.00204215
-0.00215892
-0.002281
-0.00240817
-0.00254008
-0.00267625
-0.00281611
-0.00295886
-0.00310364
-0.00324938
-0.00339495
-0.00353912
-0.0036806
-0.00381826
-0.00395095
-0.0040778
-0.00419838
-0.0043126
-0.00442123
-0.00452528
-0.00462636
-0.0047261
-0.00482596
-0.00492715
-0.00503044
-0.00513627
-0.00524464
-0.00535568
-0.0054688
-0.00558395
-0.00570064
-0.00581842
-0.0059376
-0.00605722
-0.00617811
-0.00629943
-0.00642122
-0.00654387
-0.0066659
-0.006788
-0.00690942
-0.00702858
-0.00714664
-0.00726108
-0.0073716
-0.00747765
-0.00757718
-0.0076673
-0.00774264
0.00130619
0.00117454
0.000600878
-1.17508e-05
-0.000481104
-0.000756672
-0.00084548
-0.000801489
-0.000692392
-0.000572285
-0.00047308
-0.000408446
-0.000380862
-0.000384631
-0.000409647
-0.000445348
-0.000483293
-0.000518092
-0.000547109
-0.000569795
-0.000587098
-0.000600823
-0.000613004
-0.000625457
-0.000639531
-0.00065606
-0.000675418
-0.000697641
-0.000722543
-0.000749849
-0.000779295
-0.000810692
-0.00084396
-0.000879129
-0.000916326
-0.000955754
-0.000997663
-0.00104231
-0.00108995
-0.00114082
-0.00119512
-0.00125305
-0.0013148
-0.00138055
-0.00145049
-0.00152479
-0.00160361
-0.00168711
-0.00177545
-0.00186873
-0.00196707
-0.00207048
-0.00217896
-0.00229244
-0.00241075
-0.00253364
-0.00266076
-0.00279166
-0.00292571
-0.00306224
-0.00320038
-0.00333924
-0.00347782
-0.00361509
-0.00375004
-0.00388178
-0.00400942
-0.00413251
-0.00425071
-0.00436437
-0.00447403
-0.00458076
-0.00468578
-0.00479028
-0.00489538
-0.00500182
-0.00511021
-0.00522058
-0.00533326
-0.00544775
-0.00556411
-0.00568199
-0.00580082
-0.00592103
-0.00604154
-0.00616316
-0.00628514
-0.00640738
-0.00653043
-0.00665287
-0.00677525
-0.00689706
-0.00701655
-0.00713479
-0.00724956
-0.00736042
-0.00746685
-0.00756679
-0.00765733
-0.00773299
-0.00197603
-0.00185975
-0.00130346
-0.000709961
-0.000260895
-6.32409e-06
6.1097e-05
-4.41776e-06
-0.000135131
-0.000277092
-0.000398614
-0.000486252
-0.000537808
-0.000559333
-0.000561157
-0.0005539
-0.000545921
-0.000542486
-0.000546157
-0.000557477
-0.000575552
-0.000598686
-0.000624994
-0.000652845
-0.000681085
-0.00070909
-0.000736695
-0.000764082
-0.000791651
-0.000819894
-0.00084929
-0.00088025
-0.000913086
-0.000948016
-0.000985187
-0.00102469
-0.00106661
-0.00111103
-0.00115804
-0.00120777
-0.00126039
-0.00131607
-0.00137502
-0.00143743
-0.00150354
-0.00157353
-0.00164761
-0.00172594
-0.00180869
-0.00189598
-0.0019879
-0.00208452
-0.00218585
-0.00229185
-0.00240241
-0.00251737
-0.00263645
-0.00275933
-0.00288553
-0.00301454
-0.0031457
-0.00327831
-0.00341155
-0.00354462
-0.00367665
-0.0038069
-0.00393457
-0.00405916
-0.00418025
-0.00429788
-0.00441228
-0.00452409
-0.00463415
-0.00474335
-0.00485266
-0.0049627
-0.00507418
-0.00518713
-0.00530199
-0.00541843
-0.00553643
-0.00565594
-0.00577623
-0.00589788
-0.00601974
-0.00614251
-0.0062656
-0.0063887
-0.00651248
-0.00663565
-0.00675861
-0.00688108
-0.00700122
-0.00711994
-0.00723524
-0.00734674
-0.00745371
-0.00755429
-0.00764543
-0.00772162
0.00109257
0.000961313
0.000387639
-0.000225425
-0.000695627
-0.000972462
-0.00106276
-0.00102022
-0.000912349
-0.000793179
-0.000694644
-0.000630463
-0.000603102
-0.000606874
-0.000631734
-0.000667224
-0.000705022
-0.000739837
-0.000769055
-0.000792086
-0.000809789
-0.000823862
-0.000836239
-0.000848657
-0.000862419
-0.000878335
-0.000896775
-0.00091778
-0.000941179
-0.000966709
-0.00099411
-0.00102319
-0.00105385
-0.0010861
-0.00112001
-0.00115575
-0.00119351
-0.00123349
-0.00127592
-0.00132099
-0.00136891
-0.00141984
-0.00147398
-0.00153147
-0.00159249
-0.00165717
-0.00172567
-0.00179814
-0.0018747
-0.00195548
-0.00204058
-0.00213006
-0.00222398
-0.00232232
-0.00242502
-0.00253199
-0.00264303
-0.00275791
-0.00287627
-0.00299772
-0.00312175
-0.00324782
-0.00337527
-0.00350347
-0.00363166
-0.00375925
-0.00388552
-0.00400999
-0.00413219
-0.00425198
-0.00436936
-0.00448461
-0.00459829
-0.00471096
-0.00482344
-0.00493618
-0.00504991
-0.00516471
-0.00528104
-0.00539874
-0.00551774
-0.00563819
-0.00575933
-0.00588172
-0.00600439
-0.00612773
-0.00625146
-0.006375
-0.00649905
-0.00662257
-0.00674566
-0.00686841
-0.00698881
-0.00710767
-0.00722328
-0.007335
-0.00744225
-0.0075431
-0.00763456
-0.00771092
-0.00232594
-0.00220457
-0.0016414
-0.0010396
-0.0005816
-0.000318006
-0.000242029
-0.000299901
-0.000424009
-0.000560243
-0.000676649
-0.000759532
-0.000806477
-0.000823201
-0.000819834
-0.000806979
-0.00079312
-0.000783697
-0.000781428
-0.000786994
-0.000799608
-0.00081764
-0.000839226
-0.000862708
-0.000886882
-0.000911052
-0.00093498
-0.000958773
-0.000982769
-0.00100741
-0.00103314
-0.00106036
-0.00108937
-0.00112038
-0.00115354
-0.00118892
-0.00122658
-0.00126657
-0.00130893
-0.00135374
-0.00140111
-0.00145115
-0.00150401
-0.00155984
-0.00161879
-0.00168104
-0.00174674
-0.00181605
-0.00188909
-0.001966
-0.00204688
-0.00213181
-0.00222084
-0.00231399
-0.00241125
-0.00251257
-0.0026178
-0.0027268
-0.00283932
-0.00295508
-0.00307369
-0.00319475
-0.00331774
-0.00344218
-0.00356745
-0.00369305
-0.00381838
-0.00394298
-0.0040664
-0.00418836
-0.00430876
-0.0044276
-0.00454523
-0.0046619
-0.00477824
-0.00489456
-0.00501148
-0.00512915
-0.00524791
-0.00536785
-0.00548875
-0.00561097
-0.00573372
-0.00585758
-0.00598169
-0.00610629
-0.00623122
-0.00635583
-0.00648074
-0.00660508
-0.00672883
-0.00685217
-0.00697325
-0.00709267
-0.00720897
-0.00732133
-0.00742904
-0.0075306
-0.00762261
-0.00769956
0.00089074
0.000758232
0.000183084
-0.000431165
-0.000901938
-0.00117856
-0.00126786
-0.0012238
-0.0011142
-0.000993378
-0.000893427
-0.000828143
-0.000800023
-0.000803402
-0.000828158
-0.000863669
-0.000901433
-0.000936014
-0.000964739
-0.000987009
-0.00100372
-0.00101663
-0.00102773
-0.00103883
-0.00105126
-0.00106585
-0.00108297
-0.00110264
-0.00112467
-0.00114873
-0.00117455
-0.00120187
-0.00123056
-0.0012606
-0.00129205
-0.00132502
-0.0013597
-0.00139628
-0.00143494
-0.00147586
-0.00151923
-0.00156517
-0.00161384
-0.00166537
-0.00171988
-0.00177749
-0.00183833
-0.00190252
-0.00197019
-0.00204145
-0.0021164
-0.00219515
-0.00227774
-0.00236425
-0.00245468
-0.00254901
-0.00264718
-0.00274909
-0.00285456
-0.0029634
-0.00307532
-0.00319002
-0.00330711
-0.0034262
-0.00354681
-0.00366849
-0.00379078
-0.00391322
-0.00403542
-0.00415703
-0.00427789
-0.00439782
-0.00451698
-0.00463544
-0.00475361
-0.0048717
-0.00499015
-0.00510921
-0.00522902
-0.00534991
-0.00547154
-0.0055944
-0.00571775
-0.00584206
-0.00596676
-0.00609172
-0.00621713
-0.00634207
-0.00646723
-0.00659186
-0.00671565
-0.00683914
-0.00696019
-0.00707975
-0.00719636
-0.00730883
-0.00741664
-0.00751826
-0.00761032
-0.00768723
-0.00251876
-0.0023956
-0.00183038
-0.00122676
-0.0007674
-0.000503086
-0.000427017
-0.000485216
-0.00060977
-0.000746315
-0.00086273
-0.000945224
-0.000991326
-0.00100677
-0.00100179
-0.000987147
-0.000971476
-0.000960351
-0.000956558
-0.000960786
-0.000972212
-0.000989139
-0.00100962
-0.00103194
-0.00105483
-0.00107756
-0.00109987
-0.00112187
-0.00114391
-0.00116645
-0.00118994
-0.0012148
-0.00124133
-0.00126975
-0.00130018
-0.00133269
-0.0013673
-0.00140404
-0.00144293
-0.00148401
-0.00152735
-0.00157305
-0.00162121
-0.00167196
-0.00172544
-0.00178178
-0.00184112
-0.00190358
-0.00196929
-0.00203837
-0.00211089
-0.00218697
-0.00226667
-0.00235004
-0.0024371
-0.00252788
-0.00262233
-0.00272041
-0.002822
-0.00292699
-0.00303516
-0.00314631
-0.00326013
-0.00337634
-0.00349456
-0.00361442
-0.00373554
-0.00385751
-0.00397999
-0.00410259
-0.00422511
-0.00434729
-0.00446913
-0.00459056
-0.00471178
-0.00483292
-0.00495422
-0.00507594
-0.00519814
-0.00532116
-0.00544475
-0.00556925
-0.00569424
-0.00581986
-0.0059459
-0.00607202
-0.00619849
-0.00632458
-0.00645055
-0.00657611
-0.00670047
-0.00682453
-0.00694624
-0.00706615
-0.00718363
-0.00729687
-0.00740522
-0.0075075
-0.00760007
-0.00767759
0.000740308
0.000606704
3.03463e-05
-0.000584894
-0.00105622
-0.00133283
-0.00142156
-0.00137652
-0.00126581
-0.00114395
-0.0010432
-0.000977448
-0.000949249
-0.000952903
-0.000978174
-0.0010143
-0.00105263
-0.00108762
-0.00111649
-0.00113865
-0.001155
-0.00116737
-0.00117783
-0.00118823
-0.00119996
-0.00121389
-0.00123038
-0.00124946
-0.00127089
-0.00129433
-0.00131945
-0.00134597
-0.00137374
-0.00140268
-0.00143284
-0.00146433
-0.0014973
-0.00153194
-0.0015684
-0.00160686
-0.00164745
-0.00169031
-0.00173554
-0.00178326
-0.00183354
-0.00188649
-0.0019422
-0.00200078
-0.00206232
-0.00212693
-0.00219471
-0.00226575
-0.00234015
-0.00241797
-0.00249926
-0.00258407
-0.0026724
-0.00276424
-0.00285954
-0.00295821
-0.00306013
-0.00316515
-0.00327307
-0.00338366
-0.00349665
-0.00361173
-0.00372862
-0.00384695
-0.00396643
-0.00408672
-0.00420757
-0.00432872
-0.00445004
-0.00457142
-0.00469287
-0.00481449
-0.00493632
-0.00505864
-0.00518135
-0.00530483
-0.00542881
-0.0055536
-0.00567891
-0.00580478
-0.0059311
-0.00605741
-0.00618402
-0.00631034
-0.00643647
-0.00656231
-0.0066866
-0.00681021
-0.00693194
-0.0070519
-0.00716923
-0.00728256
-0.00739086
-0.00749304
-0.0075856
-0.00766297
-0.00254935
-0.00242643
-0.00186194
-0.0012598
-0.000802735
-0.00054154
-0.000469256
-0.000531548
-0.000660127
-0.000800379
-0.000920067
-0.00100536
-0.0010538
-0.00107122
-0.00106806
-0.00105525
-0.00104159
-0.00103275
-0.00103157
-0.00103869
-0.00105321
-0.00107333
-0.00109698
-0.00112233
-0.00114806
-0.0011734
-0.00119808
-0.0012222
-0.00124615
-0.00127038
-0.0012954
-0.00132161
-0.00134932
-0.00137873
-0.00140995
-0.001443
-0.00147789
-0.0015146
-0.00155312
-0.00159348
-0.00163571
-0.0016799
-0.00172614
-0.00177454
-0.00182523
-0.00187835
-0.001934
-0.00199233
-0.00205344
-0.00211744
-0.00218443
-0.00225451
-0.00232776
-0.00240425
-0.00248405
-0.0025672
-0.00265374
-0.00274367
-0.00283699
-0.00293364
-0.00303356
-0.00313664
-0.00324274
-0.00335167
-0.00346324
-0.00357718
-0.00369324
-0.00381114
-0.00393055
-0.0040512
-0.00417276
-0.00429504
-0.00441774
-0.00454079
-0.00466402
-0.00478753
-0.0049112
-0.00503535
-0.00515985
-0.0052849
-0.00541036
-0.0055363
-0.0056627
-0.00578937
-0.00591656
-0.00604386
-0.00617145
-0.00629879
-0.00642555
-0.00655186
-0.00667661
-0.00680075
-0.00692307
-0.00704353
-0.00716101
-0.00727476
-0.00738402
-0.00748639
-0.00757899
-0.00765691
0.000722432
0.000585941
6.28662e-06
-0.0006126
-0.00108762
-0.0013677
-0.00145949
-0.00141703
-0.00130855
-0.00118879
-0.00109019
-0.00102681
-0.00100134
-0.00100815
-0.00103694
-0.00107684
-0.00111905
-0.00115783
-0.00119032
-0.00121582
-0.00123527
-0.00125049
-0.00126361
-0.00127656
-0.00129076
-0.00130711
-0.00132599
-0.00134743
-0.00137118
-0.00139688
-0.00142415
-0.00145268
-0.00148228
-0.00151285
-0.00154439
-0.001577
-0.0016108
-0.00164596
-0.00168263
-0.00172097
-0.0017611
-0.00180314
-0.00184718
-0.0018933
-0.00194159
-0.00199213
-0.00204498
-0.00210024
-0.00215799
-0.00221833
-0.00228135
-0.00234714
-0.00241581
-0.00248743
-0.00256209
-0.00263987
-0.0027208
-0.00280495
-0.00289232
-0.00298293
-0.00307675
-0.00317372
-0.00327378
-0.00337681
-0.00348268
-0.00359123
-0.00370224
-0.00381551
-0.00393075
-0.00404773
-0.00416612
-0.0042857
-0.00440623
-0.00452762
-0.00464972
-0.0047725
-0.00489585
-0.00501971
-0.00514401
-0.00526878
-0.00539405
-0.00551985
-0.0056462
-0.00577302
-0.00590027
-0.00602777
-0.00615526
-0.0062826
-0.00640926
-0.00653546
-0.00666039
-0.0067844
-0.00690669
-0.00702679
-0.00714412
-0.00725791
-0.00736697
-0.00746956
-0.00756203
-0.00763957
)
;

boundaryField
{
    zeroGradient
    {
        type            zeroGradient;
    }
    inlet
    {
        type            zeroGradient;
    }
    fixedWalls
    {
        type            zeroGradient;
    }
    frontAndBack
    {
        type            empty;
    }
}


// ************************************************************************* //
