/*--------------------------------*- C++ -*----------------------------------*\
| =========                 |                                                 |
| \\      /  F ield         | OpenFOAM: The Open Source CFD Toolbox           |
|  \\    /   O peration     | Version:  2312                                  |
|   \\  /    A nd           | Website:  www.openfoam.com                      |
|    \\/     M anipulation  |                                                 |
\*---------------------------------------------------------------------------*/
FoamFile
{
    version     2.0;
    format      ascii;
    arch        "LSB;label=32;scalar=64";
    class       volScalarField;
    location    "0.9";
    object      p;
}
// * * * * * * * * * * * * * * * * * * * * * * * * * * * * * * * * * * * * * //

dimensions      [0 2 -2 0 0 0 0];

internalField   nonuniform List<scalar> 
5600
(
6.80558e-09
0.000471646
0.000302738
0.000442927
0.000368626
0.000527496
0.000508412
0.000651853
0.000671414
0.000807125
0.00086654
0.000995309
0.0010804
0.00121013
0.00131877
0.00145222
0.00157996
0.00171933
0.00186087
0.00201316
0.00217257
0.00234389
0.00252246
0.00271318
0.00290925
0.00311726
0.00333032
0.00355537
0.00378718
0.00403388
0.00429216
0.00456922
0.00485975
0.00516103
0.00546105
0.00575053
0.00603665
0.00631741
0.00652959
0.00649849
2.61708e-06
0.000468686
0.000304674
0.000440081
0.00037112
0.000523895
0.000511019
0.000647659
0.000674029
0.00080241
0.000868764
0.000990388
0.00108119
0.00120518
0.00131792
0.00144687
0.00157606
0.00171357
0.00185599
0.00200873
0.00216725
0.00233745
0.00251389
0.00270117
0.0028956
0.00310048
0.0033129
0.00353536
0.00376617
0.00400648
0.00425262
0.0044993
0.00473967
0.00497458
0.00520645
0.00542582
0.00560603
0.00570377
0.00564765
0.00531384
4.97228e-06
0.000467005
0.000305709
0.000438884
0.000372104
0.000522223
0.00051182
0.000645821
0.000674556
0.000800448
0.000868946
0.000988523
0.00108073
0.00120351
0.00131645
0.00144486
0.00157376
0.00171104
0.00185288
0.00200453
0.0021625
0.00233204
0.0025069
0.00269297
0.00288553
0.00308871
0.00329813
0.00351613
0.00373912
0.00396841
0.00419979
0.00442778
0.00464732
0.00486194
0.00507185
0.00526545
0.00541523
0.00548426
0.00541099
0.00508829
8.93622e-06
0.000462814
0.00030817
0.000435077
0.000375101
0.000517362
0.000515035
0.000640418
0.000677738
0.000794546
0.000871467
0.000982293
0.00108133
0.00119721
0.00131505
0.00143949
0.00156912
0.00170568
0.00184672
0.00199714
0.00215451
0.00232132
0.00249487
0.0026772
0.00286724
0.00306631
0.00327289
0.00348561
0.0036996
0.00390855
0.00411045
0.00430891
0.00450596
0.00469762
0.00487257
0.00501332
0.00509509
0.00508401
0.00492762
0.00453247
1.25221e-05
0.000458997
0.000310196
0.000432463
0.000377147
0.000513792
0.00051661
0.000636643
0.000678615
0.000790909
0.00087164
0.000979145
0.00108026
0.00119383
0.0013117
0.00143576
0.00156407
0.00169957
0.00183987
0.00198892
0.00214467
0.00230931
0.00248042
0.00265961
0.0028457
0.00303879
0.00323661
0.00343737
0.00363804
0.00383451
0.00402093
0.004198
0.00437083
0.00453683
0.00468354
0.00479317
0.00484384
0.00480727
0.00463753
0.00424731
1.74652e-05
0.000452893
0.000313759
0.000427396
0.000381152
0.000507278
0.000520735
0.000629858
0.000682022
0.000783841
0.000873025
0.000973001
0.00107786
0.00119062
0.00130699
0.00142943
0.00155695
0.00169119
0.00183074
0.00197768
0.00213153
0.00229312
0.00246083
0.0026354
0.0028165
0.00300402
0.00319407
0.00338026
0.00355759
0.00372846
0.00389623
0.00406166
0.00422168
0.00436954
0.00449389
0.00457942
0.004606
0.00454543
0.00435213
0.00393958
2.23556e-05
0.000446507
0.000317028
0.000423203
0.000384312
0.000501546
0.000522774
0.000624353
0.000682588
0.000779535
0.000872175
0.000969869
0.00107415
0.00118593
0.00130105
0.00142236
0.0015487
0.00168159
0.00181949
0.00196421
0.00211522
0.00227337
0.00243656
0.00260507
0.00277751
0.00295276
0.00312835
0.00330181
0.00346908
0.00362563
0.00377472
0.0039221
0.00406567
0.0041968
0.00430413
0.00437422
0.00438904
0.00432187
0.00412672
0.00371334
2.86318e-05
0.000437665
0.00032194
0.000416617
0.000389536
0.000493266
0.000527452
0.00061639
0.000684058
0.000773434
0.000869329
0.00096723
0.00106896
0.00117949
0.00129365
0.00141392
0.00153851
0.0016697
0.00180527
0.0019475
0.00209485
0.00224891
0.00240624
0.00256724
0.00272982
0.00289347
0.00305397
0.00320614
0.00335107
0.00349349
0.00363483
0.00377346
0.0039046
0.00402185
0.00411605
0.00417643
0.0041871
0.00412372
0.00394206
0.00355409
3.51691e-05
0.00042789
0.000326691
0.000410709
0.000393482
0.000485339
0.000529074
0.000610402
0.000683598
0.000770503
0.000865688
0.000962267
0.00106296
0.00117202
0.00128512
0.00140362
0.00152646
0.00165514
0.00178822
0.00192697
0.0020701
0.0022189
0.00237015
0.00252248
0.00267181
0.00281449
0.00295128
0.0030861
0.00322051
0.00335418
0.00348595
0.0036149
0.00373906
0.00385558
0.00395847
0.00403775
0.00407555
0.0040403
0.00387043
0.00344219
4.31483e-05
0.000415481
0.000332821
0.000402828
0.000399681
0.000475779
0.00053265
0.000602524
0.000679458
0.000767304
0.000861663
0.00095571
0.00105615
0.00116282
0.00127514
0.00139082
0.00151215
0.00163738
0.0017678
0.00190198
0.00204014
0.00218131
0.00232309
0.00246202
0.00259473
0.00272085
0.00284497
0.00296934
0.00309172
0.00320703
0.00331159
0.00340441
0.00348936
0.00357382
0.00366118
0.00374226
0.0038155
0.0039074
0.00408936
0.00450088
5.16851e-05
0.000401464
0.000339061
0.000395377
0.000403276
0.000466738
0.000531942
0.000600346
0.000675423
0.000762213
0.000855882
0.000948285
0.00104756
0.00115229
0.00126292
0.00137604
0.00149481
0.00161647
0.00174283
0.00187203
0.00200387
0.00213601
0.00226414
0.00238514
0.00250162
0.00261782
0.00273435
0.00284776
0.00295542
0.00305573
0.00315053
0.00324449
0.00334351
0.00344672
0.00354456
0.00363224
0.00371884
0.00383155
0.00402358
0.00439568
6.17207e-05
0.000384674
0.000345517
0.000387732
0.000408717
0.000459417
0.000525867
0.000596433
0.00067156
0.000756415
0.000848495
0.000939594
0.00103686
0.00113998
0.00124813
0.00135881
0.001474
0.00159187
0.00171245
0.00183461
0.00195664
0.00207659
0.00219036
0.00229867
0.00240626
0.00251529
0.00262351
0.00272696
0.00282404
0.002918
0.00301475
0.00311488
0.00321091
0.00329657
0.00337206
0.00344554
0.00353384
0.00366578
0.00389132
0.00430618
7.24216e-05
0.0003663
0.000351978
0.000379833
0.000408721
0.000455947
0.000520064
0.000590998
0.00066609
0.000750023
0.000840453
0.000929402
0.00102428
0.00112531
0.00123075
0.00133832
0.00144938
0.00156273
0.00167704
0.00179008
0.00189794
0.00200166
0.00210332
0.00220351
0.00230186
0.00239971
0.00250048
0.00260698
0.0027154
0.00281873
0.00291255
0.00299571
0.00306952
0.00313686
0.00320253
0.00327585
0.00337239
0.00351694
0.00375351
0.00417013
8.46336e-05
0.000344487
0.000356971
0.000376824
0.000406352
0.000452197
0.000514389
0.000583375
0.000657628
0.000741877
0.000830848
0.000917413
0.00100951
0.001108
0.00121032
0.00131406
0.0014198
0.00152613
0.00163062
0.00173191
0.00182879
0.00192496
0.00202185
0.00211919
0.00221586
0.00231072
0.00240219
0.00248854
0.00256973
0.00264939
0.00273332
0.00282077
0.0029037
0.00297731
0.00304542
0.00311872
0.00321404
0.00335697
0.00359136
0.00400408
9.73436e-05
0.000323833
0.000358398
0.000372936
0.000401076
0.000447101
0.000509234
0.000577283
0.000649579
0.000731619
0.000818724
0.000903011
0.000992122
0.00108759
0.00118624
0.00128529
0.00138424
0.00148126
0.00157348
0.00166391
0.00175426
0.00184497
0.00193423
0.0020208
0.00210481
0.00218902
0.0022775
0.00237119
0.0024641
0.00254986
0.00262576
0.00269241
0.00275218
0.00280871
0.0028674
0.00293698
0.00303153
0.00317455
0.00340892
0.00382207
0.000111031
0.000302606
0.000354503
0.000370519
0.000397397
0.000442167
0.000502855
0.000569165
0.000639105
0.000719057
0.000804348
0.000885978
0.0009717
0.00106351
0.00115753
0.00125023
0.00133992
0.001426
0.00150972
0.00159395
0.00167726
0.00175844
0.00183695
0.00191497
0.00199628
0.00208387
0.00217565
0.00226588
0.00234888
0.00242145
0.00248354
0.00253709
0.0025856
0.00263349
0.00268677
0.00275391
0.00284806
0.00299165
0.00322673
0.00364021
0.000124942
0.000283188
0.000346085
0.000367097
0.000392905
0.00043591
0.000494977
0.000559639
0.00062726
0.000704671
0.000787607
0.000866031
0.000947725
0.00103493
0.00112272
0.00120677
0.00128587
0.00136428
0.00144296
0.00152283
0.00160227
0.00168032
0.0017557
0.00182782
0.00189669
0.00196309
0.00202974
0.00210031
0.00217631
0.00225236
0.00232083
0.00237791
0.00242558
0.00246982
0.00251848
0.0025814
0.00267236
0.00281387
0.00304774
0.00346073
0.000138833
0.000264268
0.000333121
0.000362565
0.000388573
0.000429543
0.000486463
0.000548889
0.000613741
0.00068797
0.000767839
0.000841904
0.000918338
0.00100004
0.00108006
0.00115547
0.00122846
0.0013017
0.00137316
0.00144162
0.00150655
0.00157051
0.00163735
0.0017099
0.00178619
0.00186269
0.00193671
0.00200611
0.00206929
0.00212528
0.00217412
0.00221693
0.00225602
0.0022954
0.00234118
0.00240215
0.00249164
0.00263199
0.002865
0.00327742
0.000152634
0.000247902
0.000314564
0.000355647
0.000383713
0.000422478
0.000476723
0.000536181
0.000597621
0.00066836
0.000745304
0.000814353
0.000882039
0.000955094
0.00102875
0.00110034
0.00116914
0.00123664
0.00130206
0.00136589
0.00142775
0.00148763
0.00154524
0.0016008
0.00165574
0.00171265
0.00177498
0.0018431
0.00191062
0.00196996
0.00201778
0.00205568
0.00208855
0.00212252
0.00216451
0.00222313
0.0023112
0.00245061
0.00268289
0.00309482
0.000163172
0.000234163
0.000296668
0.00034412
0.000376185
0.000414348
0.000466455
0.000523069
0.00057972
0.000643772
0.000714268
0.000777443
0.000840095
0.000909118
0.00097835
0.00104391
0.0011055
0.0011652
0.00122214
0.00127592
0.00132592
0.00137326
0.00142011
0.00146954
0.00152507
0.00158844
0.00165673
0.00172355
0.00178255
0.00183016
0.00186674
0.00189569
0.00192201
0.00195135
0.00199018
0.00204674
0.00213351
0.00227205
0.00250385
0.00291567
0.000170537
0.000224837
0.000278116
0.000326717
0.000365026
0.000404301
0.000453753
0.000506493
0.000558361
0.00061624
0.000681432
0.000739675
0.000795764
0.000858432
0.00092149
0.000979739
0.00103313
0.00108476
0.00113449
0.00118233
0.00122812
0.00127214
0.00131516
0.00135821
0.00140327
0.00145286
0.00150908
0.00156927
0.00162517
0.00167006
0.00170284
0.0017273
0.00174947
0.00177575
0.00181261
0.00186796
0.00195391
0.00209186
0.00232309
0.00273451
0.000174969
0.000215636
0.000260723
0.000307379
0.000349234
0.000390371
0.000437984
0.000487266
0.000534881
0.000586705
0.000645562
0.000697552
0.000745744
0.000800834
0.000857505
0.000909067
0.000954825
0.000998551
0.00104049
0.00107993
0.00111658
0.00115198
0.00118932
0.00123196
0.00128216
0.00133768
0.00139292
0.00144205
0.0014816
0.00151122
0.00153332
0.0015518
0.00157128
0.00159659
0.00163317
0.00168837
0.00177414
0.00191183
0.00214288
0.00255436
0.000176061
0.000206651
0.000244463
0.000287585
0.000328611
0.000371121
0.000418082
0.000464258
0.000507843
0.00055408
0.000606009
0.000651185
0.000690964
0.000737631
0.000787501
0.000832504
0.00087067
0.000906208
0.000940728
0.000974027
0.0010063
0.00103882
0.00107421
0.00111492
0.0011622
0.00121265
0.00125971
0.00129804
0.00132615
0.00134582
0.00136077
0.00137509
0.00139271
0.00141752
0.0014542
0.00150966
0.00159556
0.00173323
0.00196418
0.00237569
0.000173857
0.000196882
0.000228277
0.000267046
0.000305086
0.00034646
0.00039279
0.000436806
0.000476858
0.000517699
0.000562975
0.000601273
0.000632362
0.000669345
0.000711248
0.000749546
0.000780495
0.000808242
0.000835848
0.000863615
0.00089176
0.000921865
0.000956785
0.000997841
0.00104216
0.00108424
0.00111945
0.0011458
0.00116411
0.001177
0.00118784
0.00120001
0.00121678
0.00124144
0.00127823
0.00133377
0.00141961
0.00155709
0.00178785
0.00219935
0.000167801
0.000185944
0.000211817
0.000246252
0.000280557
0.000317507
0.000360242
0.000401829
0.000439445
0.000475885
0.000514987
0.000547581
0.000571459
0.000598683
0.000631112
0.000661588
0.000685233
0.000705331
0.000726338
0.000749957
0.000776858
0.000807964
0.000844004
0.000882398
0.000918862
0.000949661
0.000973046
0.000989298
0.00100027
0.00100858
0.001017
0.00102813
0.00104449
0.00106892
0.00110547
0.00116067
0.00124613
0.00138332
0.00161395
0.00202556
0.000158397
0.000172541
0.000193688
0.000223733
0.000254472
0.000287897
0.000326397
0.000362181
0.000393829
0.000424121
0.000457242
0.000486319
0.000506592
0.000526196
0.000548831
0.000570445
0.000586195
0.000598455
0.000612843
0.000632973
0.000659877
0.000692204
0.000726383
0.000758535
0.000785899
0.000807
0.000821769
0.000831323
0.000837565
0.000842745
0.000849163
0.00085903
0.000874583
0.000898473
0.000934573
0.000989411
0.00107456
0.0012114
0.00144173
0.00185325
0.000145351
0.000156472
0.000173298
0.000198846
0.000225181
0.000253482
0.000287229
0.000318169
0.000344724
0.000369804
0.00039713
0.000420986
0.000436251
0.00044922
0.000464126
0.000479133
0.000490045
0.000497645
0.000506535
0.000520398
0.000540567
0.000566461
0.000595776
0.000623813
0.000646687
0.000662811
0.000672686
0.000677937
0.000680668
0.0006831
0.000687397
0.000695633
0.00070994
0.000732914
0.000768404
0.000822877
0.000907871
0.00104479
0.00127542
0.00168745
0.000128336
0.000137003
0.000149966
0.000171014
0.000192925
0.000215957
0.000244903
0.00027126
0.000292581
0.000311771
0.000332406
0.000349793
0.000358426
0.000363692
0.000369917
0.000376453
0.000380316
0.000381997
0.00038587
0.000396231
0.00041491
0.000440137
0.000466645
0.000489248
0.000505333
0.000514818
0.000519179
0.000520403
0.000520437
0.000521078
0.000524044
0.000531111
0.000544287
0.000566186
0.000600739
0.000654506
0.000739088
0.000875879
0.00110661
0.00151901
0.000108102
0.000114146
0.000123122
0.000139467
0.000157355
0.000174937
0.000198312
0.000219946
0.000236203
0.000249727
0.000264587
0.000277794
0.000282992
0.000284056
0.000285734
0.000287925
0.000287864
0.000285357
0.000284112
0.00028853
0.000301005
0.000319986
0.000339781
0.000355035
0.000363687
0.000366661
0.000366178
0.000364426
0.000363001
0.000363089
0.000365781
0.00037243
0.000384888
0.000405804
0.000439229
0.000491821
0.000575217
0.000710866
0.000940543
0.00135196
8.25123e-05
8.72782e-05
9.32315e-05
0.000105129
0.000118891
0.000130906
0.0001478
0.000163911
0.000174311
0.000180905
0.000187441
0.000192581
0.000189748
0.00018108
0.000172414
0.000165841
0.000160243
0.000155863
0.000156136
0.000164157
0.000178543
0.000194384
0.000206995
0.000214182
0.00021631
0.000215038
0.000212114
0.000208861
0.000206362
0.000205739
0.000208316
0.000215569
0.000229318
0.0002521
0.000287833
0.000343062
0.000429331
0.000567975
0.00080068
0.00121517
5.50492e-05
5.47642e-05
5.72257e-05
6.53375e-05
7.71679e-05
8.52335e-05
9.64357e-05
0.000107557
0.000114294
0.000117577
0.000121487
0.000126106
0.000125983
0.000120229
0.000113484
0.000107518
0.000100368
8.94242e-05
7.53906e-05
6.07741e-05
4.82072e-05
3.94068e-05
3.61733e-05
4.00378e-05
4.97834e-05
6.03869e-05
6.68536e-05
6.67556e-05
6.06116e-05
5.07606e-05
4.03683e-05
3.2756e-05
3.12793e-05
3.95011e-05
6.19896e-05
0.00010562
0.000182136
0.000313017
0.000540218
0.000951965
1.95192e-05
2.13398e-05
2.15346e-05
2.35114e-05
2.83821e-05
3.03604e-05
3.37394e-05
3.81861e-05
3.84411e-05
3.42156e-05
2.78127e-05
2.08406e-05
9.70678e-06
-7.15276e-06
-2.59995e-05
-4.28607e-05
-5.68006e-05
-6.83347e-05
-7.6257e-05
-7.78023e-05
-7.17972e-05
-6.1575e-05
-5.25946e-05
-4.88418e-05
-5.10477e-05
-5.74638e-05
-6.54219e-05
-7.25624e-05
-7.72375e-05
-7.83975e-05
-7.52195e-05
-6.67456e-05
-5.15091e-05
-2.71285e-05
1.03574e-05
6.76663e-05
0.00015659
0.000298728
0.000536039
0.000956534
-2.64395e-05
-1.99483e-05
-1.63693e-05
-1.48079e-05
-1.34805e-05
-1.67084e-05
-2.06016e-05
-2.08958e-05
-2.16355e-05
-2.36097e-05
-2.67052e-05
-2.91577e-05
-3.35017e-05
-4.15444e-05
-5.20591e-05
-6.21488e-05
-7.14606e-05
-8.13949e-05
-9.32749e-05
-0.000106629
-0.000120485
-0.000134293
-0.000148622
-0.000164329
-0.000182192
-0.000202359
-0.000224696
-0.000249036
-0.00027556
-0.000304704
-0.000337227
-0.000374152
-0.000417037
-0.000468302
-0.000532005
-0.000615023
-0.000729432
-0.000897194
-0.00116075
-0.00160867
-6.18262e-05
-6.29855e-05
-6.77021e-05
-7.47015e-05
-8.10013e-05
-8.80166e-05
-9.59887e-05
-0.000103647
-0.000113769
-0.000127543
-0.000144399
-0.000162806
-0.000182863
-0.000205257
-0.000228368
-0.000248681
-0.000263126
-0.00027073
-0.000272844
-0.00027296
-0.000274099
-0.000277864
-0.000284597
-0.000293699
-0.000303806
-0.000313249
-0.000320566
-0.000324733
-0.000325181
-0.000321627
-0.000313772
-0.000300982
-0.000281949
-0.00025431
-0.000214033
-0.000154276
-6.31353e-05
8.10613e-05
0.000320267
0.000742408
-0.000109809
-0.000111034
-0.000115227
-0.000121187
-0.000127298
-0.000133731
-0.000140848
-0.000147704
-0.000155512
-0.000164783
-0.000174895
-0.000185099
-0.000195914
-0.000208524
-0.000223057
-0.000238581
-0.000254485
-0.000271267
-0.000289865
-0.000310742
-0.000333655
-0.000358175
-0.000384184
-0.000411984
-0.000442007
-0.000474357
-0.000508834
-0.00054516
-0.000583198
-0.000623101
-0.000665377
-0.000710957
-0.00076135
-0.000818983
-0.000887851
-0.000974717
-0.00109143
-0.00125963
-0.00152129
-0.00196437
-0.000161761
-0.000166756
-0.000177079
-0.000190647
-0.000205931
-0.000222279
-0.000239467
-0.000257161
-0.000276756
-0.000298783
-0.000322485
-0.000346587
-0.000370301
-0.000393
-0.000413121
-0.000428274
-0.000436895
-0.000440762
-0.000444068
-0.000450286
-0.000460362
-0.000473108
-0.000486538
-0.000498898
-0.000509112
-0.000516693
-0.000521419
-0.000523137
-0.000521685
-0.000516828
-0.000508152
-0.000494888
-0.000475655
-0.000448073
-0.000408118
-0.000348965
-0.000258715
-0.000115694
0.000122059
0.000542491
-0.000212582
-0.000215914
-0.000223479
-0.000233089
-0.000243824
-0.000255661
-0.00026825
-0.000280605
-0.000293615
-0.000308187
-0.000324013
-0.000340141
-0.000356425
-0.000373522
-0.000391947
-0.000411576
-0.000432042
-0.000453369
-0.000475987
-0.000500367
-0.000526669
-0.000554782
-0.000584541
-0.00061594
-0.000648933
-0.000683446
-0.000719369
-0.000756606
-0.000795156
-0.000835215
-0.000877272
-0.000922232
-0.000971602
-0.00102784
-0.00109499
-0.00117987
-0.00129434
-0.00146008
-0.00171905
-0.00215924
-0.000280824
-0.000287969
-0.000302799
-0.000322104
-0.000343489
-0.000367037
-0.00039268
-0.000418647
-0.000444302
-0.000469976
-0.000495121
-0.000517777
-0.000535705
-0.000548089
-0.000556484
-0.000563887
-0.000572467
-0.000583018
-0.000595308
-0.000608636
-0.000622089
-0.000634726
-0.000645711
-0.000654438
-0.000660701
-0.00066456
-0.000666136
-0.000665479
-0.000662479
-0.000656823
-0.000647934
-0.000634866
-0.000616094
-0.000589154
-0.000549996
-0.000491799
-0.000402682
-0.000260988
-2.47657e-05
0.000393941
-0.000329611
-0.000331151
-0.000336603
-0.000346191
-0.000358427
-0.000372864
-0.000390067
-0.000408903
-0.000428675
-0.000450091
-0.000473831
-0.000498432
-0.000521189
-0.00054053
-0.000556926
-0.000571766
-0.000586511
-0.000601994
-0.000618708
-0.000636829
-0.000656478
-0.000677648
-0.00070036
-0.00072462
-0.000750401
-0.000777613
-0.000806227
-0.000836262
-0.000867879
-0.000901391
-0.000937373
-0.000976762
-0.00102109
-0.00107281
-0.00113598
-0.00121743
-0.00132906
-0.00149257
-0.00175001
-0.00218944
-0.000416411
-0.000423387
-0.00043738
-0.000458404
-0.000484789
-0.00051398
-0.000544981
-0.000575495
-0.000603732
-0.000628087
-0.000648715
-0.000665905
-0.000680163
-0.000691631
-0.000700764
-0.000707972
-0.000713779
-0.000718409
-0.000722023
-0.000724576
-0.000726065
-0.000726393
-0.000725503
-0.000723257
-0.000719599
-0.000714495
-0.000707977
-0.000700006
-0.000690466
-0.00067905
-0.000665216
-0.000648029
-0.000625985
-0.000596623
-0.000555914
-0.000497063
-0.000408247
-0.000267893
-3.42038e-05
0.000380532
0.00626024
0.00633282
0.00661193
0.00678875
0.00678523
0.00660655
0.00631199
0.00597181
0.00563802
0.00533896
0.00508556
0.00487775
0.0047079
0.00456515
0.00443888
0.00432057
0.00420437
0.00408686
0.00396659
0.00384351
0.00371844
0.00359264
0.00346741
0.00334381
0.00322248
0.00310362
0.00298699
0.00287202
0.00275794
0.0026439
0.00252913
0.00241291
0.0022947
0.00217409
0.00205079
0.00192446
0.00179475
0.00166106
0.00152271
0.00137885
0.00122844
0.00107049
0.000903678
0.000726846
0.0005383
0.0003363
0.000118384
-0.000118806
-0.000378908
-0.000667777
-0.000991539
-0.00135645
-0.00176927
-0.0022376
-0.00276944
-0.0033704
-0.00404679
-0.00479749
-0.00558194
-0.00632104
-0.00690668
-0.007236
-0.00725997
-0.00700451
-0.0065898
-0.00614242
-0.00575588
-0.00546193
-0.00526455
-0.00516382
-0.00513695
-0.00515499
-0.00520161
-0.00526767
-0.00534524
-0.00542925
-0.00551874
-0.00561091
-0.00570706
-0.00580615
-0.00590786
-0.00601179
-0.00611784
-0.00622493
-0.00633364
-0.00644311
-0.00655359
-0.00666379
-0.0067763
-0.00688529
-0.00699468
-0.00710056
-0.00720204
-0.00729703
-0.00739032
-0.00747282
-0.00755196
-0.00762263
-0.00768732
-0.0077407
0.00494282
0.00501658
0.00546885
0.00591024
0.0061758
0.0062258
0.00608499
0.00582536
0.00552343
0.00523276
0.00498031
0.00477462
0.00461207
0.00448114
0.00436829
0.0042622
0.0041555
0.00404453
0.00392836
0.00380779
0.00368444
0.00356014
0.0034364
0.0033143
0.00319443
0.0030769
0.00296143
0.00284745
0.0027342
0.00262086
0.00250663
0.00239083
0.00227291
0.00215246
0.0020292
0.00190295
0.00177341
0.00163996
0.00150188
0.00135832
0.00120823
0.00105059
0.000884084
0.000707568
0.000519341
0.000317686
0.000100177
-0.000136554
-0.000396021
-0.000684032
-0.00100662
-0.00136986
-0.00178045
-0.00224582
-0.00277348
-0.00336871
-0.00403734
-0.0047795
-0.0055562
-0.00628871
-0.00687065
-0.00720116
-0.00723026
-0.00698113
-0.00657203
-0.00612886
-0.00574527
-0.00545329
-0.00525702
-0.00515712
-0.00513083
-0.00514924
-0.00519624
-0.00526279
-0.00534083
-0.00542526
-0.00551516
-0.00560774
-0.00570428
-0.00580372
-0.00590575
-0.00600995
-0.00611625
-0.00622354
-0.00633244
-0.00644206
-0.00655267
-0.00666297
-0.00677559
-0.00688466
-0.00699413
-0.00710008
-0.00720162
-0.00729668
-0.00739001
-0.00747256
-0.00755174
-0.00762246
-0.00768717
-0.0077406
0.00475128
0.00485625
0.00535033
0.00583657
0.006143
0.00622584
0.00610556
0.00585288
0.00554718
0.00524687
0.00498319
0.00476733
0.00459766
0.00446321
0.00434967
0.00424431
0.0041385
0.00402775
0.00391085
0.0037887
0.00366327
0.00353682
0.0034112
0.00328765
0.00316677
0.00304858
0.00293268
0.00281838
0.00270485
0.00259119
0.00247664
0.00236052
0.00224237
0.00212179
0.0019985
0.00187198
0.00174188
0.00160772
0.00146893
0.00132472
0.00117412
0.00101608
0.000849296
0.00067257
0.000484185
0.000282426
6.48614e-05
-0.00017171
-0.000430826
-0.000717909
-0.00103865
-0.00139914
-0.00180529
-0.00226447
-0.00278367
-0.00336752
-0.00402042
-0.00473905
-0.0054859
-0.00619025
-0.00675497
-0.0070877
-0.00713834
-0.00691839
-0.00653537
-0.00611304
-0.00574384
-0.00545849
-0.00526409
-0.00516416
-0.00513678
-0.00515384
-0.00519952
-0.00526486
-0.00534198
-0.00542579
-0.00551521
-0.00560737
-0.00570357
-0.00580276
-0.0059046
-0.00600869
-0.00611491
-0.00622219
-0.00633111
-0.00644079
-0.00655148
-0.00666187
-0.00677458
-0.00688376
-0.00699333
-0.00709939
-0.00720103
-0.00729619
-0.00738961
-0.00747225
-0.00755149
-0.00762229
-0.00768706
-0.00774053
0.00415899
0.00424335
0.00473242
0.00523971
0.00559009
0.00573519
0.00568579
0.00550065
0.00525138
0.00499439
0.00476249
0.00456934
0.00441652
0.00429649
0.00419711
0.00410629
0.00401489
0.00391758
0.00381238
0.00369975
0.00358173
0.00346099
0.00333997
0.00322046
0.00310338
0.00298889
0.00287654
0.0027655
0.0026548
0.00254351
0.00243085
0.00231622
0.00219923
0.00207957
0.00195699
0.00183115
0.00170173
0.00156823
0.00143006
0.00128642
0.00113631
0.000978712
0.000812304
0.000635883
0.000447754
0.000246165
2.87909e-05
-0.000207511
-0.000466163
-0.000752064
-0.00107068
-0.00142798
-0.00182937
-0.00228162
-0.00279137
-0.00336174
-0.00399475
-0.00468699
-0.00540434
-0.00608108
-0.00662819
-0.00696113
-0.00703194
-0.00684163
-0.00648549
-0.00608423
-0.00572895
-0.0054513
-0.00526012
-0.00516124
-0.00513365
-0.00514998
-0.00519507
-0.00526012
-0.00533712
-0.00542094
-0.00551053
-0.00560297
-0.00569948
-0.00579897
-0.00590112
-0.00600549
-0.00611198
-0.00621951
-0.00632864
-0.0064385
-0.00654935
-0.00665989
-0.00677273
-0.00688202
-0.00699169
-0.00709786
-0.00719961
-0.00729491
-0.00738844
-0.00747125
-0.00755061
-0.00762161
-0.00768653
-0.00774012
0.00389276
0.00399568
0.00450984
0.00504525
0.00542466
0.00559835
0.0055752
0.00541196
0.00517921
0.00493355
0.00470882
0.00451983
0.00436941
0.00425142
0.00415462
0.00406715
0.00397951
0.00388578
0.00378346
0.00367267
0.0035554
0.00343453
0.00331293
0.00319275
0.0030752
0.00296053
0.00284822
0.00273726
0.00262654
0.00251499
0.00240186
0.00228659
0.00216889
0.00204854
0.00192538
0.00179908
0.0016693
0.00153545
0.00139688
0.00125278
0.00110217
0.000944111
0.000777264
0.000600491
0.00041204
0.000210232
-7.27598e-06
-0.000243464
-0.00050165
-0.000786476
-0.001103
-0.00145703
-0.0018534
-0.00229813
-0.0027975
-0.00335323
-0.00396582
-0.00463161
-0.00531828
-0.00596461
-0.0064903
-0.00681952
-0.00690792
-0.00674917
-0.00642558
-0.00605048
-0.00571379
-0.00544805
-0.00526211
-0.00516485
-0.00513694
-0.00515225
-0.0051962
-0.00526007
-0.00533608
-0.00541923
-0.00550832
-0.00560039
-0.00569662
-0.00579588
-0.00589789
-0.0060022
-0.00610867
-0.00621625
-0.00632547
-0.00643545
-0.00654638
-0.00665701
-0.00676994
-0.00687935
-0.00698911
-0.00709545
-0.00719734
-0.00729285
-0.00738655
-0.00746963
-0.00754916
-0.00762046
-0.00768561
-0.00773936
0.00356988
0.00366422
0.00417379
0.00470996
0.00509509
0.00527892
0.00526921
0.00512137
0.00490505
0.00467638
0.00446883
0.00429687
0.00416302
0.00406074
0.00397849
0.00390424
0.00382848
0.00374539
0.00365263
0.00355046
0.00344105
0.00332745
0.00321261
0.00309874
0.00298706
0.00287779
0.00277039
0.0026638
0.00255689
0.00244864
0.00233836
0.00222557
0.00211007
0.0019917
0.00187035
0.00174572
0.00161744
0.00148494
0.00134754
0.00120447
0.00105477
0.000897543
0.000731485
0.000555463
0.000367758
0.00016668
-5.00359e-05
-0.000285257
-0.000542175
-0.000825163
-0.00113881
-0.00148863
-0.00187908
-0.00231526
-0.00280302
-0.00334326
-0.00393493
-0.00457352
-0.00522885
-0.00584475
-0.00634984
-0.00667618
-0.00678256
-0.0066566
-0.00636556
-0.00601631
-0.00569762
-0.00544261
-0.00526119
-0.00516439
-0.00513578
-0.00514989
-0.00519267
-0.00525574
-0.00533122
-0.00541403
-0.00550298
-0.00559509
-0.00569144
-0.00579086
-0.00589305
-0.00599755
-0.00610422
-0.00621202
-0.00632142
-0.00643157
-0.00654266
-0.00665345
-0.00676647
-0.00687601
-0.00698583
-0.00709232
-0.00719432
-0.00729006
-0.0073839
-0.00746731
-0.00754702
-0.00761874
-0.00768415
-0.00773816
0.00334124
0.00343549
0.00394415
0.00447591
0.00485473
0.00503262
0.00502034
0.00487615
0.0046707
0.00445936
0.00427403
0.00412689
0.00401786
0.00393772
0.00387321
0.00381196
0.00374521
0.00366834
0.00358018
0.00348208
0.00337693
0.00326798
0.00315801
0.00304884
0.00294132
0.0028354
0.00273043
0.00262543
0.00251945
0.00241169
0.00230165
0.002189
0.00207359
0.00195528
0.00183393
0.00170926
0.00158087
0.00144822
0.00131058
0.00116727
0.00101728
0.000859787
0.000693482
0.000517274
0.00032946
0.000128373
-8.81714e-05
-0.000322949
-0.000578956
-0.000860347
-0.00117122
-0.00151678
-0.00190117
-0.00232849
-0.00280422
-0.00332868
-0.00389915
-0.00451043
-0.00513489
-0.00572121
-0.00620623
-0.00652857
-0.00665018
-0.00655488
-0.00629673
-0.00597482
-0.00567574
-0.00543337
-0.00525823
-0.0051634
-0.0051349
-0.00514879
-0.0051911
-0.0052534
-0.00532823
-0.00541063
-0.00549927
-0.00559117
-0.00568737
-0.00578668
-0.00588881
-0.0059933
-0.00609998
-0.00620785
-0.00631731
-0.00642758
-0.00653876
-0.00664965
-0.00676271
-0.00687235
-0.00698221
-0.00708885
-0.00719093
-0.00728692
-0.00738088
-0.00746466
-0.00754455
-0.00761674
-0.00768243
-0.00773672
0.00320619
0.00332239
0.00384665
0.00437198
0.00472505
0.00486292
0.00480752
0.00463092
0.00441109
0.00420212
0.00403006
0.00390256
0.00381474
0.00375332
0.00370298
0.00365132
0.00359082
0.00351844
0.00343446
0.00334135
0.00324251
0.00314106
0.00303924
0.00293821
0.00283821
0.00273881
0.00263924
0.00253864
0.00243631
0.00233174
0.00222464
0.00211481
0.00200213
0.00188643
0.00176752
0.00164509
0.00151869
0.00138785
0.00125181
0.00110995
0.000961296
0.000805045
0.000639952
0.0004649
0.000278292
7.84357e-05
-0.000136727
-0.000369874
-0.000623814
-0.000902423
-0.00120945
-0.00154956
-0.00192673
-0.00234412
-0.00280664
-0.00331425
-0.00386284
-0.00444655
-0.00504035
-0.00559769
-0.00606243
-0.00637974
-0.00651497
-0.00645013
-0.00622634
-0.00593284
-0.00565391
-0.0054245
-0.00525598
-0.00516291
-0.00513429
-0.00514732
-0.00518861
-0.00524998
-0.00532391
-0.00540568
-0.00549398
-0.00558574
-0.0056819
-0.00578121
-0.0058834
-0.00598803
-0.00609485
-0.00620291
-0.00631254
-0.006423
-0.00653433
-0.00664536
-0.00675849
-0.00686827
-0.00697817
-0.00708499
-0.00718716
-0.00728343
-0.00737751
-0.0074617
-0.00754177
-0.00761446
-0.00768044
-0.00773505
0.0030191
0.00307248
0.00352292
0.00398336
0.00429532
0.00442424
0.00439289
0.00426327
0.00409923
0.00394379
0.00381687
0.00372284
0.00365538
0.0036028
0.00355412
0.00350202
0.00344254
0.00337445
0.00329835
0.00321596
0.00312927
0.00303998
0.0029492
0.00285745
0.00276477
0.00267087
0.00257538
0.00247787
0.00237802
0.00227562
0.00217049
0.00206251
0.00195153
0.00183736
0.00171973
0.00159835
0.00147277
0.00134254
0.00120699
0.0010655
0.000917152
0.000761173
0.000596376
0.000421641
0.000235453
3.61402e-05
-0.000178241
-0.000410248
-0.000662497
-0.000938577
-0.00124191
-0.00157658
-0.00194641
-0.00235378
-0.00280278
-0.0032933
-0.00382009
-0.00437662
-0.00494048
-0.00546958
-0.00591431
-0.00622614
-0.0063735
-0.00633766
-0.00614798
-0.00588355
-0.0056256
-0.00541041
-0.00524994
-0.00515952
-0.00513121
-0.00514399
-0.00518483
-0.00524558
-0.00531899
-0.00540045
-0.00548855
-0.00558024
-0.00567646
-0.00577585
-0.0058781
-0.00598282
-0.00608972
-0.00619793
-0.00630768
-0.00641829
-0.00652974
-0.0066409
-0.00675409
-0.00686399
-0.00697392
-0.00708091
-0.00718318
-0.00727972
-0.00737394
-0.00745854
-0.00753881
-0.00761202
-0.00767831
-0.00773327
0.00489518
0.00481502
0.00432747
0.00382194
0.00345859
0.00327265
0.00324261
0.00330722
0.00340225
0.00348361
0.00353014
0.00353641
0.00350777
0.0034554
0.00339021
0.00331984
0.00324865
0.00317842
0.00310915
0.00303982
0.00296905
0.00289564
0.00281881
0.00273823
0.00265393
0.00256615
0.00247522
0.00238142
0.00228493
0.0021858
0.00208397
0.00197927
0.00187147
0.00176028
0.00164538
0.00152646
0.00140308
0.00127484
0.00114112
0.0010013
0.000854577
0.000700126
0.000536865
0.000363662
0.000179075
-1.85082e-05
-0.000230967
-0.00046065
-0.000710064
-0.000982415
-0.00128089
-0.00160897
-0.00197022
-0.00236649
-0.00280091
-0.00327336
-0.00377784
-0.00430719
-0.00484137
-0.00534296
-0.00576798
-0.00607373
-0.00623157
-0.00622281
-0.00606725
-0.00583283
-0.00559676
-0.00539644
-0.00524465
-0.00515707
-0.00512901
-0.00514141
-0.00518158
-0.00524157
-0.00531429
-0.00539525
-0.00548302
-0.00557455
-0.00567068
-0.00577002
-0.00587228
-0.00597709
-0.00608408
-0.00619244
-0.00630231
-0.0064131
-0.00652469
-0.006636
-0.00674926
-0.00685932
-0.00696928
-0.00707648
-0.00717884
-0.00727569
-0.00737006
-0.0074551
-0.0075356
-0.00760935
-0.00767598
-0.0077313
0.00471623
0.00457272
0.00400915
0.00343658
0.00303045
0.00283433
0.00282722
0.00293767
0.00308729
0.00322054
0.0033097
0.00334631
0.00333451
0.00328723
0.0032199
0.0031454
0.00307182
0.00300284
0.00293896
0.00287856
0.00281897
0.00275759
0.00269243
0.00262231
0.00254684
0.00246625
0.0023811
0.00229205
0.00219965
0.00210424
0.00200592
0.00190459
0.0018
0.00169182
0.00157968
0.00146319
0.00134197
0.00121558
0.00108347
0.000945066
0.000799615
0.000646352
0.000484261
0.00031228
0.000129001
-6.7079e-05
-0.000277786
-0.000505257
-0.00075186
-0.00102044
-0.00131393
-0.00163527
-0.00198766
-0.00237265
-0.00279229
-0.00324646
-0.00372882
-0.0042316
-0.00473698
-0.00521205
-0.00561781
-0.00591697
-0.00608371
-0.00610006
-0.00597805
-0.00577438
-0.00556106
-0.0053766
-0.00523477
-0.00515102
-0.00512373
-0.00513614
-0.00517613
-0.00523574
-0.00530805
-0.00538874
-0.00547635
-0.00556785
-0.00566403
-0.00576346
-0.00586582
-0.00597078
-0.00607792
-0.00618648
-0.00629653
-0.00640753
-0.00651928
-0.00663077
-0.00674411
-0.00685432
-0.00696434
-0.00707174
-0.00717423
-0.00727138
-0.00736593
-0.00745143
-0.00753219
-0.00760648
-0.00767349
-0.00772919
0.00465934
0.00454082
0.00399223
0.00340925
0.00297013
0.00272361
0.00266042
0.00272396
0.00284462
0.00296743
0.00306038
0.00311008
0.00311522
0.00308377
0.00302837
0.00296157
0.00289289
0.00282773
0.00276798
0.00271297
0.00266037
0.00260723
0.00255091
0.0024896
0.00242243
0.00234925
0.0022705
0.00218687
0.00209906
0.0020076
0.00191283
0.00181478
0.00171333
0.00160817
0.00149894
0.00138522
0.00126661
0.00114263
0.00101275
0.000876382
0.000732824
0.000581391
0.000421084
0.000250975
6.96488e-05
-0.00012423
-0.000332456
-0.000556942
-0.000799889
-0.00106386
-0.00135141
-0.00166515
-0.00200774
-0.00238057
-0.00278475
-0.00321997
-0.00367996
-0.00415656
-0.00463376
-0.00508312
-0.00547015
-0.00576229
-0.00593653
-0.00597588
-0.00588641
-0.00571381
-0.00552401
-0.00535607
-0.00522486
-0.00514557
-0.00511917
-0.00513159
-0.00517133
-0.00523049
-0.0053023
-0.0053826
-0.00546994
-0.0055613
-0.00565743
-0.00575685
-0.00585924
-0.0059643
-0.00607153
-0.00618027
-0.00629047
-0.00640166
-0.00651355
-0.00662521
-0.00673863
-0.006849
-0.00695906
-0.00706668
-0.00716929
-0.00726678
-0.00736151
-0.00744748
-0.00752854
-0.00760339
-0.0076708
-0.0077269
0.00451376
0.00438574
0.00382285
0.00322207
0.00276377
0.00249834
0.00241868
0.00247048
0.00258541
0.00270851
0.00280705
0.00286673
0.00288476
0.00286702
0.00282423
0.00276782
0.00270699
0.00264758
0.00259229
0.00254139
0.0024934
0.00244591
0.00239638
0.00234274
0.00228363
0.00221843
0.00214715
0.0020702
0.00198825
0.0019019
0.00181163
0.00171766
0.00162002
0.00151847
0.00141271
0.00130229
0.00118677
0.00106568
0.000938485
0.000804714
0.000663633
0.00051464
0.000356718
0.000189039
1.02281e-05
-0.000180941
-0.000386124
-0.000607113
-0.000845825
-0.00110463
-0.00138566
-0.00169125
-0.00202355
-0.00238372
-0.00277218
-0.00318826
-0.00362604
-0.00407717
-0.00452718
-0.00495175
-0.00532065
-0.00560536
-0.00578559
-0.00584554
-0.00578702
-0.00564561
-0.00548024
-0.00532967
-0.00521009
-0.00513639
-0.0051115
-0.00512422
-0.00516403
-0.0052231
-0.00529469
-0.00537481
-0.00546206
-0.00555342
-0.00564964
-0.00574918
-0.00585169
-0.00595694
-0.00606435
-0.00617332
-0.00628373
-0.00639517
-0.00650726
-0.00661912
-0.00673265
-0.00684322
-0.00695335
-0.0070612
-0.00716397
-0.0072618
-0.00735676
-0.00744323
-0.00752461
-0.00760004
-0.00766788
-0.0077244
0.00434365
0.00421201
0.00364476
0.00304002
0.00257847
0.00231045
0.00222864
0.00227857
0.00239199
0.00251418
0.00261271
0.00267347
0.00269373
0.00267918
0.00264022
0.00258785
0.00253096
0.00247528
0.00242354
0.00237619
0.00233205
0.00228897
0.00224455
0.00219667
0.00214381
0.00208508
0.00202021
0.00194937
0.00187303
0.00179174
0.00170602
0.00161618
0.00152234
0.00142439
0.00132206
0.00121498
0.00110267
0.000984691
0.000860453
0.000729499
0.000591075
0.00044466
0.000289276
0.000124168
-5.19042e-05
-0.000240125
-0.000441916
-0.000659014
-0.000893024
-0.00114612
-0.00142011
-0.00171695
-0.00203844
-0.00238541
-0.0027578
-0.00315461
-0.00357021
-0.00399661
-0.00442054
-0.00482137
-0.00517294
-0.00545007
-0.00563507
-0.00571351
-0.00568411
-0.0055736
-0.00543334
-0.00530095
-0.00519376
-0.00512658
-0.0051037
-0.00511686
-0.00515681
-0.00521586
-0.0052873
-0.00536724
-0.00545435
-0.00554567
-0.00564191
-0.00574152
-0.0058441
-0.00594949
-0.00605703
-0.00616621
-0.00627679
-0.00638845
-0.00650072
-0.00661276
-0.00672639
-0.00683714
-0.00694734
-0.00705542
-0.00715835
-0.00725654
-0.00735173
-0.0074387
-0.00752044
-0.00759646
-0.00766476
-0.00772171
0.00416241
0.00403042
0.00346185
0.00285535
0.0023918
0.00212157
0.00203747
0.0020852
0.00219664
0.00231729
0.00241486
0.0024754
0.00249625
0.00248311
0.00244632
0.00239675
0.00234314
0.00229107
0.00224322
0.00219998
0.00216018
0.00212169
0.00208218
0.00203953
0.00199221
0.00193925
0.00188026
0.00181526
0.0017446
0.00166873
0.00158808
0.00150299
0.00141359
0.00131983
0.00122149
0.00111826
0.00100966
0.000895288
0.000774525
0.000646925
0.000511752
0.000368493
0.000216283
5.43639e-05
-0.000118301
-0.000302903
-0.000500602
-0.000713072
-0.000941655
-0.00118827
-0.00145451
-0.0017419
-0.00205198
-0.00238523
-0.00274123
-0.0031187
-0.00351232
-0.00391465
-0.00431356
-0.00469152
-0.00502633
-0.00529567
-0.00548412
-0.00557886
-0.00557646
-0.0054958
-0.00538085
-0.00526721
-0.00517313
-0.00511347
-0.00509333
-0.00510722
-0.00514746
-0.00520669
-0.00527819
-0.00535814
-0.00544523
-0.00553661
-0.00563295
-0.00573272
-0.00583545
-0.00594106
-0.00604879
-0.00615823
-0.00626905
-0.00638098
-0.00649347
-0.00660575
-0.00671951
-0.00683048
-0.00694078
-0.00704913
-0.00715226
-0.00725082
-0.00734628
-0.00743379
-0.00751594
-0.00759256
-0.00766136
-0.00771877
0.00398009
0.00384756
0.0032779
0.00266999
0.00220481
0.00193282
0.00184699
0.00189318
0.00200344
0.00212335
0.00222067
0.00228147
0.00230312
0.00229133
0.00225638
0.0022091
0.00215816
0.00210909
0.00206451
0.00202482
0.0019888
0.00195433
0.00191909
0.00188096
0.00183839
0.0017904
0.00173654
0.00167676
0.00161131
0.00154056
0.00146487
0.00138455
0.00129969
0.00121028
0.00111609
0.00101688
0.000912168
0.000801586
0.000684531
0.000560554
0.00042897
0.000289244
0.00014063
-1.76422e-05
-0.000186437
-0.0003669
-0.000560015
-0.000767273
-0.000989889
-0.00122941
-0.00148734
-0.00176477
-0.00206296
-0.00238218
-0.00272162
-0.00307997
-0.00345205
-0.00383109
-0.00420611
-0.00456211
-0.00488078
-0.00514237
-0.00533328
-0.00544226
-0.00546454
-0.00541259
-0.00532319
-0.00522911
-0.00514896
-0.00509778
-0.00508123
-0.00509632
-0.00513707
-0.00519669
-0.00526848
-0.00534858
-0.00543578
-0.00552725
-0.00562373
-0.00572367
-0.00582656
-0.00593238
-0.0060403
-0.00614999
-0.00626104
-0.00637323
-0.00648594
-0.00659844
-0.00671234
-0.00682352
-0.00693391
-0.00704252
-0.00714585
-0.0072448
-0.00734056
-0.0074286
-0.00751118
-0.00758842
-0.00765774
-0.00771562
0.00380067
0.00366779
0.0030971
0.00248786
0.00202134
0.00174813
0.00166129
0.00170679
0.00181668
0.0019365
0.002034
0.00209522
0.00211753
0.0021066
0.00207275
0.00202679
0.00197743
0.00193023
0.00188781
0.00185059
0.00181735
0.00178597
0.0017541
0.00171964
0.00168101
0.0016372
0.00158774
0.00153253
0.00147176
0.00140574
0.00133477
0.00125909
0.00117877
0.0010938
0.00100394
0.000908931
0.000808356
0.000701828
0.000588794
0.00046878
0.00034117
0.000205409
6.08459e-05
-9.32612e-05
-0.000257678
-0.000433424
-0.000621414
-0.000822862
-0.00103893
-0.0012708
-0.00151981
-0.00178679
-0.0020726
-0.00237746
-0.00270017
-0.00303946
-0.00339041
-0.00374694
-0.00409946
-0.00443483
-0.00473807
-0.00499186
-0.00518403
-0.00530493
-0.00534929
-0.00532461
-0.00526053
-0.00518649
-0.00512092
-0.00507905
-0.00506701
-0.0050838
-0.00512519
-0.00518526
-0.00525747
-0.00533788
-0.00542528
-0.00551692
-0.00561355
-0.00571369
-0.00581677
-0.00592284
-0.00603099
-0.00614094
-0.00625225
-0.00636473
-0.00647769
-0.00659045
-0.00670451
-0.00681594
-0.00692645
-0.00703534
-0.00713892
-0.00723827
-0.00733436
-0.00742296
-0.00750604
-0.00758391
-0.00765379
-0.00771216
0.00361676
0.00348279
0.00291053
0.00229998
0.00183253
0.00155878
0.00147175
0.0015173
0.00162739
0.00174752
0.00184544
0.00190718
0.00193012
0.00191996
0.00188702
0.00184216
0.00179412
0.00174849
0.0017079
0.00167279
0.00164196
0.0016133
0.00158443
0.00155325
0.00151815
0.00147813
0.00143266
0.00138164
0.00132521
0.00126365
0.00119721
0.00112611
0.00105037
0.000969947
0.0008846
0.000794059
0.000697907
0.00059576
0.000487101
0.000371457
0.000248259
0.000116965
-2.30264e-05
-0.000172385
-0.000331836
-0.000502238
-0.00068447
-0.000879482
-0.00108835
-0.00131201
-0.00155153
-0.00180761
-0.00208065
-0.00237092
-0.0026769
-0.00299735
-0.0033278
-0.00366271
-0.00399392
-0.0043098
-0.00459807
-0.00484395
-0.00503643
-0.00516728
-0.00523126
-0.00523195
-0.00519255
-0.00513889
-0.00508853
-0.00505677
-0.00505026
-0.00506936
-0.00511159
-0.00517223
-0.00524506
-0.005326
-0.00541378
-0.00550573
-0.0056026
-0.00570301
-0.00580632
-0.00591269
-0.00602111
-0.00613137
-0.00624297
-0.00635575
-0.00646899
-0.00658201
-0.00669627
-0.00680794
-0.0069186
-0.00702778
-0.00713163
-0.00723139
-0.00732784
-0.00741701
-0.00750061
-0.00757912
-0.00764959
-0.00770847
0.00343408
0.0032998
0.00272679
0.00211543
0.00164732
0.00137309
0.00128582
0.00133133
0.00144154
0.00156192
0.00166016
0.00172232
0.00174577
0.00173621
0.00170399
0.00166
0.001613
0.0015686
0.00152948
0.00149608
0.00146723
0.0014408
0.00141444
0.00138603
0.00135396
0.0013172
0.00127523
0.00122791
0.00117537
0.00111787
0.00105562
0.000988807
0.000917444
0.000841447
0.000760564
0.000674509
0.000582865
0.000485245
0.000381151
0.000270129
0.000151632
2.51564e-05
-0.00010987
-0.000254031
-0.000408013
-0.000572539
-0.00074842
-0.000936434
-0.00113749
-0.00135239
-0.00158189
-0.00182667
-0.00208671
-0.00236229
-0.00265178
-0.00295384
-0.00326459
-0.00357876
-0.00388969
-0.00418721
-0.00446113
-0.00469914
-0.00489121
-0.00503016
-0.00511127
-0.00513522
-0.00511953
-0.00508631
-0.0050517
-0.00503076
-0.00503073
-0.0050529
-0.00509632
-0.00515766
-0.00523124
-0.00531286
-0.00540121
-0.00549364
-0.00559083
-0.00569157
-0.00579516
-0.00590184
-0.00601056
-0.00612114
-0.00623303
-0.00634615
-0.00645967
-0.00657297
-0.00668742
-0.00679937
-0.00691018
-0.00701966
-0.0071238
-0.00722399
-0.00732083
-0.0074106
-0.00749477
-0.00757394
-0.00764502
-0.00770441
0.00325481
0.00312008
0.00254619
0.00193392
0.00146504
0.00119024
0.00110259
0.00114794
0.00125815
0.00137863
0.00147708
0.00153953
0.00156334
0.00155423
0.00152256
0.00147923
0.00143304
0.00138961
0.00135165
0.00131962
0.00129236
0.00126777
0.0012435
0.00121742
0.00118793
0.00115399
0.00111507
0.00107104
0.00102199
0.000968181
0.000909808
0.000847031
0.000779841
0.00070814
0.000631655
0.000550089
0.000463017
0.000370053
0.000270707
0.000164544
5.10327e-05
-7.02932e-05
-0.000199979
-0.000338541
-0.000486596
-0.00064478
-0.000813779
-0.000994293
-0.001187
-0.00139267
-0.00161172
-0.00184483
-0.00209171
-0.00235252
-0.00262573
-0.00290981
-0.00320155
-0.00349607
-0.00378782
-0.00406811
-0.00432826
-0.00455832
-0.00474924
-0.00489453
-0.00499024
-0.00503513
-0.00504179
-0.00502874
-0.00501025
-0.00500075
-0.00500807
-0.00503416
-0.00507923
-0.0051414
-0.00521586
-0.00529834
-0.00538745
-0.0054805
-0.00557812
-0.00567928
-0.00578319
-0.00589022
-0.00599927
-0.00611019
-0.0062224
-0.00633587
-0.00644971
-0.00656331
-0.00667799
-0.00679023
-0.00690123
-0.00701103
-0.00711551
-0.00721614
-0.00731341
-0.00740379
-0.00748857
-0.00756842
-0.00764014
-0.00770008
0.00307357
0.00293849
0.00236385
0.00175084
0.00128138
0.00100618
0.000918354
0.000963696
0.00107403
0.00119474
0.00129348
0.00135628
0.00138051
0.00137189
0.00134077
0.00129809
0.00125266
0.00121013
0.00117323
0.00114244
0.00111662
0.00109368
0.00107128
0.00104729
0.00102011
0.0009887
0.000952534
0.000911472
0.000865613
0.000815189
0.000760401
0.000701398
0.000638162
0.000570587
0.000498397
0.000421284
0.00033882
0.000250614
0.000156184
5.51015e-05
-5.31403e-05
-0.000168993
-0.000292955
-0.000425511
-0.000567189
-0.000718581
-0.000880234
-0.0010528
-0.00123673
-0.00143273
-0.00164104
-0.00186219
-0.00209583
-0.00234188
-0.00259908
-0.00286571
-0.00313922
-0.00341515
-0.00368877
-0.00395285
-0.00419988
-0.00442187
-0.00461096
-0.00476101
-0.00486896
-0.00493238
-0.00495977
-0.00496626
-0.00496408
-0.00496658
-0.00498194
-0.00501285
-0.0050602
-0.00512343
-0.00519887
-0.00528233
-0.00537234
-0.00546622
-0.00556441
-0.00566607
-0.0057704
-0.00587779
-0.00598723
-0.00609852
-0.00621107
-0.00632491
-0.00643909
-0.00655302
-0.00666797
-0.00678052
-0.00689173
-0.00700186
-0.00710671
-0.00720779
-0.00730553
-0.00739653
-0.00748196
-0.00756252
-0.00763488
-0.00769537
0.00289348
0.00275811
0.00218283
0.0015692
0.00109927
0.000823799
0.000735895
0.000781327
0.000891865
0.00101285
0.00111192
0.0011751
0.00119974
0.00119158
0.00116098
0.00111889
0.00107414
0.0010324
0.000996412
0.000966686
0.000942091
0.000920556
0.000899739
0.00087754
0.00085235
0.000823147
0.000789396
0.000750967
0.000707961
0.000660613
0.00060912
0.00055363
0.000494124
0.000430492
0.000362457
0.000289705
0.00021181
0.00012837
3.89207e-05
-5.69703e-05
-0.000159773
-0.000269934
-0.000387898
-0.000514132
-0.000649071
-0.000793275
-0.000947169
-0.00111136
-0.00128616
-0.00147217
-0.00166952
-0.00187859
-0.00209904
-0.00233057
-0.00257216
-0.00282204
-0.00307802
-0.00333631
-0.00359278
-0.00384158
-0.00407622
-0.00429012
-0.0044768
-0.00463033
-0.00474827
-0.00482782
-0.0048741
-0.00489918
-0.00491322
-0.0049281
-0.00495212
-0.0049887
-0.00503905
-0.00510368
-0.0051802
-0.00526473
-0.00535582
-0.00545068
-0.0055496
-0.0056519
-0.00575671
-0.00586454
-0.00597439
-0.00608609
-0.00619902
-0.00631326
-0.0064278
-0.00654207
-0.00665731
-0.0067702
-0.00688163
-0.00699212
-0.00709736
-0.00719892
-0.00729715
-0.0073888
-0.0074749
-0.00755618
-0.00762922
-0.00769028
0.00271488
0.00257926
0.00200338
0.00138917
0.000918816
0.000643105
0.000555146
0.000600675
0.000711412
0.000832657
0.000932031
0.000995544
0.00102056
0.0010128
0.000982651
0.000941076
0.000896912
0.000855862
0.00082068
0.000791888
0.000768372
0.000748078
0.000728674
0.000708068
0.000684662
0.000657438
0.000625871
0.000589839
0.000549449
0.000504939
0.000456517
0.000404326
0.000348357
0.000288496
0.000224476
0.000155974
8.25782e-05
3.87461e-06
-8.05802e-05
-0.000171224
-0.000268488
-0.000372816
-0.000484602
-0.000604292
-0.000732251
-0.000868988
-0.00101485
-0.00117037
-0.0013358
-0.00151159
-0.00169785
-0.00189477
-0.00210209
-0.00231936
-0.00254571
-0.00277951
-0.00301882
-0.00326051
-0.00350087
-0.00373524
-0.00395811
-0.0041639
-0.00434752
-0.00450326
-0.00462912
-0.00472236
-0.00478559
-0.00482802
-0.00485785
-0.00488534
-0.0049185
-0.00496142
-0.00501555
-0.00508208
-0.00515984
-0.00524555
-0.00533775
-0.0054338
-0.00553361
-0.00563667
-0.00574211
-0.00585042
-0.00596075
-0.00607289
-0.00618622
-0.00630089
-0.00641584
-0.00653047
-0.00664603
-0.00675928
-0.00687098
-0.00698182
-0.0070875
-0.00718955
-0.00728831
-0.00738061
-0.00746743
-0.00754946
-0.00762319
-0.00768481
0.0025386
0.00240273
0.0018263
0.00121155
0.000740785
0.000464842
0.000376825
0.000422437
0.000533352
0.000654831
0.000754477
0.000818292
0.000843635
0.000836239
0.000806495
0.000765381
0.00072175
0.00068132
0.000646862
0.00061891
0.000596368
0.00057719
0.000559059
0.00053989
0.000518096
0.000492665
0.000463085
0.000429239
0.000391248
0.000349356
0.000303783
0.000254677
0.000202042
0.000145762
8.55895e-05
2.11974e-05
-4.78086e-05
-0.000121848
-0.000201344
-0.000286733
-0.000378416
-0.000476827
-0.000582322
-0.000695322
-0.000816146
-0.00094524
-0.00108291
-0.00122959
-0.00138551
-0.00155099
-0.00172611
-0.00191097
-0.00210531
-0.00230867
-0.00252026
-0.00273873
-0.00296227
-0.00318831
-0.0034136
-0.00363429
-0.00384594
-0.00404364
-0.00422351
-0.00438038
-0.00451224
-0.00461689
-0.00469499
-0.00475326
-0.00479817
-0.00483826
-0.00488094
-0.00493074
-0.00498945
-0.00505846
-0.00513771
-0.00522464
-0.00531808
-0.00541542
-0.00551631
-0.00562028
-0.00572647
-0.00583533
-0.00594617
-0.00605881
-0.00617256
-0.00628769
-0.00640307
-0.00651809
-0.006634
-0.00674766
-0.00685964
-0.00697087
-0.00707702
-0.00717959
-0.00727889
-0.0073719
-0.00745947
-0.00754227
-0.00761672
-0.00767896
0.00236492
0.00222887
0.00165195
0.00103672
0.000565603
0.00028946
0.000201403
0.000247109
0.000358205
0.000479923
0.000579841
0.000643957
0.000669627
0.000662589
0.000633241
0.000592574
0.000549456
0.000509618
0.000475844
0.000448681
0.000427046
0.000408904
0.000391949
0.000374105
0.000353794
0.000330012
0.000302259
0.000270424
0.000234645
0.000195173
0.000152247
0.000106022
5.65191e-05
3.63079e-06
-5.28739e-05
-0.000113317
-0.000178075
-0.000247562
-0.000322185
-0.000402366
-0.000488487
-0.000580957
-0.000680118
-0.000786354
-0.000899962
-0.00102132
-0.00115071
-0.0012885
-0.00143487
-0.00159007
-0.00175417
-0.00192718
-0.00210886
-0.00229879
-0.00249619
-0.00269999
-0.00290856
-0.00311982
-0.00333104
-0.00353891
-0.00373998
-0.00392984
-0.00410554
-0.00426255
-0.00439877
-0.00451248
-0.00460325
-0.00467578
-0.00473485
-0.00478732
-0.00483973
-0.00489681
-0.00496071
-0.00503288
-0.00511399
-0.00520233
-0.00529702
-0.00539576
-0.00549787
-0.00560289
-0.00570998
-0.0058195
-0.0059309
-0.00604407
-0.00615825
-0.00627385
-0.00638971
-0.00650511
-0.00662139
-0.00673548
-0.00684777
-0.00695939
-0.00706604
-0.00716913
-0.00726899
-0.00736267
-0.00745099
-0.00753456
-0.00760971
-0.00767249
0.00219277
0.00205663
0.00147935
0.000863748
0.000392354
0.000116057
2.79804e-05
7.37816e-05
0.000185059
0.000307012
0.000407204
0.000471623
0.000497625
0.000490946
0.000461995
0.000421772
0.000379159
0.000339899
0.000306789
0.00028039
0.000259628
0.000242482
0.000226654
0.000210077
0.000191184
0.000168978
0.000142968
0.000113052
7.93795e-05
4.22127e-05
1.80455e-06
-4.16746e-05
-8.8185e-05
-0.000137823
-0.000190802
-0.000247434
-0.000308078
-0.000373136
-0.000442999
-0.000518071
-0.000598716
-0.000685314
-0.000778182
-0.000877669
-0.000984048
-0.00109766
-0.00121874
-0.00134762
-0.00148447
-0.00162948
-0.00178268
-0.00194409
-0.00211346
-0.00229043
-0.00247429
-0.00266411
-0.00285851
-0.00305569
-0.00325352
-0.00344915
-0.00363995
-0.00382209
-0.00399316
-0.00414945
-0.00428874
-0.00440963
-0.00451099
-0.00459586
-0.0046678
-0.00473216
-0.00479439
-0.00485908
-0.00492864
-0.00500463
-0.00508808
-0.00517802
-0.00527405
-0.0053742
-0.00547767
-0.0055839
-0.00569209
-0.00580242
-0.00591449
-0.00602827
-0.00614294
-0.00625905
-0.00637544
-0.00649128
-0.00660798
-0.00672255
-0.00683522
-0.00694729
-0.00705453
-0.00715818
-0.00725866
-0.00735311
-0.00744223
-0.00752661
-0.00760251
-0.0076659
0.00202738
0.00189134
0.00131388
0.000698
0.000226345
-5.01508e-05
-0.000138331
-9.25296e-05
1.88339e-05
0.000140935
0.000241318
0.000305959
0.000332211
0.000325809
0.000297165
0.000257292
0.000215082
0.000176292
0.00014373
0.000117969
9.79483e-05
8.1656e-05
6.68052e-05
5.1339e-05
3.3699e-05
1.28985e-05
-1.15432e-05
-3.97174e-05
-7.14641e-05
-0.000106511
-0.000144595
-0.000185541
-0.0002293
-0.000275956
-0.000325703
-0.000378828
-0.000435671
-0.000496606
-0.000562002
-0.00063224
-0.000707661
-0.00078862
-0.000875415
-0.000968371
-0.00106774
-0.00117382
-0.00128684
-0.00140708
-0.00153468
-0.00166982
-0.00181251
-0.00196277
-0.00212037
-0.00228499
-0.00245604
-0.0026327
-0.00281386
-0.00299794
-0.00318333
-0.00336751
-0.00354849
-0.00372302
-0.00388902
-0.00404358
-0.00418444
-0.00431045
-0.00442028
-0.00451573
-0.00459919
-0.00467469
-0.00474652
-0.00481891
-0.0048944
-0.00497466
-0.0050609
-0.00515274
-0.00525015
-0.00535168
-0.0054565
-0.00556399
-0.00567337
-0.00578463
-0.00589743
-0.00601187
-0.00612703
-0.0062436
-0.00636047
-0.00647669
-0.00659378
-0.00670884
-0.00682187
-0.00693434
-0.00704214
-0.00714634
-0.00724741
-0.00734261
-0.00743252
-0.00751772
-0.00759434
-0.0076583
0.00185934
0.00172329
0.00114558
0.000529505
5.78305e-05
-0.000218484
-0.000306293
-0.000259978
-0.000148011
-2.52536e-05
7.58166e-05
0.00014117
0.000168157
0.000162518
0.000134672
9.5641e-05
5.43256e-05
1.64904e-05
-1.50493e-05
-3.97163e-05
-5.8566e-05
-7.36056e-05
-8.71172e-05
-0.000101154
-0.000117267
-0.00013644
-0.000159144
-0.000185463
-0.000215227
-0.00024815
-0.000283949
-0.00032243
-0.000363519
-0.00040728
-0.000453887
-0.000503613
-0.000556772
-0.000613727
-0.000674822
-0.000740419
-0.000810835
-0.000886404
-0.000967399
-0.00105412
-0.00114679
-0.00124569
-0.00135101
-0.001463
-0.00158178
-0.00170753
-0.00184024
-0.00197991
-0.00212639
-0.00227937
-0.0024384
-0.00260272
-0.00277151
-0.00294337
-0.00311708
-0.00329051
-0.00346207
-0.00362915
-0.00378989
-0.00394205
-0.0040835
-0.00421319
-0.00432979
-0.00443415
-0.00452772
-0.00461345
-0.00469454
-0.00477467
-0.00485636
-0.00494134
-0.00503101
-0.00512524
-0.00522438
-0.0053274
-0.00543369
-0.00554254
-0.00565326
-0.00576573
-0.00587949
-0.0059948
-0.00611058
-0.00622765
-0.00634513
-0.00646185
-0.00657942
-0.00669507
-0.00680852
-0.00692144
-0.00702988
-0.00713466
-0.00723636
-0.00733234
-0.00742306
-0.00750906
-0.00758642
-0.00765095
0.00169146
0.00155463
0.000976
0.000359219
-0.00011288
-0.000389347
-0.000477085
-0.000430554
-0.000318298
-0.000195217
-9.38006e-05
-2.80779e-05
-6.91874e-07
-5.89265e-06
-3.32481e-05
-7.17238e-05
-0.000112407
-0.000149522
-0.000180246
-0.000203992
-0.00022181
-0.0002357
-0.00024794
-0.000260578
-0.000275161
-0.000292666
-0.000313561
-0.000337922
-0.000365571
-0.000396215
-0.000429557
-0.000465392
-0.00050363
-0.00054432
-0.000587619
-0.000633784
-0.000683114
-0.000735952
-0.000792625
-0.000853474
-0.000918792
-0.000988891
-0.00106402
-0.00114445
-0.0012304
-0.0013221
-0.00141973
-0.00152352
-0.00163358
-0.00175007
-0.00187301
-0.00200239
-0.00213811
-0.0022799
-0.00242744
-0.00258005
-0.00273712
-0.00289746
-0.00306013
-0.00322337
-0.00338588
-0.0035456
-0.00370083
-0.00384982
-0.00399066
-0.00412241
-0.00424378
-0.00435507
-0.00445697
-0.00455158
-0.00464115
-0.00472869
-0.00481647
-0.00490621
-0.00499939
-0.00509616
-0.00519712
-0.00530156
-0.00540923
-0.00551938
-0.00563141
-0.00574508
-0.00585977
-0.00597595
-0.00609238
-0.00620994
-0.00632802
-0.00644521
-0.00656322
-0.00667949
-0.0067934
-0.0069068
-0.00701592
-0.00712131
-0.00722366
-0.00732049
-0.00741203
-0.00749891
-0.00757703
-0.00764215
0.00155705
0.0014217
0.000844269
0.000228419
-0.000242922
-0.000518747
-0.000605897
-0.000558785
-0.00044594
-0.000322275
-0.000220295
-0.00015404
-0.000126159
-0.000130899
-0.000157815
-0.000195861
-0.000236113
-0.00027279
-0.000303067
-0.00032636
-0.000343724
-0.000357162
-0.000368952
-0.000381136
-0.000395248
-0.00041225
-0.000432584
-0.000456305
-0.000483203
-0.000512961
-0.000545255
-0.000579856
-0.00061665
-0.000655668
-0.000697045
-0.000741023
-0.000787881
-0.000837946
-0.000891526
-0.000948938
-0.00101045
-0.00107636
-0.00114687
-0.00122224
-0.00130266
-0.00138834
-0.00147944
-0.00157615
-0.00167861
-0.00178693
-0.00190118
-0.00202135
-0.0021474
-0.0022791
-0.00241626
-0.00255829
-0.00270474
-0.00285461
-0.00300714
-0.00316097
-0.00331497
-0.0034676
-0.00361741
-0.00376304
-0.00390281
-0.00403581
-0.0041608
-0.00427771
-0.00438667
-0.0044891
-0.00458647
-0.00468113
-0.00477508
-0.00486987
-0.00496706
-0.0050669
-0.0051702
-0.00527642
-0.0053856
-0.00549714
-0.00561045
-0.00572542
-0.00584115
-0.00595831
-0.00607554
-0.00619358
-0.00631227
-0.00642989
-0.00654828
-0.00666517
-0.00677953
-0.00689336
-0.00700312
-0.00710906
-0.007212
-0.0073096
-0.00740191
-0.00748954
-0.00756837
-0.00763399
0.00129383
0.00115856
0.00058208
-3.07839e-05
-0.000497065
-0.000765957
-0.000844801
-0.000788964
-0.000667869
-0.000536954
-0.000428903
-0.000357754
-0.000325995
-0.000327512
-0.00035144
-0.000386392
-0.000423245
-0.000456157
-0.000482336
-0.000501292
-0.000514211
-0.000523241
-0.00053078
-0.000538953
-0.000549329
-0.000562864
-0.000579967
-0.000600634
-0.000624586
-0.000651434
-0.000680799
-0.000712406
-0.000746109
-0.000781917
-0.000819948
-0.000860417
-0.000903577
-0.000949728
-0.000999161
-0.00105217
-0.00110902
-0.00116996
-0.0012352
-0.00130495
-0.00137939
-0.00145869
-0.00154301
-0.00163252
-0.00172735
-0.00182761
-0.00193338
-0.00204466
-0.00216143
-0.00228347
-0.00241066
-0.00254252
-0.00267872
-0.00281853
-0.00296131
-0.00310605
-0.0032518
-0.00339737
-0.00354148
-0.00368304
-0.00382061
-0.00395336
-0.00408015
-0.00420075
-0.00431494
-0.00442357
-0.00452759
-0.00462864
-0.00472839
-0.00482813
-0.00492937
-0.00503244
-0.00513826
-0.00524646
-0.00535724
-0.00547025
-0.0055849
-0.00570127
-0.00581822
-0.00593651
-0.00605482
-0.00617352
-0.00629295
-0.00641122
-0.00653003
-0.00664771
-0.00676268
-0.0068771
-0.00698766
-0.00709429
-0.00719796
-0.00729649
-0.00738966
-0.00747821
-0.00755785
-0.00762409
0.00130389
0.00117224
0.000598574
-1.40618e-05
-0.000483422
-0.000758997
-0.000847808
-0.00080382
-0.000694724
-0.000574618
-0.000475413
-0.000410781
-0.0003832
-0.000386972
-0.000411994
-0.000447702
-0.000485654
-0.000520458
-0.00054948
-0.00057217
-0.000589476
-0.000603204
-0.000615388
-0.000627844
-0.000641923
-0.000658456
-0.000677819
-0.000700045
-0.00072495
-0.00075226
-0.000781707
-0.000813108
-0.000846377
-0.00088155
-0.000918748
-0.000958179
-0.00100009
-0.00104474
-0.00109238
-0.00114325
-0.00119754
-0.00125547
-0.00131722
-0.00138297
-0.00145291
-0.0015272
-0.00160601
-0.00168951
-0.00177784
-0.00187112
-0.00196945
-0.00207284
-0.00218133
-0.00229477
-0.00241309
-0.00253596
-0.0026631
-0.00279395
-0.00292801
-0.00306452
-0.00320265
-0.00334152
-0.00348004
-0.00361734
-0.00375224
-0.00388399
-0.00401158
-0.00413467
-0.00425283
-0.00436646
-0.00447609
-0.00458274
-0.00468775
-0.00479208
-0.00489719
-0.00500338
-0.00511167
-0.00522185
-0.00533415
-0.00544849
-0.00556421
-0.00568169
-0.00579962
-0.00591875
-0.00603798
-0.00615722
-0.00627714
-0.00639587
-0.00651489
-0.00663301
-0.00674848
-0.00686327
-0.00697443
-0.00708156
-0.00718575
-0.00728501
-0.00737885
-0.00746804
-0.00754835
-0.00761497
-0.00197804
-0.00186177
-0.00130548
-0.000711983
-0.000262924
-8.36084e-06
5.90506e-05
-6.47381e-06
-0.000137197
-0.000279166
-0.000400697
-0.000488342
-0.000539905
-0.000561437
-0.000563267
-0.000556017
-0.000548045
-0.000544616
-0.000548293
-0.00055962
-0.000577702
-0.000600842
-0.000627157
-0.000655015
-0.000683262
-0.000711274
-0.000738884
-0.000766277
-0.000793851
-0.000822098
-0.000851498
-0.000882463
-0.000915302
-0.000950237
-0.00098741
-0.00102692
-0.00106884
-0.00111326
-0.00116027
-0.00121001
-0.00126262
-0.0013183
-0.00137725
-0.00143967
-0.00150577
-0.00157576
-0.00164984
-0.00172816
-0.00181091
-0.00189819
-0.00199011
-0.00208672
-0.00218805
-0.00229402
-0.00240459
-0.00251952
-0.00263861
-0.00276146
-0.00288766
-0.00301666
-0.0031478
-0.0032804
-0.0034136
-0.00354668
-0.00367865
-0.0038089
-0.00393651
-0.00406108
-0.00418212
-0.00429969
-0.00441405
-0.00452573
-0.00463577
-0.00474477
-0.00485402
-0.00496381
-0.00507507
-0.00518782
-0.00530219
-0.00541838
-0.00553568
-0.00565462
-0.005774
-0.00589434
-0.00601492
-0.00613521
-0.00625603
-0.00637565
-0.0064952
-0.00661411
-0.0067303
-0.00684582
-0.00695788
-0.00706582
-0.00717082
-0.00727104
-0.00736576
-0.0074559
-0.00753702
-0.00760435
0.00109069
0.000959427
0.000385752
-0.000227315
-0.000697522
-0.000974361
-0.00106466
-0.00102213
-0.00091426
-0.000795093
-0.000696561
-0.000632383
-0.000605027
-0.000608803
-0.000633669
-0.000669165
-0.000706971
-0.000741793
-0.000771017
-0.000794054
-0.000811762
-0.000825839
-0.00083822
-0.000850643
-0.000864409
-0.000880331
-0.000898776
-0.000919787
-0.000943191
-0.000968727
-0.000996133
-0.00102522
-0.00105588
-0.00108813
-0.00112205
-0.0011578
-0.00119556
-0.00123554
-0.00127797
-0.00132305
-0.00137097
-0.00142191
-0.00147605
-0.00153354
-0.00159455
-0.00165923
-0.00172774
-0.0018002
-0.00187676
-0.00195753
-0.00204263
-0.0021321
-0.00222602
-0.00232434
-0.00242704
-0.00253399
-0.00264503
-0.00275988
-0.00287823
-0.00299967
-0.00312367
-0.00324973
-0.00337713
-0.00350532
-0.00363346
-0.00376103
-0.00388724
-0.00401166
-0.00413381
-0.0042535
-0.00437082
-0.00448592
-0.00459953
-0.00471199
-0.00482433
-0.00493682
-0.00505023
-0.0051648
-0.00528055
-0.0053979
-0.00551614
-0.00563585
-0.00575603
-0.00587696
-0.00599826
-0.0061191
-0.00624034
-0.00636041
-0.00648008
-0.00659928
-0.00671585
-0.0068315
-0.00694417
-0.00705262
-0.007158
-0.00725885
-0.0073541
-0.00744473
-0.00752647
-0.00759398
-0.00232758
-0.0022062
-0.00164303
-0.00104124
-0.000583236
-0.000319648
-0.000243677
-0.000301556
-0.00042567
-0.000561911
-0.000678323
-0.000761212
-0.000808162
-0.000824891
-0.000821528
-0.000808678
-0.000794824
-0.000785406
-0.000783143
-0.000788715
-0.000801336
-0.000819376
-0.000840969
-0.00086446
-0.000888641
-0.000912818
-0.000936753
-0.000960554
-0.000984556
-0.0010092
-0.00103494
-0.00106217
-0.00109118
-0.0011222
-0.00115537
-0.00119075
-0.00122842
-0.00126841
-0.00131078
-0.0013556
-0.00140297
-0.00145302
-0.00150588
-0.0015617
-0.00162066
-0.00168291
-0.00174862
-0.00181792
-0.00189096
-0.00196786
-0.00204874
-0.00213366
-0.00222269
-0.00231584
-0.00241309
-0.00251439
-0.00261961
-0.0027286
-0.0028411
-0.00295685
-0.00307542
-0.00319647
-0.00331941
-0.00344382
-0.00356904
-0.0036946
-0.00381986
-0.00394439
-0.00406774
-0.00418959
-0.0043099
-0.00442858
-0.00454608
-0.00466253
-0.00477865
-0.00489472
-0.00501124
-0.00512862
-0.00524675
-0.0053662
-0.00548632
-0.0056076
-0.00572939
-0.00585159
-0.00597426
-0.00609632
-0.00621857
-0.0063398
-0.00646014
-0.00658019
-0.0066976
-0.0068138
-0.00692735
-0.00703693
-0.00714313
-0.00724484
-0.00734104
-0.00743254
-0.00751511
-0.0075835
0.000889267
0.000756758
0.000181609
-0.000432642
-0.000903419
-0.00118004
-0.00126935
-0.00122529
-0.0011157
-0.000994879
-0.000894931
-0.000829651
-0.000801535
-0.000804919
-0.00082968
-0.000865198
-0.000902968
-0.000937556
-0.000966287
-0.000988564
-0.00100528
-0.00101819
-0.0010293
-0.0010404
-0.00105284
-0.00106743
-0.00108456
-0.00110424
-0.00112627
-0.00115035
-0.00117617
-0.00120349
-0.00123219
-0.00126224
-0.00129369
-0.00132667
-0.00136136
-0.00139794
-0.0014366
-0.00147754
-0.0015209
-0.00156685
-0.00161553
-0.00166705
-0.00172156
-0.00177918
-0.00184002
-0.00190421
-0.00197188
-0.00204313
-0.00211809
-0.00219682
-0.00227941
-0.00236591
-0.00245633
-0.00255065
-0.0026488
-0.00275069
-0.00285614
-0.00296496
-0.00307685
-0.00319153
-0.00330857
-0.00342762
-0.00354817
-0.0036698
-0.00379201
-0.00391436
-0.00403647
-0.00415796
-0.00427869
-0.00439844
-0.00451742
-0.00463565
-0.00475353
-0.00487133
-0.00498934
-0.00510798
-0.00522718
-0.00534739
-0.00546826
-0.00558998
-0.0057123
-0.00583489
-0.00595788
-0.00608043
-0.00620281
-0.00632451
-0.00644495
-0.00656512
-0.00668292
-0.00679888
-0.00691279
-0.00702295
-0.0071295
-0.00723165
-0.00732804
-0.0074198
-0.0075028
-0.00757124
-0.0025201
-0.00239693
-0.00183172
-0.00122809
-0.000768731
-0.00050442
-0.000428354
-0.000486557
-0.000611115
-0.000747665
-0.000864082
-0.00094658
-0.000992685
-0.00100813
-0.00100316
-0.000988514
-0.000972846
-0.000961724
-0.000957934
-0.000962166
-0.000973597
-0.000990529
-0.00101102
-0.00103334
-0.00105623
-0.00107897
-0.00110128
-0.00112329
-0.00114534
-0.00116788
-0.00119138
-0.00121624
-0.00124278
-0.00127121
-0.00130164
-0.00133416
-0.00136878
-0.00140552
-0.00144441
-0.0014855
-0.00152885
-0.00157455
-0.00162271
-0.00167347
-0.00172695
-0.00178329
-0.00184263
-0.0019051
-0.00197081
-0.00203988
-0.00211241
-0.00218848
-0.00226817
-0.00235153
-0.00243858
-0.00252934
-0.00262378
-0.00272184
-0.00282341
-0.00292837
-0.00303651
-0.00314762
-0.00326141
-0.00337756
-0.00349572
-0.00361551
-0.00373655
-0.00385842
-0.00398078
-0.00410324
-0.00422561
-0.00434759
-0.0044692
-0.00459039
-0.00471127
-0.00483208
-0.00495289
-0.00507412
-0.00519568
-0.00531792
-0.00544067
-0.00556398
-0.00568776
-0.00581168
-0.00593577
-0.00605951
-0.00618287
-0.00630566
-0.00642706
-0.00654781
-0.00666658
-0.00678313
-0.00689757
-0.00700902
-0.00711654
-0.00721963
-0.00731692
-0.0074093
-0.00749318
-0.00756243
0.000739264
0.000605656
2.92943e-05
-0.00058595
-0.00105728
-0.0013339
-0.00142263
-0.00137759
-0.00126688
-0.00114503
-0.00104428
-0.000978534
-0.000950339
-0.000953997
-0.000979274
-0.00101541
-0.00105375
-0.00108873
-0.00111762
-0.00113978
-0.00115614
-0.00116851
-0.00117897
-0.00118938
-0.00120112
-0.00121506
-0.00123156
-0.00125064
-0.00127207
-0.00129553
-0.00132065
-0.00134718
-0.00137495
-0.0014039
-0.00143407
-0.00146557
-0.00149855
-0.00153319
-0.00156966
-0.00160812
-0.00164872
-0.00169158
-0.00173682
-0.00178454
-0.00183482
-0.00188777
-0.00194349
-0.00200207
-0.00206361
-0.00212822
-0.002196
-0.00226704
-0.00234142
-0.00241923
-0.00250052
-0.00258531
-0.00267363
-0.00276544
-0.00286071
-0.00295936
-0.00306124
-0.00316623
-0.00327409
-0.00338463
-0.00349754
-0.00361256
-0.00372933
-0.00384757
-0.0039669
-0.00408705
-0.0042077
-0.00432865
-0.00444969
-0.00457079
-0.00469187
-0.00481308
-0.00493442
-0.0050561
-0.00517818
-0.00530072
-0.00542383
-0.00554731
-0.0056713
-0.0057954
-0.00591949
-0.00604336
-0.00616673
-0.00628973
-0.00641139
-0.00653195
-0.00665041
-0.00676697
-0.00688153
-0.00699296
-0.00710077
-0.00720423
-0.00730174
-0.00739422
-0.00747826
-0.00754768
-0.00255035
-0.00242742
-0.00186293
-0.00126079
-0.00080373
-0.000542537
-0.000470256
-0.000532552
-0.000661134
-0.000801391
-0.000921083
-0.00100639
-0.00105482
-0.00107225
-0.00106909
-0.00105629
-0.00104263
-0.0010338
-0.00103261
-0.00103974
-0.00105427
-0.00107439
-0.00109804
-0.0011234
-0.00114913
-0.00117448
-0.00119916
-0.00122329
-0.00124724
-0.00127149
-0.00129651
-0.00132272
-0.00135044
-0.00137986
-0.00141108
-0.00144414
-0.00147903
-0.00151574
-0.00155427
-0.00159463
-0.00163687
-0.00168107
-0.00172731
-0.00177572
-0.00182641
-0.00187953
-0.00193519
-0.00199351
-0.00205462
-0.00211862
-0.00218561
-0.00225569
-0.00232893
-0.00240541
-0.0024852
-0.00256834
-0.00265485
-0.00274477
-0.00283805
-0.00293468
-0.00303455
-0.0031376
-0.00324363
-0.00335251
-0.00346399
-0.00357786
-0.00369381
-0.00381158
-0.00393084
-0.00405131
-0.00417268
-0.0042947
-0.00441714
-0.00453982
-0.00466271
-0.00478569
-0.00490894
-0.00503238
-0.00515623
-0.00528031
-0.00540475
-0.00552942
-0.00565421
-0.00577925
-0.00590413
-0.0060292
-0.00615354
-0.00627733
-0.00639959
-0.00652052
-0.00663985
-0.00675702
-0.00687223
-0.00698399
-0.00709222
-0.00719713
-0.00729502
-0.00738736
-0.00747224
-0.00754227
0.000721782
0.000585285
5.6244e-06
-0.000613268
-0.00108829
-0.00136838
-0.00146017
-0.00141772
-0.00130924
-0.00118947
-0.00109088
-0.0010275
-0.00100204
-0.00100885
-0.00103765
-0.00107755
-0.00111977
-0.00115856
-0.00119104
-0.00121656
-0.001236
-0.00125123
-0.00126436
-0.00127731
-0.00129152
-0.00130787
-0.00132676
-0.00134821
-0.00137197
-0.00139767
-0.00142495
-0.00145349
-0.0014831
-0.00151367
-0.00154522
-0.00157783
-0.00161164
-0.00164681
-0.00168349
-0.00172183
-0.00176197
-0.00180401
-0.00184806
-0.00189419
-0.00194248
-0.00199302
-0.00204588
-0.00210114
-0.00215889
-0.00221923
-0.00228224
-0.00234804
-0.00241669
-0.00248831
-0.00256296
-0.00264072
-0.00272163
-0.00280576
-0.00289311
-0.00298369
-0.00307746
-0.00317439
-0.00327439
-0.00337737
-0.00348316
-0.00359162
-0.00370253
-0.00381565
-0.00393075
-0.0040475
-0.00416566
-0.00428494
-0.0044052
-0.00452621
-0.00464793
-0.00477018
-0.00489293
-0.00501603
-0.00513946
-0.00526326
-0.00538732
-0.00551182
-0.00563646
-0.00576147
-0.00588637
-0.00601123
-0.00613548
-0.00625889
-0.00638113
-0.00650201
-0.00662131
-0.00673856
-0.00685333
-0.00696535
-0.00707362
-0.00717854
-0.00727747
-0.00736969
-0.00745415
-0.00752467
)
;

boundaryField
{
    zeroGradient
    {
        type            zeroGradient;
    }
    inlet
    {
        type            zeroGradient;
    }
    fixedWalls
    {
        type            zeroGradient;
    }
    frontAndBack
    {
        type            empty;
    }
}


// ************************************************************************* //
