/*--------------------------------*- C++ -*----------------------------------*\
| =========                 |                                                 |
| \\      /  F ield         | OpenFOAM: The Open Source CFD Toolbox           |
|  \\    /   O peration     | Version:  2312                                  |
|   \\  /    A nd           | Website:  www.openfoam.com                      |
|    \\/     M anipulation  |                                                 |
\*---------------------------------------------------------------------------*/
FoamFile
{
    version     2.0;
    format      ascii;
    arch        "LSB;label=32;scalar=64";
    class       volScalarField;
    location    "0.25";
    object      p;
}
// * * * * * * * * * * * * * * * * * * * * * * * * * * * * * * * * * * * * * //

dimensions      [0 2 -2 0 0 0 0];

internalField   nonuniform List<scalar> 
5600
(
-8.31784e-09
0.00046034
0.000273597
0.000383774
0.000292802
0.00040081
0.00034977
0.000436044
0.000391787
0.000476762
0.000488453
0.000521549
0.000552772
0.000598723
0.000626454
0.000680526
0.000696747
0.000739782
0.000778618
0.000846581
0.000890498
0.000954974
0.00102439
0.00105401
0.00110773
0.0011948
0.00125978
0.00132464
0.00138661
0.00145823
0.0015178
0.00156614
0.00159936
0.00163027
0.00164906
0.00164459
0.00161405
0.00155273
0.00141873
0.00111113
2.8126e-06
0.00045732
0.00027582
0.000380935
0.000294908
0.000398411
0.000352116
0.000430053
0.00039591
0.000474286
0.000488439
0.000519277
0.000553665
0.000594458
0.000626718
0.000679738
0.000697119
0.00073858
0.000777336
0.000845437
0.000889647
0.000954124
0.00102346
0.00104822
0.00110464
0.00118833
0.00125608
0.00131836
0.00138244
0.00145257
0.00151241
0.00154928
0.00156197
0.00157313
0.00158846
0.00159226
0.00156818
0.001493
0.00132535
0.000966848
5.3564e-06
0.000455473
0.000276939
0.000380115
0.000295804
0.000396887
0.000353372
0.000428319
0.000397755
0.000472712
0.000488535
0.000518612
0.000552062
0.000595067
0.000626731
0.000678772
0.000696891
0.000737082
0.000777412
0.000844444
0.00088937
0.000952633
0.00102237
0.00104755
0.00110198
0.00118557
0.00125267
0.00131312
0.00137428
0.00143913
0.0014924
0.0015205
0.00152811
0.00154019
0.00156
0.00156729
0.00154049
0.00145414
0.0012678
0.00089302
9.64554e-06
0.000451164
0.000279801
0.000376605
0.0002985
0.000393054
0.000356426
0.00042143
0.000402301
0.000469106
0.000489175
0.000515674
0.000553706
0.000591176
0.000626982
0.000677303
0.000696394
0.000735747
0.000776961
0.000842418
0.000889908
0.000950014
0.00102149
0.0010421
0.00109742
0.0011805
0.00124599
0.00130396
0.00136141
0.00141632
0.00145433
0.00147827
0.00149401
0.00151452
0.0015381
0.00154474
0.00151235
0.00141519
0.0012159
0.000829124
1.35429e-05
0.0004472
0.000282089
0.000374376
0.000300572
0.000390096
0.000358611
0.000418587
0.000404893
0.000466427
0.000489841
0.000513363
0.000553078
0.000589884
0.000626427
0.000676025
0.000695496
0.000733542
0.000776145
0.000840385
0.000889345
0.000947068
0.00101867
0.00103994
0.00109108
0.00117343
0.00123528
0.00128674
0.00133624
0.0013832
0.00141779
0.00144362
0.00146703
0.00149426
0.00151969
0.00152445
0.00148719
0.00138317
0.00117471
0.000776928
1.89363e-05
0.000441081
0.000286254
0.000369743
0.000304709
0.000384685
0.000362119
0.00041156
0.000408979
0.000462617
0.000490385
0.00051054
0.000552692
0.0005897
0.000624882
0.000674366
0.000694511
0.000730737
0.000775084
0.000836978
0.000888226
0.000944114
0.0010129
0.00103548
0.00108119
0.00115988
0.00121715
0.00125904
0.00130085
0.00134682
0.0013839
0.00141399
0.00144254
0.0014739
0.00150112
0.00150537
0.00146731
0.00136278
0.00115224
0.000749284
2.42827e-05
0.000434686
0.000289907
0.000365943
0.000308234
0.000379997
0.000365187
0.00040689
0.000412079
0.000459595
0.000489976
0.000508979
0.000551091
0.000588738
0.000623245
0.000672309
0.00069282
0.00072678
0.000773246
0.000833687
0.000885653
0.000940006
0.00100499
0.00102778
0.00106644
0.00113864
0.00119143
0.00122394
0.00126189
0.00130976
0.00135156
0.00138494
0.00141693
0.00145254
0.0014832
0.0014906
0.00145706
0.00135984
0.00115794
0.000759517
3.1187e-05
0.000425946
0.000295743
0.000360143
0.000313751
0.000373181
0.000368707
0.000400691
0.00041464
0.00045739
0.00048811
0.000508119
0.000548793
0.000587478
0.00062178
0.000669037
0.00069084
0.000722502
0.000770563
0.000829564
0.000880858
0.000935146
0.000991003
0.00101283
0.00104577
0.00110841
0.00115633
0.0011854
0.00122097
0.00127033
0.00131493
0.00135114
0.00138722
0.00142878
0.00146768
0.00148566
0.00146319
0.00137701
0.00118586
0.000803972
3.83709e-05
0.000416434
0.000300971
0.000354751
0.00031874
0.000366975
0.000371888
0.00039515
0.000416206
0.000455887
0.000485954
0.000506749
0.000546394
0.000585853
0.000619867
0.000665401
0.000688085
0.00071731
0.0007663
0.000824705
0.000874664
0.000927525
0.000976545
0.000991425
0.00101826
0.00107062
0.00111733
0.00114694
0.00117918
0.00122397
0.00126582
0.00130214
0.00134185
0.00139617
0.00146067
0.00151732
0.00154163
0.00150176
0.00133699
0.000918821
4.71979e-05
0.000404361
0.000308369
0.000348156
0.000325066
0.000359332
0.000374394
0.000389375
0.000416481
0.000454322
0.000483906
0.000504636
0.000543687
0.000583999
0.000617859
0.000661004
0.000684325
0.000711259
0.000760705
0.000818429
0.000865044
0.000915144
0.000956164
0.000961828
0.000984385
0.00103261
0.0010783
0.00110764
0.00113423
0.0011704
0.00120181
0.00122209
0.00123896
0.00127166
0.0013281
0.00139209
0.00145137
0.00153134
0.00170891
0.00213153
5.66716e-05
0.000390977
0.000315215
0.000341836
0.00033072
0.000353183
0.000375213
0.000387864
0.00041507
0.000452567
0.000481644
0.000502171
0.00054054
0.000581975
0.000614943
0.000655844
0.000679617
0.000703822
0.000752439
0.00081007
0.00085221
0.000895823
0.00092931
0.000926876
0.000948427
0.00099448
0.00103732
0.00106648
0.00109008
0.00112267
0.00115394
0.00118316
0.00121935
0.00127737
0.00135481
0.00143939
0.00152813
0.00164427
0.00184318
0.00222698
6.77909e-05
0.000375025
0.000323243
0.000335904
0.000335862
0.000348356
0.000369182
0.000386885
0.00041285
0.000450883
0.000478677
0.000499393
0.000536873
0.000580339
0.00061176
0.000649356
0.000673829
0.000694918
0.000740889
0.000798335
0.000835291
0.000870649
0.000900014
0.000892495
0.000909765
0.000954501
0.000994952
0.00102427
0.00104815
0.00108833
0.00113924
0.00118975
0.00123601
0.00128742
0.00134927
0.00142176
0.00151143
0.00164315
0.00186964
0.00229004
7.98414e-05
0.000357718
0.000330514
0.000330665
0.000338428
0.000347272
0.000366521
0.000384835
0.000411266
0.000448479
0.000475204
0.000496161
0.000532641
0.000574671
0.000607541
0.000641183
0.000666197
0.000684497
0.000724739
0.000782226
0.000816121
0.000842163
0.000868001
0.000857417
0.000867612
0.000912823
0.000955973
0.000994449
0.00103438
0.00108989
0.00114537
0.00118912
0.00122503
0.00126703
0.0013243
0.00139897
0.00149837
0.00164504
0.0018864
0.00231232
9.34525e-05
0.000337766
0.000336933
0.000329453
0.00033717
0.000346818
0.000360481
0.000380932
0.000409854
0.000445472
0.000471214
0.000492279
0.00052768
0.000570695
0.000603879
0.000631684
0.000655051
0.000672639
0.000705496
0.000760946
0.000795103
0.000811937
0.000834237
0.000824597
0.000829597
0.000878907
0.000931854
0.000977332
0.00102049
0.00107479
0.0011284
0.00116898
0.00120119
0.00124003
0.00129738
0.0013758
0.0014811
0.0016323
0.00187411
0.00229628
0.000107962
0.000318889
0.000339689
0.000328555
0.000335472
0.000347152
0.000357954
0.000376604
0.000407217
0.000442234
0.000466674
0.00048763
0.000522024
0.000565073
0.000598722
0.000620783
0.000639826
0.000657891
0.000685233
0.000735147
0.000771529
0.000783492
0.000800605
0.000793677
0.000794593
0.000845881
0.000911192
0.00096444
0.00100568
0.00105315
0.00110359
0.0011439
0.00117575
0.00121255
0.00126828
0.0013471
0.00145401
0.00160574
0.00184623
0.00226637
0.00012355
0.000300499
0.000337722
0.000329266
0.000334048
0.000345707
0.000355834
0.000371986
0.000403112
0.000438266
0.000461384
0.000481971
0.000515446
0.000557879
0.000591974
0.000609723
0.00062167
0.000639792
0.000665339
0.00070809
0.000745402
0.00075596
0.000767341
0.000764279
0.000763848
0.000813689
0.000888347
0.000949307
0.00098909
0.00102761
0.00107212
0.00111219
0.00114561
0.00118187
0.00123501
0.00131187
0.0014186
0.00157111
0.00181131
0.00222953
0.000139724
0.000283798
0.000331353
0.00032993
0.000333449
0.000344146
0.000354046
0.000368122
0.000398141
0.000433087
0.000455256
0.000475202
0.000507787
0.000549133
0.000582534
0.00059672
0.000602809
0.0006178
0.000642586
0.00068039
0.00071753
0.000729066
0.000735028
0.000735415
0.000736987
0.000782709
0.000860626
0.000928582
0.000969492
0.00100026
0.00103709
0.00107566
0.00111122
0.00114806
0.00119855
0.00127218
0.00137734
0.00153012
0.00177096
0.00218929
0.000156214
0.000268915
0.000320781
0.000329533
0.000333936
0.000342379
0.000351318
0.000364766
0.000393057
0.000426553
0.000447691
0.000466968
0.000498669
0.000538799
0.000571847
0.000582179
0.000582517
0.000594292
0.000617375
0.000652194
0.000688931
0.00070278
0.00070397
0.000704892
0.00071082
0.00075309
0.000829296
0.000901111
0.000945171
0.000971556
0.00100039
0.00103488
0.00107115
0.00110955
0.00115899
0.0012297
0.00133229
0.00148422
0.00172512
0.00214339
0.000172318
0.000256935
0.000306903
0.000326549
0.000334533
0.000341374
0.000348246
0.000361119
0.000387867
0.00041921
0.000438726
0.00045701
0.000487885
0.000526556
0.00055949
0.000566093
0.000559845
0.000569232
0.000591041
0.000622036
0.000657833
0.000676208
0.000675525
0.000673556
0.000681931
0.000722334
0.000795669
0.000868963
0.000916395
0.000941214
0.000963305
0.000992335
0.00102753
0.00106721
0.00111638
0.00118463
0.00128437
0.00143504
0.00167627
0.00209536
0.000185959
0.000248563
0.000293686
0.000319546
0.000333467
0.000340899
0.000345564
0.000356819
0.000382139
0.000411334
0.000428288
0.000444729
0.000475246
0.000512155
0.000544882
0.000550589
0.000535767
0.000541251
0.000563714
0.000591163
0.000624861
0.000647985
0.000649086
0.000643102
0.000650314
0.000689302
0.000760417
0.000834014
0.000883697
0.00090817
0.00092511
0.000948107
0.000980291
0.00102024
0.00107009
0.00113761
0.00123553
0.00138474
0.00162551
0.00204482
0.00019732
0.000243852
0.000281094
0.000308402
0.000329735
0.000340329
0.000343549
0.000352347
0.000375634
0.000402658
0.000417112
0.000430496
0.000460071
0.000495693
0.000527461
0.00053459
0.000512592
0.000509844
0.000533649
0.000560665
0.000590861
0.000616281
0.00062212
0.00061498
0.000619006
0.000654475
0.000721913
0.000795056
0.000847047
0.000872719
0.000886322
0.00090359
0.000931554
0.000970637
0.00102131
0.00108903
0.00118575
0.00133326
0.00157297
0.00199215
0.00020618
0.000240586
0.000270559
0.000296492
0.000322352
0.000337788
0.000341738
0.000348148
0.000368323
0.000392986
0.000405189
0.000414294
0.000441859
0.000477568
0.000507339
0.00051657
0.000491661
0.000477222
0.00049914
0.00052893
0.000557575
0.000582746
0.000592933
0.000588342
0.00058956
0.000619089
0.000680578
0.00075219
0.000806598
0.000834566
0.000846524
0.000858864
0.000881857
0.000918559
0.000969262
0.00103764
0.00113424
0.00128087
0.00151965
0.00193849
0.000212677
0.00023816
0.000262504
0.00028494
0.000311268
0.000332042
0.000338908
0.000344164
0.000360924
0.000382345
0.000392223
0.000397117
0.000420952
0.000456847
0.000485038
0.0004953
0.000471718
0.000446525
0.00046109
0.000493861
0.000524558
0.000548998
0.000561299
0.000560505
0.000560926
0.000584627
0.0006385
0.000706217
0.000761751
0.000792601
0.000804921
0.000814056
0.000832401
0.00086574
0.000915476
0.000984376
0.00108156
0.00122804
0.00146621
0.00188455
0.000216908
0.000235762
0.000255532
0.000274298
0.000298712
0.000322651
0.000333636
0.000339499
0.000353522
0.000371253
0.00037828
0.000378965
0.000397264
0.000432836
0.000461803
0.000471499
0.000450274
0.000418517
0.000422025
0.000454262
0.000489882
0.000516517
0.000529464
0.000531257
0.000532543
0.000551389
0.000596388
0.000657628
0.000712741
0.000746821
0.000761364
0.000769264
0.000783887
0.000813399
0.000861013
0.000929593
0.00102734
0.00117426
0.00141243
0.00183058
0.000218951
0.000233114
0.000249033
0.000264851
0.000286377
0.000310384
0.000324765
0.00033245
0.000345673
0.00036047
0.0003638
0.000359777
0.000371895
0.000405638
0.000436539
0.00044594
0.000426792
0.000392343
0.000384322
0.000411598
0.000451571
0.000483447
0.000498453
0.000501786
0.000503602
0.000518427
0.000554945
0.000608201
0.000660706
0.000697064
0.000714859
0.000723571
0.000736095
0.000762103
0.000806843
0.000874162
0.000972097
0.00111977
0.00135856
0.001777
0.000218874
0.000229745
0.000242321
0.000255363
0.000274517
0.000297059
0.000312305
0.000321849
0.000336033
0.000349848
0.000349718
0.000340139
0.00034518
0.000374841
0.000407975
0.00042009
0.000402596
0.000366747
0.000348826
0.000368146
0.000409658
0.000448134
0.000468196
0.000473455
0.000474882
0.000485745
0.00051433
0.000558788
0.000606523
0.000643586
0.00066496
0.000676323
0.000688702
0.000712231
0.000753916
0.000819144
0.000916492
0.00106465
0.00130423
0.00172326
0.000216989
0.00022558
0.00023539
0.000245565
0.000262995
0.000283807
0.000297373
0.000306993
0.000323079
0.000338476
0.000336395
0.000321071
0.000317958
0.000341494
0.000375771
0.000392343
0.00037786
0.000342048
0.000316175
0.000325641
0.000364587
0.000408921
0.000437561
0.000447289
0.000448104
0.000453871
0.00047417
0.000509576
0.000551359
0.000587808
0.000612596
0.000627948
0.0006421
0.000664553
0.000703515
0.000766187
0.000862344
0.0010108
0.00125152
0.00167176
0.000212972
0.000219813
0.000227294
0.000234934
0.000251295
0.00027087
0.000281552
0.000288733
0.000305819
0.000324575
0.000323541
0.000303725
0.000292113
0.00030766
0.000339745
0.000361337
0.000353392
0.000319172
0.000285863
0.000283739
0.000315978
0.000363364
0.000401524
0.000418503
0.000420268
0.000421025
0.000432517
0.000458041
0.000492314
0.000526212
0.000553196
0.000572779
0.000590063
0.000612948
0.000649924
0.000709678
0.000803485
0.000950951
0.00119196
0.00161321
0.000207668
0.000213194
0.000218291
0.00022314
0.000238118
0.000257226
0.000265874
0.000269196
0.000283869
0.000305851
0.000309527
0.000288347
0.000268537
0.000274808
0.000302868
0.000328959
0.000331171
0.000304489
0.000268435
0.000254469
0.000275201
0.000320101
0.000366422
0.000393656
0.000400363
0.000398685
0.000402046
0.000417019
0.000442134
0.000471287
0.000498517
0.00052154
0.000542592
0.000567496
0.000604089
0.00066174
0.00075294
0.000898323
0.00113803
0.00155842
0.000199561
0.0002038
0.000208786
0.000212282
0.000223679
0.000240952
0.000249963
0.000250698
0.000260091
0.000281595
0.000292118
0.000274527
0.000247096
0.000240064
0.000257916
0.000281929
0.000291024
0.00027412
0.000240046
0.000215437
0.000220921
0.000256983
0.000306101
0.000343712
0.000359748
0.000360803
0.00035972
0.000365831
0.000381856
0.000405209
0.000431425
0.000457585
0.000484151
0.000514963
0.000556488
0.000617621
0.000711151
0.000858436
0.00110035
0.00152364
0.000192235
0.000191014
0.000195676
0.000200462
0.000207848
0.000221947
0.000232094
0.000232653
0.000236246
0.000253786
0.00027156
0.000266268
0.000241919
0.000228317
0.000240231
0.000265339
0.000282847
0.000279011
0.000254974
0.000227153
0.00021626
0.000231844
0.000267019
0.000305166
0.00033012
0.000337793
0.000335095
0.000331608
0.000333559
0.00034184
0.000354174
0.000368188
0.000383919
0.000404437
0.000435687
0.000486469
0.000570042
0.00070859
0.000943995
0.00136395
0.000177897
0.00017988
0.000184738
0.000186912
0.00018962
0.000200817
0.000212129
0.00021345
0.00021189
0.000220486
0.000234904
0.00023447
0.000211481
0.000186264
0.000180189
0.000191852
0.000205621
0.000208291
0.000195987
0.000176409
0.000165361
0.000174808
0.00020449
0.000242057
0.000272589
0.000289161
0.000294974
0.000298082
0.000305371
0.000319805
0.000341034
0.000367533
0.000398691
0.000436049
0.000483879
0.000549847
0.000646742
0.000796829
0.00104224
0.00147078
0.000159798
0.000167804
0.000173117
0.000172128
0.000170946
0.000179232
0.000191062
0.000195302
0.000195244
0.000202606
0.000219215
0.000231828
0.000228913
0.000217584
0.000216635
0.000233009
0.000257741
0.000277143
0.000281471
0.000271467
0.000257443
0.00024865
0.000248774
0.000254882
0.000259879
0.000258245
0.000248466
0.000233067
0.000215114
0.00019633
0.000176355
0.000153365
0.000124536
8.63587e-05
3.42151e-05
-3.87499e-05
-0.000144198
-0.000303604
-0.000559094
-0.000999221
0.00014777
0.000148399
0.000150201
0.000151679
0.000151383
0.000153763
0.000160051
0.000163822
0.000161865
0.000159267
0.000160925
0.000163132
0.000156819
0.000139927
0.000122033
0.000114114
0.000117679
0.00012596
0.000132875
0.000135661
0.000136223
0.000141511
0.00015522
0.000175301
0.000197528
0.000217714
0.000234306
0.00024811
0.000261935
0.000278583
0.000299778
0.000326249
0.000358669
0.000398802
0.000450405
0.00052039
0.000620872
0.000773764
0.00102118
0.00145112
0.000129066
0.000130101
0.000131906
0.000135311
0.00013653
0.000137102
0.000142449
0.000151085
0.000158001
0.000163887
0.000173601
0.000187718
0.000200049
0.000205161
0.000205536
0.00020839
0.000217088
0.000227424
0.000232746
0.000229838
0.000219553
0.000205966
0.000192823
0.000181009
0.000169213
0.000155217
0.000137737
0.000116537
9.21213e-05
6.49995e-05
3.52086e-05
2.06023e-06
-3.6031e-05
-8.17297e-05
-0.000139297
-0.000215648
-0.000322649
-0.000481859
-0.000735135
-0.00117035
0.000106155
0.00010563
0.00010495
0.000103674
0.00010074
9.89814e-05
9.98125e-05
9.98847e-05
9.68347e-05
9.26162e-05
8.97171e-05
8.75535e-05
8.36175e-05
7.65622e-05
6.81413e-05
6.22671e-05
6.18439e-05
6.79217e-05
7.95255e-05
9.3268e-05
0.000107053
0.000120829
0.000134826
0.000149697
0.000166137
0.000183901
0.000202239
0.000220669
0.000239501
0.000259651
0.000282261
0.000308558
0.000340154
0.000379513
0.000430659
0.00050036
0.000600451
0.000752585
0.000998775
0.00142708
8.735e-05
8.78639e-05
8.73403e-05
8.69958e-05
8.96439e-05
9.28362e-05
9.43047e-05
9.79311e-05
0.000106999
0.00011882
0.000129689
0.000139905
0.000151335
0.000163094
0.000171956
0.000176313
0.00017842
0.000180243
0.000180695
0.000178669
0.000172251
0.000160752
0.000146801
0.000131878
0.000115847
9.84254e-05
7.9292e-05
5.82067e-05
3.48145e-05
8.97196e-06
-1.95595e-05
-5.13715e-05
-8.79667e-05
-0.000131975
-0.000187657
-0.000261888
-0.000366485
-0.000523001
-0.000773344
-0.00120548
5.3579e-05
5.15116e-05
4.75872e-05
4.35153e-05
3.81596e-05
3.12178e-05
2.55594e-05
2.22447e-05
1.92163e-05
1.55385e-05
1.2682e-05
1.1811e-05
1.22481e-05
1.28185e-05
1.40726e-05
1.80222e-05
2.55947e-05
3.70607e-05
5.21935e-05
6.902e-05
8.72803e-05
0.000107186
0.000127128
0.000146803
0.000166622
0.000186612
0.000206553
0.000226597
0.000247384
0.000269511
0.000293612
0.000320571
0.000352051
0.000390765
0.000441013
0.00050971
0.000608718
0.000759639
0.00100443
0.00143111
3.74671e-05
3.89567e-05
3.76481e-05
3.48459e-05
3.25696e-05
2.97859e-05
2.74302e-05
2.8948e-05
3.59893e-05
4.57487e-05
5.59973e-05
6.73343e-05
8.11143e-05
9.64732e-05
0.000110894
0.000122636
0.00013222
0.000139575
0.000144565
0.000147373
0.000146698
0.000143012
0.000138005
0.000131591
0.000123605
0.000114126
0.000103343
9.08526e-05
7.60561e-05
5.85252e-05
3.77506e-05
1.28528e-05
-1.77714e-05
-5.664e-05
-0.000107832
-0.00017812
-0.000279354
-0.000433182
-0.00068162
-0.00111273
-8.06651e-06
-9.71863e-06
-1.65758e-05
-2.57774e-05
-3.71154e-05
-5.20126e-05
-6.58548e-05
-7.42956e-05
-7.87373e-05
-8.25458e-05
-8.46912e-05
-8.23868e-05
-7.5144e-05
-6.49758e-05
-5.25941e-05
-3.68459e-05
-1.72481e-05
6.16579e-06
3.24823e-05
5.97679e-05
8.86765e-05
0.00011976
0.000151574
0.000183834
0.000215813
0.000246974
0.000276917
0.000305939
0.000334757
0.000363956
0.000394129
0.000426172
0.000461764
0.000503607
0.000555949
0.000625664
0.000724604
0.000874368
0.00111682
0.00153977
0.00082896
0.000992211
0.00154738
0.00210003
0.00249018
0.00267039
0.00265772
0.00251937
0.00233116
0.00214966
0.00200794
0.00191982
0.00188029
0.00187221
0.00187579
0.00187581
0.00186509
0.00184317
0.00181301
0.00177761
0.00173964
0.00170193
0.00166706
0.00163329
0.00159995
0.00156531
0.00153019
0.00149571
0.00146085
0.00143201
0.00140111
0.00137386
0.00134137
0.00130932
0.00127949
0.00125381
0.00124065
0.00122208
0.00122283
0.00122676
0.00122061
0.00121181
0.00120815
0.00117417
0.00106819
0.000864338
0.000554437
0.000280674
2.43118e-05
-0.000198194
-0.000211638
-0.000196647
-0.000518366
-0.00129332
-0.00200981
-0.00228676
-0.00265893
-0.0034167
-0.00414653
-0.00470844
-0.00513342
-0.00525775
-0.00503263
-0.00454195
-0.00392118
-0.00328268
-0.00268701
-0.00221677
-0.00185645
-0.00156122
-0.00138231
-0.00124158
-0.00107073
-0.000911966
-0.000708727
-0.000410917
-0.00012425
0.000100169
0.000345177
0.000647302
0.000970504
0.00128737
0.00159811
0.00190455
0.00220749
0.00251312
0.00282121
0.00314096
0.00346761
0.00381189
0.0041672
0.00454086
0.00493156
0.00533768
0.00576824
0.00621331
0.00668971
0.00718116
0.00769718
0.0082801
0.00064949
0.000779303
0.00132359
0.00189389
0.00231475
0.00253635
0.00256761
0.00246576
0.00230182
0.00213192
0.00198989
0.00189141
0.00183903
0.00182255
0.00182579
0.00183242
0.00183093
0.0018171
0.0017909
0.00175568
0.00171543
0.00167433
0.00163837
0.00160708
0.00157708
0.00154392
0.00150836
0.00147366
0.00143949
0.00141196
0.00138184
0.00135565
0.0013236
0.00129262
0.00126385
0.00123902
0.00122573
0.0012055
0.00120646
0.00120821
0.0012002
0.0011889
0.0011824
0.00114742
0.00103943
0.000839344
0.000534946
0.000268843
1.91673e-05
-0.000204601
-0.00022702
-0.00021129
-0.000532051
-0.00130329
-0.00201816
-0.00228097
-0.0026468
-0.0033971
-0.00411225
-0.0046657
-0.00509482
-0.00522713
-0.00500787
-0.00452051
-0.00390452
-0.00327162
-0.00267869
-0.00221053
-0.00185201
-0.00155664
-0.00137795
-0.00123823
-0.00106761
-0.000909311
-0.000706932
-0.000409759
-0.000123492
0.000100654
0.000345458
0.000647304
0.00097006
0.00128674
0.00159758
0.00190429
0.00220744
0.00251318
0.00282134
0.00314112
0.00346775
0.00381197
0.00416725
0.00454086
0.00493157
0.00533768
0.00576824
0.0062133
0.00668972
0.00718116
0.00769718
0.0082804
0.000571778
0.000703833
0.00125561
0.00183663
0.00226977
0.00250488
0.00254948
0.00245843
0.00230069
0.0021318
0.00198581
0.0018789
0.00181657
0.00179224
0.00179239
0.00180082
0.00180408
0.00179554
0.00177337
0.00173993
0.00169965
0.00165633
0.00161756
0.00158602
0.00155784
0.00152785
0.00149322
0.00145835
0.00142416
0.00139658
0.00136773
0.00134142
0.00130979
0.00127955
0.00125171
0.00122396
0.00120773
0.00118709
0.00118289
0.00117449
0.00115938
0.00114169
0.00112093
0.00107197
0.00096053
0.00077695
0.000503474
0.00025295
2.19866e-05
-0.000194735
-0.000258305
-0.00029119
-0.000595275
-0.00130459
-0.00198115
-0.00226232
-0.00262861
-0.00334748
-0.00403008
-0.0045594
-0.00496827
-0.00510276
-0.00491013
-0.00445786
-0.00387011
-0.00325758
-0.00267834
-0.00221598
-0.00185866
-0.00156286
-0.00138142
-0.00123869
-0.00106634
-0.000907041
-0.00070444
-0.000407885
-0.000122101
0.000101973
0.000346695
0.000648208
0.000970813
0.00128722
0.00159776
0.00190419
0.00220718
0.00251291
0.00282105
0.00314082
0.0034675
0.00381182
0.00416717
0.00454085
0.00493156
0.00533768
0.00576824
0.00621329
0.00668971
0.00718111
0.00769712
0.0082807
0.00049982
0.000626056
0.00117298
0.00175099
0.00218234
0.00241722
0.00246365
0.00237642
0.00222403
0.00206127
0.00192143
0.00181893
0.00175754
0.00173098
0.0017278
0.00173468
0.00173913
0.00173451
0.00171779
0.00168995
0.00165407
0.00161261
0.00157231
0.00153759
0.00150862
0.00148196
0.0014521
0.00141994
0.00138556
0.0013585
0.00133117
0.00130657
0.00127713
0.00124757
0.00122103
0.00119279
0.00117668
0.00115373
0.00114436
0.00113349
0.00111429
0.00109026
0.00105926
0.00100681
0.000898936
0.000728941
0.000477967
0.000239962
2.18792e-05
-0.000192927
-0.000299543
-0.000364062
-0.000637968
-0.00129488
-0.00195161
-0.00224563
-0.0026055
-0.00328887
-0.00393279
-0.00442951
-0.00482623
-0.00497328
-0.00481017
-0.00438335
-0.00381981
-0.00322901
-0.00266443
-0.00220824
-0.00185456
-0.00155914
-0.00137452
-0.00123022
-0.0010575
-0.000896881
-0.000694461
-0.000401013
-0.000117677
0.000106438
0.000351314
0.000651494
0.000972058
0.00128702
0.00159699
0.00190341
0.00220668
0.00251264
0.00282105
0.00314101
0.00346773
0.00381197
0.00416725
0.00454085
0.00493156
0.00533767
0.00576823
0.00621327
0.00668969
0.00718103
0.00769705
0.00828111
0.000437936
0.000558846
0.00110289
0.00168091
0.00211483
0.00235403
0.00240555
0.00232344
0.00217622
0.00201851
0.00188326
0.00178431
0.00172466
0.00169792
0.00169312
0.0016987
0.00170371
0.00170164
0.00168922
0.00166668
0.00163598
0.00159874
0.00155957
0.00152296
0.00149165
0.00146611
0.00144062
0.0014126
0.00137958
0.00135037
0.0013227
0.0012978
0.00126876
0.00123946
0.0012122
0.00118172
0.00116103
0.00113572
0.00112167
0.00110403
0.00107725
0.00104725
0.00100779
0.000946573
0.000837549
0.000676467
0.000447233
0.000222223
1.16844e-05
-0.000198525
-0.000332526
-0.00042579
-0.000684602
-0.0012949
-0.00192213
-0.00222038
-0.00257409
-0.00322221
-0.00382976
-0.0042997
-0.00467664
-0.00482037
-0.00467849
-0.00428873
-0.00376006
-0.00319652
-0.00265048
-0.00220377
-0.00185455
-0.00156073
-0.00137277
-0.00122544
-0.00105135
-0.000888576
-0.000685727
-0.000394809
-0.00011325
0.000111136
0.000356095
0.000655138
0.000974124
0.00128794
0.00159718
0.0019032
0.00220614
0.00251206
0.00282042
0.0031404
0.00346724
0.00381169
0.00416711
0.00454083
0.00493156
0.00533767
0.00576822
0.00621325
0.00668966
0.00718094
0.00769696
0.00828151
0.000403699
0.000520226
0.00106012
0.00163343
0.00206234
0.00229694
0.00234509
0.00226119
0.00211364
0.0019568
0.00182287
0.00172523
0.00166658
0.00164192
0.00163937
0.00164602
0.00165018
0.00164556
0.00163064
0.00160669
0.00157701
0.00154224
0.00150455
0.0014672
0.0014333
0.00140626
0.0013821
0.00135832
0.00132891
0.00129959
0.00127156
0.00124666
0.00122
0.00119205
0.00116702
0.00113613
0.00111416
0.00108939
0.00107098
0.00105097
0.00102108
0.000986775
0.000940439
0.000875122
0.000768865
0.000617727
0.000409628
0.000197061
-5.54284e-06
-0.000206028
-0.000361142
-0.000489278
-0.0007364
-0.00129232
-0.00188711
-0.00219283
-0.00254
-0.00315367
-0.00372571
-0.00416379
-0.00451912
-0.00466729
-0.00455568
-0.00420047
-0.00370008
-0.00316221
-0.00263535
-0.00219698
-0.00185141
-0.00155808
-0.00136604
-0.0012158
-0.00104101
-0.000876305
-0.000673019
-0.000385532
-0.000106889
0.000117589
0.000362789
0.00066017
0.000976712
0.00128864
0.00159682
0.0019024
0.0022055
0.0025116
0.00282033
0.0031406
0.00346754
0.00381188
0.00416722
0.00454082
0.00493155
0.00533766
0.00576821
0.00621323
0.00668963
0.00718084
0.00769687
0.00828194
0.000411238
0.000527076
0.00106163
0.00162085
0.00202934
0.00224004
0.00226508
0.00216346
0.00200599
0.00184681
0.0017167
0.00162835
0.00158174
0.00156785
0.00157274
0.00158447
0.00159331
0.00159228
0.00157994
0.00155854
0.00153277
0.00150415
0.00147334
0.00144274
0.00141356
0.00138862
0.00136687
0.00134604
0.00132128
0.00129355
0.00126441
0.00123906
0.00121251
0.0011842
0.00115898
0.00112751
0.00110077
0.00107209
0.00104853
0.0010239
0.000986758
0.000945248
0.00089303
0.000820162
0.000714964
0.000570097
0.000377522
0.000177464
-2.09326e-05
-0.000215127
-0.000389297
-0.000547624
-0.000779399
-0.00128415
-0.00185173
-0.00216327
-0.00250065
-0.00307815
-0.0036126
-0.00402296
-0.00436195
-0.00451073
-0.00441758
-0.0040961
-0.00363004
-0.0031206
-0.00261414
-0.0021859
-0.00184543
-0.00155448
-0.00135966
-0.00120736
-0.00103194
-0.000865228
-0.000661747
-0.00037748
-0.00010115
0.00012354
0.000368741
0.000664628
0.000979193
0.0012896
0.00159707
0.00190236
0.00220508
0.00251105
0.00281962
0.00313983
0.00346691
0.00381153
0.00416705
0.00454081
0.00493154
0.00533766
0.00576819
0.00621321
0.00668959
0.00718075
0.00769678
0.00828239
0.000471426
0.000600856
0.00114386
0.0016933
0.00207512
0.00224614
0.00222707
0.00208898
0.00190969
0.00174411
0.00161933
0.00154308
0.00150996
0.00150672
0.00151797
0.00153113
0.00153803
0.00153461
0.00152123
0.00149918
0.0014716
0.00144095
0.00140929
0.00138009
0.00135331
0.001329
0.00130668
0.00128505
0.0012611
0.00123388
0.00120442
0.00117831
0.00115325
0.00112481
0.00109941
0.0010709
0.00104239
0.00101302
0.000986553
0.000959841
0.000921471
0.000876288
0.00082094
0.00074589
0.00064482
0.00050801
0.000330887
0.000145263
-4.78521e-05
-0.000234818
-0.000416922
-0.000598542
-0.00082176
-0.00128105
-0.00181799
-0.00213197
-0.00245852
-0.00299952
-0.00350188
-0.00388508
-0.00420253
-0.0043495
-0.00427865
-0.00399352
-0.00355983
-0.00307807
-0.00259351
-0.00217616
-0.00184033
-0.00155127
-0.00135313
-0.00119766
-0.00102146
-0.000852701
-0.000648422
-0.000367393
-9.39441e-05
0.000130806
0.000376175
0.00067034
0.000982393
0.00129092
0.00159699
0.00190152
0.00220429
0.00251053
0.00281954
0.00314014
0.00346732
0.00381177
0.00416718
0.0045408
0.00493154
0.00533765
0.00576818
0.00621318
0.00668955
0.00718066
0.0076967
0.00828286
0.000504235
0.000563974
0.00102164
0.00149196
0.00181844
0.00196805
0.00196431
0.00186812
0.0017415
0.00162619
0.00154141
0.00149161
0.00147071
0.00146701
0.00146928
0.0014699
0.00146592
0.00145702
0.00144423
0.0014274
0.00140734
0.00138518
0.00136253
0.00134099
0.00132105
0.00130125
0.00128172
0.00126222
0.00124042
0.00121657
0.0011896
0.00116451
0.00114011
0.00111204
0.001085
0.00105721
0.00102741
0.000994538
0.000961969
0.000930776
0.000888901
0.000835947
0.000776826
0.000696079
0.000594922
0.000464355
0.000296048
0.000121968
-6.89605e-05
-0.00025268
-0.000438553
-0.000642808
-0.000861921
-0.00127405
-0.00177893
-0.00209439
-0.00240879
-0.00291429
-0.00338362
-0.00373853
-0.00403839
-0.00418515
-0.00413188
-0.00387958
-0.00348007
-0.00302732
-0.00256489
-0.00215952
-0.00182966
-0.00154385
-0.00134338
-0.00118573
-0.00100928
-0.000838748
-0.000634339
-0.000356946
-8.6394e-05
0.000138305
0.000383505
0.00067582
0.000985451
0.00129213
0.00159742
0.00190172
0.00220413
0.00251002
0.00281881
0.00313925
0.00346656
0.00381137
0.00416697
0.00454079
0.00493154
0.00533765
0.00576816
0.00621315
0.0066895
0.00718056
0.00769663
0.00828334
0.0025459
0.00248156
0.0020124
0.00152632
0.00118235
0.0010155
0.00100456
0.00108944
0.00120717
0.00131449
0.0013908
0.00143117
0.00144123
0.00143188
0.00141353
0.00139282
0.00137388
0.00135763
0.00134392
0.00133147
0.00131972
0.00130823
0.00129641
0.00128229
0.00126552
0.0012456
0.00122377
0.0012015
0.00117789
0.00115415
0.00112837
0.00110262
0.00107653
0.00104891
0.00102014
0.000992499
0.000962934
0.000929075
0.000893871
0.000859335
0.000817711
0.000762691
0.000702738
0.000621188
0.000523699
0.000402212
0.000243896
8.33753e-05
-0.000100881
-0.000280057
-0.000463483
-0.000681947
-0.000898156
-0.00126774
-0.00174098
-0.0020566
-0.00235917
-0.00282829
-0.0032662
-0.00359646
-0.0038766
-0.00401974
-0.00398243
-0.00376369
-0.00339887
-0.00297535
-0.00253673
-0.0021448
-0.00182085
-0.00153796
-0.00133498
-0.00117458
-0.000997544
-0.000825191
-0.000620192
-0.000346161
-7.84762e-05
0.000146247
0.000391422
0.000681913
0.000989075
0.00129382
0.00159755
0.00190085
0.00220313
0.00250949
0.00281871
0.00313965
0.00346708
0.00381166
0.00416713
0.00454079
0.00493152
0.00533764
0.00576814
0.00621312
0.00668945
0.00718048
0.00769657
0.00828385
0.00255913
0.0024239
0.00186785
0.00130261
0.000905061
0.000720054
0.000728003
0.000857988
0.00103107
0.00119077
0.0013087
0.00137618
0.00139798
0.00138732
0.00136001
0.00132814
0.00129954
0.00127694
0.0012612
0.00125111
0.00124524
0.00124093
0.00123598
0.0012278
0.00121565
0.0011999
0.00118097
0.00116145
0.00114033
0.00111954
0.00109647
0.00107287
0.00104807
0.00102263
0.000994742
0.000966569
0.000936934
0.000902414
0.000864553
0.000824127
0.000781003
0.00072142
0.000658107
0.000574774
0.000474548
0.000359469
0.000206864
5.40665e-05
-0.000124878
-0.000304727
-0.000484603
-0.00071196
-0.00092988
-0.00126018
-0.0016991
-0.00201246
-0.00230075
-0.00273368
-0.00314178
-0.00344751
-0.0037091
-0.00385049
-0.00382751
-0.00363863
-0.00330781
-0.00291419
-0.0024996
-0.00212194
-0.00180511
-0.00152635
-0.00132179
-0.00115934
-0.000982413
-0.000808676
-0.000603512
-0.000333285
-6.88872e-05
0.000155545
0.00040045
0.000688848
0.000993123
0.00129563
0.00159839
0.00190143
0.00220336
0.00250905
0.00281804
0.0031387
0.00346623
0.00381122
0.00416696
0.0045408
0.00493154
0.00533765
0.00576813
0.00621309
0.00668939
0.00718039
0.00769651
0.00828437
0.00265136
0.00253803
0.00199546
0.00142106
0.000993381
0.00076139
0.000715799
0.000799317
0.00094159
0.00108704
0.00120376
0.00127858
0.001311
0.00130948
0.00128724
0.00125631
0.00122603
0.00120131
0.00118473
0.00117585
0.00117304
0.00117289
0.00117157
0.00116598
0.00115582
0.00114286
0.00112663
0.00110868
0.00108737
0.00106516
0.0010401
0.00101513
0.000988921
0.000962595
0.000933425
0.000902814
0.000871929
0.000836178
0.00079766
0.000753355
0.00070931
0.00064916
0.000585405
0.000504636
0.00040547
0.000299169
0.00015507
1.15484e-05
-0.000157628
-0.000335904
-0.000508634
-0.000736533
-0.000955988
-0.00125169
-0.00165619
-0.00196601
-0.00224212
-0.00264057
-0.00301928
-0.00330254
-0.00354506
-0.00368168
-0.00367033
-0.00351044
-0.00321478
-0.00285179
-0.0024622
-0.00210008
-0.00179087
-0.0015163
-0.00131025
-0.00114562
-0.000968628
-0.000793454
-0.000587944
-0.000321295
-5.99009e-05
0.000164416
0.00040901
0.000695282
0.000997039
0.00129757
0.00159872
0.00190052
0.00220217
0.00250851
0.0028179
0.00313914
0.00346683
0.00381156
0.00416704
0.00454077
0.0049315
0.00533763
0.00576811
0.00621305
0.00668933
0.00718031
0.00769647
0.00828491
0.00266628
0.00254608
0.00199184
0.00140046
0.000952595
0.000698801
0.000632173
0.00069845
0.000829431
0.000970037
0.00108771
0.00116818
0.00120925
0.00121715
0.00120316
0.00117831
0.00115155
0.00112826
0.00111153
0.00110191
0.00109823
0.00109767
0.00109675
0.00109371
0.00108689
0.00107724
0.00106412
0.00104944
0.001031
0.00101071
0.000987548
0.000964769
0.000941394
0.000917166
0.000890097
0.00085996
0.000829848
0.000794079
0.000756301
0.000709583
0.000663284
0.000602741
0.000535626
0.000456774
0.000355837
0.000252635
0.000115378
-2.4008e-05
-0.000184872
-0.000363179
-0.000531138
-0.000754848
-0.000976504
-0.00124291
-0.00161138
-0.00191487
-0.00217703
-0.00253965
-0.00289009
-0.00315254
-0.00337729
-0.00351028
-0.00351033
-0.0033758
-0.00311221
-0.00277951
-0.00241563
-0.00207009
-0.00176961
-0.00150012
-0.0012933
-0.00112689
-0.000950369
-0.000774326
-0.000568748
-0.000305931
-4.8067e-05
0.000175696
0.000419837
0.000703835
0.00100243
0.00130037
0.00160006
0.00190166
0.00220286
0.00250831
0.00281737
0.00313823
0.00346597
0.00381112
0.00416701
0.00454083
0.00493156
0.00533767
0.0057681
0.00621302
0.00668927
0.00718023
0.00769644
0.00828547
0.00264538
0.00252076
0.00196105
0.001364
0.000910451
0.00065107
0.000579372
0.00064142
0.000769171
0.000907574
0.00102396
0.00110393
0.00114505
0.00115337
0.00113986
0.00111546
0.00108883
0.00106527
0.00104752
0.00103652
0.00103146
0.00103049
0.0010306
0.00102977
0.00102535
0.00101825
0.00100756
0.000994997
0.000978527
0.000959508
0.000936901
0.00091347
0.000889185
0.000863287
0.000835274
0.000802855
0.000770946
0.000733096
0.000694081
0.000645932
0.000597216
0.000537422
0.000468872
0.000393622
0.000295147
0.000196609
6.83494e-05
-6.60609e-05
-0.000216333
-0.000391763
-0.000554401
-0.000767275
-0.000988354
-0.00123088
-0.00156426
-0.00185876
-0.00210905
-0.00243936
-0.00276276
-0.00300564
-0.00321253
-0.0033393
-0.0033476
-0.00323677
-0.00300627
-0.0027049
-0.00236716
-0.00203889
-0.00174803
-0.00148429
-0.00127717
-0.00110926
-0.000933405
-0.000756656
-0.000551126
-0.000292147
-3.75303e-05
0.000185845
0.000429292
0.000710812
0.00100667
0.00130254
0.00160069
0.00190068
0.00220152
0.00250763
0.00281718
0.00313866
0.00346657
0.00381144
0.00416699
0.00454077
0.00493149
0.00533763
0.00576806
0.00621298
0.0066892
0.00718015
0.00769642
0.00828604
0.00261416
0.00248766
0.00192528
0.00132559
0.000869497
0.000607511
0.000532884
0.000591638
0.000715895
0.000850956
0.000964411
0.00104207
0.0010814
0.00108833
0.00107355
0.00104812
0.0010207
0.000996691
0.000978562
0.000967231
0.000961791
0.000960947
0.000961636
0.000961842
0.000958816
0.000952866
0.00094306
0.000931169
0.000915761
0.000897438
0.000875836
0.00085276
0.000829094
0.000803217
0.00077619
0.000744488
0.000713465
0.00067653
0.000637941
0.000590945
0.00054089
0.000482758
0.000413174
0.000339949
0.000243895
0.000146467
2.57289e-05
-0.000105199
-0.000245945
-0.0004162
-0.000575745
-0.000776082
-0.000994712
-0.00121899
-0.00151758
-0.00179973
-0.00203801
-0.00233533
-0.0026315
-0.00285606
-0.00304625
-0.00316815
-0.00318488
-0.00309483
-0.00289319
-0.00262144
-0.00231048
-0.00200081
-0.00172057
-0.00146313
-0.00125612
-0.0010868
-0.000911852
-0.000734931
-0.0005296
-0.000274393
-2.33831e-05
0.000199195
0.000441957
0.000721043
0.00101359
0.00130663
0.00160306
0.00190261
0.00220283
0.00250789
0.00281686
0.00313791
0.00346579
0.00381105
0.00416703
0.00454091
0.00493161
0.0053377
0.00576807
0.00621294
0.00668914
0.00718009
0.00769642
0.00828663
0.00257487
0.00244698
0.00188316
0.00128194
0.000824171
0.00056027
0.000483372
0.00053956
0.000661095
0.000793569
0.000904721
0.000980486
0.00101822
0.00102381
0.00100786
0.000981554
0.000953546
0.000929385
0.000911333
0.000900161
0.000894767
0.000893938
0.00089479
0.000895448
0.000893139
0.000887733
0.000878735
0.000867382
0.000852966
0.000835778
0.000816052
0.000793917
0.000771128
0.000745693
0.000719555
0.000688267
0.000656567
0.000619622
0.000579997
0.000533372
0.000481862
0.000424607
0.000354895
0.000282989
0.000191122
9.58589e-05
-1.68587e-05
-0.000143655
-0.000275981
-0.000438922
-0.000595891
-0.000781538
-0.000992593
-0.00120211
-0.00146829
-0.0017345
-0.00196138
-0.0022292
-0.00250019
-0.00270842
-0.00288281
-0.00299781
-0.00301936
-0.00294785
-0.00277503
-0.00253335
-0.00224909
-0.00195837
-0.00168988
-0.00143998
-0.00123401
-0.00106383
-0.000890335
-0.000713799
-0.000509137
-0.000258021
-1.05714e-05
0.000211175
0.00045274
0.000728918
0.0010184
0.00130914
0.00160374
0.00190182
0.00220131
0.00250705
0.00281665
0.00313825
0.0034664
0.00381136
0.00416699
0.00454078
0.00493148
0.00533764
0.00576802
0.00621289
0.00668907
0.00718002
0.00769644
0.00828723
0.00253363
0.00240395
0.00183779
0.00123456
0.000775123
0.000509752
0.000431373
0.000486005
0.000605906
0.000736804
0.000846506
0.000921057
0.00095778
0.000962537
0.000945792
0.000918728
0.00089001
0.000865291
0.000846841
0.000835358
0.000829625
0.000828289
0.000828719
0.000829099
0.000827112
0.000822305
0.000814168
0.000803213
0.000789734
0.000773484
0.000754865
0.000733087
0.000710589
0.00068539
0.00065938
0.000628486
0.000596069
0.000559503
0.000519538
0.000474088
0.000422262
0.000366321
0.000298307
0.000227886
0.000141008
4.7634e-05
-5.809e-05
-0.000180348
-0.000306
-0.000458394
-0.000611748
-0.000783715
-0.000984068
-0.00118197
-0.00141925
-0.00166741
-0.00188286
-0.00212323
-0.0023688
-0.00256058
-0.00271948
-0.00282815
-0.00285568
-0.0028003
-0.00265251
-0.00243859
-0.00218113
-0.00191045
-0.00165479
-0.00141292
-0.00120824
-0.00103715
-0.000865105
-0.000689378
-0.000485481
-0.000238067
5.85077e-06
0.000226569
0.000467152
0.000740768
0.00102692
0.00131472
0.00160744
0.00190456
0.00220355
0.00250794
0.00281668
0.0031378
0.00346579
0.0038112
0.00416714
0.00454105
0.0049317
0.00533775
0.00576805
0.00621286
0.006689
0.00717997
0.00769649
0.00828784
0.00248742
0.00235704
0.00178946
0.00118465
0.000723777
0.000457199
0.00037779
0.000431462
0.000550354
0.000680204
0.000788876
0.000862531
0.000898504
0.000902595
0.000885123
0.000857198
0.000827527
0.000801876
0.000782701
0.000770652
0.000764519
0.000762726
0.000762926
0.000763242
0.000761726
0.000757314
0.00074965
0.00073895
0.000725966
0.000709979
0.000691713
0.000670331
0.000648051
0.000623302
0.000597403
0.00056754
0.000535061
0.000499214
0.000459433
0.000415176
0.000364056
0.000309473
0.000243891
0.000174437
9.22283e-05
1.47228e-06
-9.79343e-05
-0.000213811
-0.000333597
-0.0004752
-0.000624073
-0.000783874
-0.000970205
-0.00115724
-0.00136915
-0.00159673
-0.0017998
-0.00201534
-0.00223655
-0.0024138
-0.00255967
-0.0026611
-0.00269125
-0.00264916
-0.00252491
-0.00233825
-0.00210717
-0.00185652
-0.00161436
-0.0013819
-0.00117947
-0.00100778
-0.000837749
-0.000663784
-0.000461422
-0.000218278
2.18014e-05
0.000241106
0.000479873
0.000750081
0.00103274
0.00131785
0.00160839
0.00190386
0.00220202
0.00250689
0.00281632
0.00313788
0.00346621
0.00381127
0.004167
0.00454083
0.00493149
0.00533766
0.00576799
0.00621281
0.00668893
0.00717993
0.00769655
0.00828847
0.00243945
0.00230836
0.0017393
0.00113293
0.000670712
0.000403129
0.000323028
0.000376183
0.000494563
0.000623825
0.000731826
0.000804768
0.000840039
0.000843423
0.000825222
0.000796481
0.000765973
0.000739492
0.00071966
0.000707081
0.000700621
0.000698501
0.000698485
0.000698525
0.000696898
0.000692397
0.000684876
0.000674231
0.000661186
0.00064526
0.000627306
0.000606661
0.00058474
0.000560667
0.000535041
0.000506239
0.000474208
0.000439116
0.000399994
0.000356944
0.000307084
0.000253569
0.000190706
0.000122902
4.54176e-05
-4.16473e-05
-0.000135426
-0.000244434
-0.000359142
-0.000489701
-0.000631184
-0.000780043
-0.000951402
-0.00112715
-0.00131708
-0.00152383
-0.00171391
-0.00190775
-0.0021062
-0.00226856
-0.00240088
-0.00249488
-0.00252826
-0.00249831
-0.00239437
-0.00223241
-0.00202677
-0.00179665
-0.00156898
-0.00134695
-0.00114766
-0.000975601
-0.000807576
-0.00063593
-0.000435519
-0.000196165
4.05221e-05
0.000258507
0.000495869
0.00076338
0.00104282
0.00132505
0.00161359
0.00190789
0.00220508
0.00250864
0.00281699
0.00313791
0.00346608
0.00381145
0.00416738
0.00454128
0.00493184
0.00533785
0.00576806
0.00621279
0.00668888
0.0071799
0.00769663
0.0082891
0.002389
0.00225745
0.00168724
0.00107961
0.000616264
0.000347811
0.000267131
0.000319911
0.000437968
0.000566837
0.000674321
0.000746629
0.000781214
0.000783905
0.000765057
0.000735679
0.000704562
0.000677446
0.000657048
0.00064393
0.000637045
0.000634469
0.000634048
0.000633687
0.000631873
0.000627372
0.000619943
0.000609359
0.000596345
0.000580808
0.000563334
0.000543486
0.000521961
0.00049851
0.000473201
0.00044529
0.000413997
0.000379693
0.000341454
0.000299561
0.000251596
0.000199547
0.000139928
7.43638e-05
1.23155e-06
-8.15364e-05
-0.000170607
-0.00027186
-0.000380476
-0.000500924
-0.000633709
-0.000772886
-0.000928808
-0.00109215
-0.00126389
-0.00144988
-0.00162555
-0.00179981
-0.00197631
-0.00212439
-0.00224564
-0.00233286
-0.0023671
-0.00234618
-0.00226041
-0.00212158
-0.00194048
-0.00173065
-0.0015178
-0.00130745
-0.00111252
-0.000940185
-0.000774167
-0.000605489
-0.0004077
-0.000172573
6.03073e-05
0.000276338
0.00051122
0.00077481
0.00105025
0.00132923
0.0016151
0.00190739
0.00220367
0.00250747
0.00281642
0.00313788
0.00346614
0.00381134
0.00416708
0.00454093
0.00493154
0.0053377
0.00576796
0.00621272
0.00668882
0.00717987
0.00769674
0.00828974
0.00233659
0.00220486
0.00163391
0.00102531
0.000561014
0.000291727
0.000210434
0.00026281
0.000380587
0.000509184
0.000616342
0.000688229
0.000722326
0.000724492
0.000705134
0.000675254
0.000643657
0.00061605
0.000595177
0.000581592
0.00057428
0.000571311
0.000570551
0.000569938
0.000567961
0.000563424
0.000555994
0.000545553
0.000532678
0.000517462
0.000500273
0.000480931
0.000459784
0.000436825
0.000412017
0.000384869
0.00035464
0.000321328
0.00028436
0.00024394
0.00019818
0.000147944
9.13565e-05
2.86687e-05
-4.04147e-05
-0.000118181
-0.000201958
-0.000295691
-0.000398003
-0.000509279
-0.000632108
-0.000761191
-0.000902865
-0.00105318
-0.00120832
-0.00137456
-0.00153512
-0.00169177
-0.00184881
-0.00198342
-0.00209317
-0.00217259
-0.00220759
-0.00219468
-0.00212474
-0.00200664
-0.00184817
-0.00165851
-0.001461
-0.00126308
-0.00107397
-0.000901827
-0.000737426
-0.000572278
-0.000378267
-0.000147583
8.17986e-05
0.000295975
0.000528737
0.000789367
0.00106175
0.00133808
0.00162196
0.00191293
0.00220795
0.00251032
0.002818
0.00313864
0.00346667
0.00381196
0.00416779
0.00454163
0.00493207
0.005338
0.0057681
0.00621273
0.00668879
0.00717987
0.00769688
0.00829038
0.002283
0.00215107
0.00157949
0.000970118
0.000505038
0.000235044
0.000153195
0.000205191
0.000322724
0.000451145
0.00055813
0.000629788
0.000663582
0.000665358
0.000645573
0.000615242
0.000583218
0.000555201
0.000533958
0.00052002
0.000512387
0.000509107
0.000508054
0.000507196
0.000505046
0.00050049
0.00049313
0.000482851
0.00047007
0.000455027
0.000438073
0.000419205
0.000398607
0.000376314
0.000352248
0.000326048
0.000297056
0.000265021
0.000229579
0.000190732
0.000147233
9.91928e-05
4.58564e-05
-1.33377e-05
-7.82685e-05
-0.000150644
-0.000229579
-0.000316203
-0.000411181
-0.000513678
-0.0006263
-0.000745486
-0.000873756
-0.00101018
-0.00115035
-0.00129862
-0.00144368
-0.00158468
-0.00172341
-0.00184424
-0.0019439
-0.00201652
-0.00205148
-0.00204405
-0.00198748
-0.00188821
-0.00175048
-0.00158057
-0.00139836
-0.00121328
-0.00103171
-0.000860471
-0.000697257
-0.000536069
-0.000346813
-0.000120787
0.000105315
0.00031745
0.000547254
0.000803587
0.00107149
0.00134387
0.00162441
0.00191291
0.00220672
0.00250903
0.00281715
0.00313829
0.00346639
0.00381159
0.00416726
0.00454111
0.00493164
0.00533777
0.00576797
0.00621265
0.00668874
0.00717988
0.00769703
0.00829103
0.00222892
0.0020967
0.00152454
0.00091452
0.000448844
0.000178319
9.60422e-05
0.000147726
0.000265055
0.000393334
0.000500202
0.000571717
0.000605308
0.000606799
0.000586668
0.000555958
0.000523566
0.000495211
0.000473678
0.000459492
0.000451638
0.000448147
0.000446885
0.00044585
0.000443588
0.000439035
0.00043176
0.000421635
0.000409016
0.000394213
0.00037761
0.000359275
0.000339357
0.000317817
0.000294621
0.000269436
0.000241746
0.00021124
0.000177457
0.000140439
9.93141e-05
5.39918e-05
3.86534e-06
-5.16122e-05
-0.000112472
-0.000179626
-0.000252986
-0.000332613
-0.000420077
-0.000514123
-0.000616662
-0.000725447
-0.000841129
-0.00096436
-0.0010902
-0.00122217
-0.00135203
-0.00147788
-0.00160031
-0.00170858
-0.00179879
-0.00186377
-0.00189793
-0.00189515
-0.00184969
-0.0017673
-0.00164794
-0.00149677
-0.00133034
-0.00115784
-0.000985136
-0.000816444
-0.000653988
-0.00049647
-0.000313047
-9.22553e-05
0.000130565
0.000340199
0.000566759
0.000819413
0.00108431
0.00135437
0.00163306
0.00192014
0.00221253
0.00251327
0.00281993
0.00314005
0.00346771
0.00381281
0.00416842
0.00454213
0.0049324
0.00533822
0.0057682
0.00621269
0.00668875
0.00717991
0.00769722
0.00829168
0.00217481
0.00204224
0.00146942
0.000858761
0.000392552
0.000121609
3.90298e-05
9.04987e-05
0.000207678
0.00033584
0.000442611
0.000514022
0.000547488
0.000548807
0.000528462
0.000497498
0.000464847
0.000436246
0.000414513
0.000400178
0.000392222
0.000388651
0.000387314
0.000386213
0.000383914
0.000379413
0.000372282
0.000362415
0.000350098
0.000335667
0.000319483
0.000301735
0.000282505
0.000261832
0.000239575
0.000215569
0.000189282
0.000160454
0.000128548
9.36265e-05
5.50359e-05
1.25762e-05
-3.42573e-05
-8.57866e-05
-0.000142285
-0.000204107
-0.000271801
-0.000344943
-0.000424653
-0.000510452
-0.000603095
-0.000701831
-0.00080572
-0.00091596
-0.0010284
-0.00114534
-0.00126063
-0.00137252
-0.0014807
-0.0015763
-0.0016573
-0.0017155
-0.00174809
-0.00174872
-0.001712
-0.00164444
-0.00154136
-0.00140759
-0.00125704
-0.00109667
-0.000933843
-0.000769518
-0.000607601
-0.000453226
-0.000276517
-6.18149e-05
0.000157736
0.000365212
0.000588485
0.000836591
0.00109693
0.00136233
0.00163689
0.00192093
0.00221165
0.00251195
0.00281883
0.00313931
0.00346706
0.00381211
0.00416764
0.00454142
0.00493183
0.00533789
0.00576803
0.00621259
0.00668871
0.00717995
0.00769742
0.00829233
0.00212117
0.00198821
0.00141468
0.000803344
0.000336622
6.53361e-05
-1.74368e-05
3.39306e-05
0.000151055
0.000279172
0.000385902
0.000457268
0.000490683
0.000491928
0.000471483
0.00044039
0.000407595
0.000378857
0.000357017
0.000342629
0.000334674
0.000331154
0.000329881
0.000328862
0.000326654
0.000322316
0.000315429
0.000305926
0.000294026
0.000280089
0.000264438
0.00024737
0.000228931
0.000209238
0.00018805
0.000165335
0.000140523
0.000113491
8.36244e-05
5.09793e-05
1.50226e-05
-2.43994e-05
-6.77373e-05
-0.000115266
-0.000167272
-0.000224028
-0.000285774
-0.00035253
-0.000424684
-0.000502468
-0.000585698
-0.000674461
-0.000767167
-0.000865194
-0.000965052
-0.00106795
-0.00117024
-0.00126872
-0.00136375
-0.00144802
-0.00152034
-0.00157229
-0.00160215
-0.00160546
-0.00157577
-0.00152064
-0.00143185
-0.00131355
-0.00117902
-0.00103072
-0.000877525
-0.000719883
-0.000559088
-0.000406726
-0.000237421
-2.98848e-05
0.000186564
0.000391784
0.00061077
0.000854423
0.00111128
0.00137461
0.00164751
0.00193005
0.00221923
0.00251784
0.00282308
0.00314233
0.00346938
0.00381408
0.00416936
0.00454284
0.00493289
0.00533852
0.00576838
0.00621271
0.00668877
0.00718004
0.00769767
0.00829298
0.00206766
0.00193449
0.00136038
0.000748437
0.00028124
9.64512e-06
-7.32753e-05
-2.19445e-05
9.5196e-05
0.000223339
0.000330084
0.000401448
0.000434844
0.000436054
0.000415559
0.000384405
0.000351543
0.000322749
0.000300876
0.000286504
0.000278617
0.000275226
0.000274116
0.000273298
0.000271311
0.000267257
0.000260715
0.00025167
0.000240301
0.000227007
0.000212062
0.000195832
0.000178331
0.000159736
0.000139772
0.000118469
9.53001e-05
7.01734e-05
4.24945e-05
1.22497e-05
-2.09388e-05
-5.72514e-05
-9.69887e-05
-0.000140524
-0.000187891
-0.000239552
-0.00029538
-0.00035592
-0.000420684
-0.000490534
-0.000564739
-0.000643812
-0.000726327
-0.000812607
-0.000901024
-0.000990806
-0.00108056
-0.00116654
-0.00124955
-0.00132354
-0.00138677
-0.00143312
-0.0014599
-0.00146481
-0.00144126
-0.001396
-0.00131972
-0.00121498
-0.00109575
-0.000959377
-0.000815368
-0.000666191
-0.000507862
-0.000356466
-0.000194361
4.90651e-06
0.000217499
0.000420498
0.000635614
0.00087447
0.00112675
0.00138502
0.00165309
0.00193199
0.00221899
0.0025167
0.00282182
0.00314124
0.00346834
0.00381305
0.0041683
0.00454192
0.00493217
0.0053381
0.00576816
0.00621258
0.00668874
0.00718011
0.00769791
0.00829362
0.00201683
0.00188374
0.00130923
0.000696783
0.000229142
-4.27513e-05
-0.000125796
-7.44483e-05
4.27884e-05
0.000171055
0.000277913
0.000349372
0.000382833
0.000384087
0.000363615
0.00033248
0.000299631
0.000270862
0.00024903
0.000234739
0.000226975
0.000223767
0.000222883
0.000222336
0.000220646
0.000216936
0.000210794
0.000202237
0.00019145
0.000178831
0.000164657
0.000149302
0.000132807
0.000115326
9.6633e-05
7.67315e-05
5.5201e-05
3.18928e-05
6.35066e-06
-2.15522e-05
-5.2035e-05
-8.53206e-05
-0.000121547
-0.000161166
-0.000204041
-0.000250795
-0.000300979
-0.000355356
-0.000413233
-0.000475476
-0.000541403
-0.000611281
-0.000684257
-0.000759719
-0.000837425
-0.000915212
-0.000993618
-0.00106853
-0.00114026
-0.00120502
-0.00125963
-0.00130068
-0.0013239
-0.0013292
-0.0013108
-0.00127269
-0.00120733
-0.00111455
-0.00100907
-0.000885033
-0.000749294
-0.000609204
-0.000455834
-0.000304384
-0.000148274
4.12328e-05
0.000249563
0.000450943
0.000661714
0.000895152
0.00114351
0.00139961
0.00166596
0.00194321
0.00222852
0.00252442
0.00282775
0.00314572
0.00347184
0.00381592
0.00417069
0.00454381
0.00493356
0.00533895
0.00576866
0.00621279
0.00668888
0.00718027
0.00769821
0.00829427
0.00195917
0.00182649
0.00125213
0.000639722
0.000172118
-9.97027e-05
-0.000182602
-0.000131006
-1.34268e-05
0.000115255
0.000222578
0.000294541
0.000328536
0.000330348
0.000310445
0.000279893
0.000247636
0.00021948
0.000198288
0.000184677
0.000177631
0.000175181
0.000175082
0.000175346
0.000174482
0.000171614
0.000166338
0.000158673
0.00014883
0.000137199
0.000124086
0.00010984
9.45646e-05
7.83716e-05
6.11176e-05
4.27615e-05
2.30021e-05
1.64674e-06
-2.16514e-05
-4.70935e-05
-7.48299e-05
-0.000105092
-0.000137918
-0.000173722
-0.000212345
-0.000254337
-0.000299251
-0.000347777
-0.000399303
-0.000454411
-0.000512654
-0.000573935
-0.000638082
-0.000703709
-0.000771441
-0.000838671
-0.000906356
-0.000971271
-0.00103272
-0.00108906
-0.00113555
-0.00117116
-0.00119121
-0.00119592
-0.00118192
-0.00114918
-0.00109296
-0.00101136
-0.000917487
-0.000805637
-0.000678258
-0.000546698
-0.000400516
-0.000250181
-9.84869e-05
8.12411e-05
0.00028353
0.000482622
0.000689486
0.000917538
0.00116103
0.00141213
0.00167344
0.0019466
0.00222923
0.00252374
0.00282653
0.00314442
0.0034705
0.00381458
0.00416939
0.0045427
0.00493272
0.00533843
0.0057684
0.00621266
0.00668886
0.00718038
0.00769849
0.00829488
0.00190373
0.00177039
0.00119513
0.000581922
0.00011373
-0.000158437
-0.00024145
-0.000189791
-7.20477e-05
5.68517e-05
0.00016441
0.000236608
0.000270819
0.000272832
0.000253128
0.000222795
0.000190799
0.000162966
0.000142163
0.000129011
0.000122494
0.000120638
0.000121206
0.000122203
0.000122153
0.000120158
0.000115828
0.000109168
0.000100424
8.99718e-05
7.81698e-05
6.53111e-05
5.15543e-05
3.69846e-05
2.15356e-05
5.09813e-06
-1.25433e-05
-3.15964e-05
-5.23311e-05
-7.49581e-05
-9.96437e-05
-0.000126555
-0.000155744
-0.000187464
-0.000221671
-0.000258705
-0.00029832
-0.000340911
-0.000386144
-0.000434278
-0.000485078
-0.000538264
-0.000593856
-0.000650475
-0.000708725
-0.000766405
-0.00082416
-0.000879971
-0.000932226
-0.000980362
-0.00101955
-0.00104957
-0.00106645
-0.00107004
-0.0010588
-0.0010297
-0.000980602
-0.000908903
-0.000824439
-0.000723904
-0.000605015
-0.000480616
-0.000342718
-0.00019456
-4.53124e-05
0.000124778
0.000319902
0.00051717
0.000720289
0.00094239
0.00118137
0.00142978
0.00168895
0.00196011
0.00224081
0.00253335
0.00283421
0.00315043
0.00347526
0.00381842
0.00417249
0.0045451
0.00493447
0.00533953
0.00576906
0.00621298
0.00668908
0.00718061
0.00769884
0.00829551
0.00187161
0.00174012
0.00116654
0.000554653
8.74945e-05
-0.000183873
-0.000266238
-0.000213982
-9.56342e-05
3.38866e-05
0.000142069
0.000214872
0.000249653
0.000252182
0.000232935
0.00020301
0.00017138
0.000143879
0.00012338
0.000110504
0.000104227
0.000102575
0.000103303
0.000104415
0.000104432
0.000102465
9.8144e-05
9.14936e-05
8.27958e-05
7.24456e-05
6.08324e-05
4.82551e-05
3.49138e-05
2.08757e-05
6.11998e-06
-9.49114e-06
-2.61092e-05
-4.39701e-05
-6.32501e-05
-8.41908e-05
-0.000106905
-0.000131562
-0.000158177
-0.000186914
-0.000217779
-0.00025092
-0.000286303
-0.000323991
-0.000363992
-0.000406179
-0.000450616
-0.000496802
-0.000544822
-0.000593663
-0.000643411
-0.000692958
-0.000741933
-0.000789595
-0.000833817
-0.000874194
-0.000907108
-0.000931785
-0.000946038
-0.000948724
-0.000939121
-0.000913214
-0.000869749
-0.000807125
-0.000730736
-0.000639995
-0.000530394
-0.000412634
-0.000283192
-0.00013994
7.15253e-06
0.000169231
0.000355987
0.000550013
0.000749879
0.000966549
0.00120031
0.00144397
0.00169829
0.00196519
0.00224283
0.00253352
0.00283339
0.00314919
0.00347383
0.00381694
0.00417107
0.00454388
0.00493356
0.00533895
0.00576878
0.00621287
0.00668909
0.00718076
0.00769915
0.0082961
0.00171181
0.00158049
0.00100802
0.000399272
-6.27422e-05
-0.000327162
-0.000401265
-0.000340358
-0.000213841
-7.71433e-05
3.70449e-05
0.000114685
0.000153285
0.000158967
0.000142617
0.000115665
8.72792e-05
6.33561e-05
4.6734e-05
3.79509e-05
3.58515e-05
3.83208e-05
4.29845e-05
4.77571e-05
5.11119e-05
5.21615e-05
5.05654e-05
4.64076e-05
4.00382e-05
3.191e-05
2.2471e-05
1.2062e-05
9.23911e-07
-1.0868e-05
-2.33115e-05
-3.65462e-05
-5.06697e-05
-6.5895e-05
-8.23777e-05
-0.000100353
-0.000119933
-0.000141255
-0.000164362
-0.000189308
-0.000216149
-0.000244879
-0.000275588
-0.000308187
-0.000342771
-0.000379122
-0.000417253
-0.000456779
-0.000497556
-0.00053905
-0.000580877
-0.000622574
-0.000663491
-0.00070325
-0.00074012
-0.000773256
-0.000800231
-0.000819859
-0.000830869
-0.000831879
-0.000822349
-0.000798386
-0.000758871
-0.000703267
-0.000633579
-0.000550743
-0.000450054
-0.000338544
-0.000216668
-7.96798e-05
6.50834e-05
0.000220775
0.000398807
0.000588592
0.000785197
0.000996214
0.0012247
0.00146493
0.00171658
0.001981
0.00225637
0.00254489
0.00284268
0.00315664
0.00347977
0.0038217
0.00417484
0.00454676
0.00493564
0.00534028
0.00576959
0.0062133
0.00668938
0.00718106
0.00769954
0.0082967
0.00182403
0.00169629
0.00112663
0.000518125
5.30548e-05
-0.000218028
-0.000302097
-0.000253073
-0.000138621
-1.28263e-05
9.24064e-05
0.000163416
0.000197738
0.000201087
0.000183591
0.000155843
0.000126313
0.000100423
8.08343e-05
6.8122e-05
6.13743e-05
5.88284e-05
5.84997e-05
5.86277e-05
5.79223e-05
5.56045e-05
5.13555e-05
4.51916e-05
3.73495e-05
2.8154e-05
1.79426e-05
6.98923e-06
-4.52903e-06
-1.65514e-05
-2.91207e-05
-4.23388e-05
-5.63818e-05
-7.13881e-05
-8.74978e-05
-0.000104782
-0.000123328
-0.000143185
-0.000164429
-0.00018709
-0.000211183
-0.000236754
-0.000263773
-0.000292316
-0.000322296
-0.000353709
-0.000386407
-0.00042015
-0.000454845
-0.000489906
-0.000525244
-0.000560119
-0.000594159
-0.000626991
-0.000657019
-0.000684128
-0.000705746
-0.000720975
-0.000729098
-0.000727459
-0.000717534
-0.000695859
-0.00065889
-0.000608763
-0.000545529
-0.000468816
-0.000376224
-0.000271207
-0.000155481
-2.5273e-05
0.000115993
0.000267074
0.000437229
0.000621722
0.00081528
0.00102172
0.00124492
0.00148051
0.00172772
0.001988
0.00226008
0.00254637
0.00284275
0.00315591
0.00347861
0.00382035
0.0041735
0.00454558
0.00493477
0.00533974
0.00576935
0.00621324
0.00668944
0.00718125
0.00769988
0.00829725
-0.00136286
-0.00124264
-0.000682111
-8.42075e-05
0.000369407
0.000628678
0.000700982
0.000640584
0.000515264
0.000379004
0.00026351
0.000182241
0.000137411
0.000122986
0.000128656
0.000143815
0.00016013
0.000172367
0.000178011
0.00017657
0.000168996
0.000157016
0.000142537
0.0001272
0.000112173
9.81183e-05
8.52634e-05
7.35123e-05
6.25544e-05
5.19968e-05
4.14172e-05
3.04708e-05
1.88747e-05
6.4955e-06
-6.75141e-06
-2.08174e-05
-3.56902e-05
-5.13044e-05
-6.77036e-05
-8.48872e-05
-0.000102899
-0.000121786
-0.000141574
-0.000162381
-0.000184184
-0.000207165
-0.000231196
-0.000256412
-0.00028264
-0.00030993
-0.000338211
-0.000367208
-0.000396983
-0.000426852
-0.000456889
-0.000486229
-0.000514463
-0.000541355
-0.000565529
-0.000587288
-0.00060441
-0.000615905
-0.000621219
-0.000617521
-0.000606597
-0.000586275
-0.000551836
-0.000505552
-0.000447615
-0.000376512
-0.000290925
-0.000192508
-8.27229e-05
4.0583e-05
0.000176857
0.000323372
0.000486173
0.000664275
0.000853745
0.00105527
0.00127297
0.00150433
0.0017483
0.00200567
0.00227512
0.00255901
0.0028532
0.00316439
0.00348543
0.00382578
0.00417776
0.0045488
0.00493708
0.00534123
0.00577026
0.00621376
0.00668978
0.0071816
0.00770029
0.00829781
0.00180504
0.00167745
0.00110758
0.000498505
3.25195e-05
-0.000239843
-0.000325397
-0.000277831
-0.000164645
-3.98599e-05
6.45996e-05
0.000135033
0.000168988
0.000172176
0.000154658
0.000126928
9.73346e-05
7.11991e-05
5.11493e-05
3.77907e-05
3.02849e-05
2.69742e-05
2.59787e-05
2.56249e-05
2.46827e-05
2.23884e-05
1.84232e-05
1.27638e-05
5.63135e-06
-2.69789e-06
-1.18733e-05
-2.1645e-05
-3.17752e-05
-4.22053e-05
-5.29051e-05
-6.39881e-05
-7.55444e-05
-8.76946e-05
-0.000100536
-0.000114117
-0.000128566
-0.000143842
-0.000160135
-0.000177296
-0.000195493
-0.00021454
-0.000234566
-0.000255504
-0.000277279
-0.000299987
-0.000323169
-0.000347111
-0.000371119
-0.00039533
-0.000419246
-0.000442398
-0.000464973
-0.000485702
-0.000504741
-0.000520758
-0.000532509
-0.000539973
-0.000541107
-0.000535872
-0.000523581
-0.000501099
-0.000468352
-0.000425682
-0.000370312
-0.000302687
-0.000222861
-0.000129852
-2.44223e-05
9.34385e-05
0.000224959
0.000367891
0.00052537
0.000697888
0.0008836
0.00108138
0.00129445
0.00152135
0.00176128
0.00201484
0.00228098
0.00256236
0.00285475
0.00316474
0.00348503
0.00382497
0.00417682
0.00454792
0.00493644
0.00534086
0.00577016
0.00621382
0.00668993
0.00718185
0.00770065
0.00829831
-0.0015279
-0.00140269
-0.000835375
-0.000229238
0.000233286
0.000501573
0.000582431
0.00052966
0.000410907
0.000280314
0.000169859
9.32571e-05
5.29422e-05
4.3221e-05
5.398e-05
7.46338e-05
9.67123e-05
0.000114801
0.000126217
0.000130327
0.000127962
0.000120783
0.000110682
9.93302e-05
8.79559e-05
7.7287e-05
6.76269e-05
5.89287e-05
5.09441e-05
4.32917e-05
3.56017e-05
2.75162e-05
1.88007e-05
9.28069e-06
-1.08596e-06
-1.23007e-05
-2.42934e-05
-3.70082e-05
-5.04124e-05
-6.4468e-05
-7.91879e-05
-9.45073e-05
-0.000110501
-0.000127087
-0.000144385
-0.00016232
-0.000180956
-0.000200212
-0.000220001
-0.000240348
-0.000260987
-0.00028203
-0.000303036
-0.000324037
-0.000344705
-0.000364659
-0.000383732
-0.000400923
-0.000416072
-0.000428228
-0.000436685
-0.000441469
-0.000441068
-0.000434908
-0.000421616
-0.000399009
-0.000367786
-0.000328117
-0.000276642
-0.00021302
-0.000138084
-5.10448e-05
4.88122e-05
0.000161011
0.000286706
0.000424567
0.000576387
0.000742625
0.000923111
0.00111618
0.00132421
0.00154652
0.00178273
0.00203309
0.00229638
0.00257525
0.00286543
0.00317347
0.00349206
0.00383055
0.00418117
0.00455117
0.00493875
0.00534235
0.00577105
0.00621434
0.00669028
0.00718219
0.00770105
0.0082988
0.00177947
0.00165059
0.00107918
0.000468887
2.31822e-06
-0.000269821
-0.000354365
-0.000305256
-0.000190333
-6.38979e-05
4.19642e-05
0.00011347
0.000148139
0.000151648
0.000134145
0.000106281
7.6594e-05
5.05529e-05
3.08442e-05
1.80767e-05
1.1375e-05
9.01732e-06
9.04957e-06
9.7378e-06
9.79738e-06
8.45015e-06
5.35819e-06
5.3373e-07
-5.79167e-06
-1.32651e-05
-2.15306e-05
-3.02692e-05
-3.92667e-05
-4.83958e-05
-5.76439e-05
-6.70633e-05
-7.67599e-05
-8.68296e-05
-9.73453e-05
-0.000108371
-0.000119949
-0.000132134
-0.000144908
-0.000158313
-0.000172262
-0.000186761
-0.000201724
-0.000217159
-0.000233011
-0.000249169
-0.000265592
-0.000282021
-0.000298458
-0.000314498
-0.000329973
-0.000344556
-0.000357852
-0.00036986
-0.000379774
-0.000387482
-0.000392016
-0.000392127
-0.000387623
-0.000377146
-0.000360713
-0.000338365
-0.000306689
-0.000265057
-0.00021444
-0.000153526
-8.07886e-05
3.59446e-06
0.000100262
0.000209011
0.000331027
0.000465631
0.000613924
0.000776
0.000952807
0.00114255
0.0013468
0.00156523
0.00179785
0.00204478
0.00230491
0.0025811
0.00286914
0.00317557
0.00349304
0.00383083
0.00418106
0.00455094
0.00493859
0.00534236
0.00577123
0.0062146
0.00669057
0.0071825
0.00770142
0.00829924
-0.00156057
-0.0014335
-0.000864086
-0.000256057
0.000207872
0.000476929
0.000557926
0.000504871
0.000385708
0.000254831
0.000144385
6.8181e-05
2.87103e-05
2.02634e-05
3.26253e-05
5.50513e-05
7.89111e-05
9.86471e-05
0.00011152
0.000116881
0.000115598
0.000109388
0.000100222
8.98369e-05
7.95265e-05
7.00485e-05
6.17239e-05
5.44976e-05
4.81041e-05
4.21416e-05
3.62063e-05
2.99387e-05
2.30716e-05
1.5465e-05
7.04321e-06
-2.12647e-06
-1.20226e-05
-2.25025e-05
-3.35893e-05
-4.51463e-05
-5.72209e-05
-6.96901e-05
-8.26016e-05
-9.59094e-05
-0.000109594
-0.000123746
-0.000138151
-0.000153002
-0.000167893
-0.000183094
-0.000198217
-0.000213289
-0.000228242
-0.000242534
-0.000256655
-0.00026951
-0.000281455
-0.000291679
-0.000299351
-0.000305094
-0.000306864
-0.000305721
-0.000300849
-0.000289931
-0.000274403
-0.000250989
-0.000218369
-0.000180639
-0.00013387
-7.43872e-05
-4.9747e-06
7.41809e-05
0.000166195
0.000270464
0.000387412
0.000516992
0.000660497
0.00081753
0.000989254
0.00117438
0.00137431
0.00158853
0.00181739
0.00206113
0.00231853
0.00259241
0.0028785
0.00318322
0.00349919
0.00383566
0.00418479
0.00455369
0.00494051
0.00534355
0.00577191
0.00621501
0.00669086
0.00718279
0.00770175
0.00829964
0.0017821
0.00165214
0.00107952
0.000468221
1.08918e-06
-0.000271045
-0.000355009
-0.000304918
-0.000188868
-6.13884e-05
4.52815e-05
0.00011727
0.000152038
0.000155291
0.000137274
0.000108781
7.84884e-05
5.19874e-05
3.20384e-05
1.92838e-05
1.28222e-05
1.08756e-05
1.14072e-05
1.26227e-05
1.31846e-05
1.22856e-05
9.55194e-06
5.00241e-06
-1.10523e-06
-8.36659e-06
-1.63788e-05
-2.47985e-05
-3.33973e-05
-4.20534e-05
-5.07086e-05
-5.94291e-05
-6.82638e-05
-7.73507e-05
-8.66905e-05
-9.64057e-05
-0.000106458
-0.000116934
-0.000127763
-0.000138953
-0.000150452
-0.000162132
-0.000174062
-0.000186002
-0.000198133
-0.000210096
-0.000222006
-0.000233599
-0.000244668
-0.000255269
-0.000264657
-0.000273191
-0.00028011
-0.000285497
-0.000289272
-0.00029027
-0.000288981
-0.000283579
-0.000273376
-0.00025901
-0.000238332
-0.000212616
-0.000181221
-0.000139558
-8.85524e-05
-3.06231e-05
3.74683e-05
0.000117394
0.000208706
0.000311053
0.000426142
0.000553802
0.000695208
0.00084989
0.00101895
0.0012012
0.00139811
0.00160937
0.0018352
0.00207587
0.00233029
0.00260136
0.00288495
0.00318765
0.00350213
0.00383755
0.00418597
0.00455447
0.00494111
0.00534414
0.00577246
0.00621548
0.00669125
0.00718314
0.0077021
0.00829997
-0.00146773
-0.0013408
-0.000771961
-0.000165257
0.000296537
0.000562632
0.00063999
0.000582979
0.000459918
0.000325451
0.000211834
0.000132906
9.11523e-05
8.07567e-05
9.13299e-05
0.000111952
0.000133843
0.00015135
0.000161684
0.000164211
0.000159869
0.000150501
0.000138184
0.000124731
0.000111496
9.92956e-05
8.84909e-05
7.90245e-05
7.05911e-05
6.27315e-05
5.50136e-05
4.70513e-05
3.86289e-05
2.96005e-05
1.99395e-05
9.68508e-06
-1.06666e-06
-1.22112e-05
-2.36848e-05
-3.53617e-05
-4.72508e-05
-5.9234e-05
-7.13672e-05
-8.35324e-05
-9.58294e-05
-0.00010816
-0.000120523
-0.000132873
-0.000145023
-0.000157088
-0.000168709
-0.00018009
-0.000190818
-0.000200941
-0.000210315
-0.000218408
-0.000225339
-0.000230016
-0.000232642
-0.000232697
-0.000229651
-0.000224302
-0.000214628
-0.000200297
-0.000180411
-0.000152972
-0.000120711
-8.28363e-05
-3.40284e-05
2.41383e-05
9.01512e-05
0.000166522
0.000254788
0.000353993
0.000465616
0.00058989
0.000727777
0.000878521
0.00104365
0.00122261
0.00141669
0.00162501
0.00184809
0.00208649
0.00233903
0.00260852
0.00289081
0.00319239
0.00350585
0.00384038
0.0041881
0.00455599
0.00494215
0.00534478
0.00577285
0.00621573
0.00669145
0.00718333
0.00770233
0.00830024
0.00188689
0.00175415
0.0011783
0.000563413
9.26364e-05
-0.000182927
-0.0002699
-0.00022234
-0.000108463
1.6998e-05
0.000121596
0.000191298
0.000223431
0.000223636
0.000202198
0.000170024
0.000135949
0.000105725
8.22097e-05
6.61028e-05
5.65105e-05
5.16274e-05
4.93989e-05
4.80058e-05
4.60469e-05
4.26493e-05
3.73815e-05
3.02497e-05
2.15585e-05
1.17743e-05
1.32539e-06
-9.42346e-06
-2.02184e-05
-3.09239e-05
-4.14648e-05
-5.18752e-05
-6.21717e-05
-7.24819e-05
-8.28044e-05
-9.32761e-05
-0.000103811
-0.000114493
-0.00012526
-0.000136117
-0.00014698
-0.000157686
-0.000168345
-0.000178664
-0.000188866
-0.000198547
-0.00020784
-0.000216497
-0.000224254
-0.00023128
-0.000236648
-0.000240904
-0.000243288
-0.00024394
-0.000243195
-0.000239604
-0.000234059
-0.000224424
-0.000209473
-0.000190662
-0.000165367
-0.000135899
-0.000102666
-5.84343e-05
-4.41853e-06
5.3515e-05
0.000120039
0.000199222
0.000289292
0.000389148
0.000501242
0.000625465
0.000762574
0.000911998
0.00107547
0.00125242
0.00144388
0.00164921
0.00186923
0.00210452
0.00235391
0.00262037
0.00289991
0.00319912
0.00351071
0.00384385
0.00419054
0.00455774
0.00494345
0.00534579
0.00577365
0.00621636
0.00669191
0.00718365
0.00770252
0.00830037
)
;

boundaryField
{
    zeroGradient
    {
        type            zeroGradient;
    }
    inlet
    {
        type            zeroGradient;
    }
    fixedWalls
    {
        type            zeroGradient;
    }
    frontAndBack
    {
        type            empty;
    }
}


// ************************************************************************* //
