/*--------------------------------*- C++ -*----------------------------------*\
| =========                 |                                                 |
| \\      /  F ield         | OpenFOAM: The Open Source CFD Toolbox           |
|  \\    /   O peration     | Version:  2312                                  |
|   \\  /    A nd           | Website:  www.openfoam.com                      |
|    \\/     M anipulation  |                                                 |
\*---------------------------------------------------------------------------*/
FoamFile
{
    version     2.0;
    format      ascii;
    arch        "LSB;label=32;scalar=64";
    class       volScalarField;
    location    "0.85";
    object      p;
}
// * * * * * * * * * * * * * * * * * * * * * * * * * * * * * * * * * * * * * //

dimensions      [0 2 -2 0 0 0 0];

internalField   nonuniform List<scalar> 
5600
(
-5.09595e-10
0.000472606
0.00030329
0.00044345
0.000369283
0.000527064
0.000508844
0.000651426
0.000671441
0.000807018
0.000864461
0.000995349
0.00108056
0.00120805
0.00131732
0.001452
0.00157848
0.00171852
0.00186079
0.0020132
0.00217247
0.00234357
0.00252224
0.00271294
0.00290897
0.00311727
0.00333104
0.00355681
0.00378896
0.00403563
0.00429379
0.00457096
0.00486194
0.00516386
0.00546451
0.00575436
0.00604057
0.00632133
0.00653364
0.00650279
2.61936e-06
0.000469654
0.000305177
0.000440611
0.000371822
0.000523419
0.000511454
0.00064726
0.000674091
0.000802337
0.000866676
0.000990504
0.00108143
0.00120313
0.0013166
0.0014467
0.00157505
0.00171275
0.0018558
0.0020088
0.0021672
0.0023372
0.00251373
0.00270098
0.00289537
0.00310051
0.00331362
0.00353683
0.00376802
0.00400832
0.00425433
0.00450104
0.00474177
0.00497732
0.00520974
0.00542937
0.00560959
0.00570728
0.00565114
0.00531737
4.97535e-06
0.000467969
0.000306205
0.000439427
0.000372808
0.000521739
0.000512272
0.000645416
0.000674611
0.000800361
0.000866849
0.000988659
0.00108098
0.00120147
0.00131513
0.00144479
0.00157278
0.00171023
0.00185265
0.00200459
0.00216245
0.00233177
0.00250672
0.00269274
0.00288525
0.0030887
0.00329885
0.00351764
0.00374103
0.00397028
0.00420147
0.00442953
0.00464947
0.00486463
0.00507496
0.00526874
0.00541855
0.0054876
0.0054144
0.00509178
8.94549e-06
0.000463779
0.00030863
0.000435641
0.000375835
0.000516828
0.000515504
0.000640052
0.00067782
0.000794496
0.000869379
0.000982552
0.00108164
0.00119516
0.00131387
0.00143943
0.00156834
0.00170489
0.00184646
0.00199723
0.00215451
0.0023211
0.00249474
0.002677
0.00286698
0.00306627
0.00327352
0.00348706
0.0037016
0.0039107
0.00411239
0.00431071
0.00450799
0.00470012
0.00487552
0.0050165
0.00509827
0.00508711
0.00493067
0.0045355
1.25333e-05
0.000459957
0.00031064
0.000433044
0.000377899
0.00051324
0.000517089
0.000636272
0.000678702
0.000790853
0.000869502
0.000979411
0.00108059
0.00119181
0.00131055
0.0014358
0.00156342
0.00169883
0.00183959
0.00198901
0.00214471
0.0023091
0.00248025
0.00265931
0.00284532
0.0030388
0.00323749
0.00343914
0.00364016
0.00383644
0.00402248
0.0041993
0.0043724
0.00453904
0.00468634
0.00479624
0.00484692
0.00481031
0.00464059
0.00425044
1.74825e-05
0.000453854
0.000314163
0.000428002
0.000381929
0.000506674
0.000521239
0.000629545
0.000682077
0.000783826
0.000870868
0.000973373
0.00107829
0.00118862
0.00130593
0.00142954
0.00155642
0.0016905
0.00183043
0.00197779
0.00213161
0.00229296
0.00246072
0.00263512
0.00281596
0.00300345
0.00319433
0.00338218
0.00356075
0.00373129
0.00389799
0.00406287
0.00422329
0.00437197
0.00449693
0.00458258
0.00460896
0.00454811
0.00435469
0.0039422
2.2376e-05
0.000447461
0.000317414
0.000423834
0.000385117
0.000500897
0.000523292
0.000624058
0.000682748
0.000779487
0.000870036
0.000970304
0.00107463
0.00118395
0.00130006
0.00142258
0.00154829
0.00168095
0.00181919
0.00196434
0.00211537
0.00227325
0.00243647
0.00260488
0.00277733
0.00295303
0.00312947
0.00330352
0.00347031
0.00362566
0.00377465
0.00392306
0.00406792
0.00420003
0.00430778
0.00437779
0.00439223
0.00432472
0.00412941
0.00371603
2.86577e-05
0.000438625
0.000322284
0.000417271
0.00039037
0.000492578
0.000527986
0.000616169
0.000684124
0.000773483
0.000867167
0.000967703
0.00106954
0.00117753
0.00129274
0.00141425
0.0015382
0.00166913
0.00180498
0.00194764
0.00209507
0.00224883
0.0024062
0.00256705
0.00272943
0.00289307
0.00305411
0.00320702
0.0033524
0.00349482
0.00363617
0.00377523
0.0039072
0.00402519
0.00411966
0.00417986
0.00419016
0.0041265
0.00394479
0.00355692
3.51993e-05
0.000428842
0.000327011
0.000411404
0.000394347
0.000484572
0.00052964
0.000610212
0.00068367
0.000770548
0.000863479
0.000962813
0.00106367
0.00117011
0.00128428
0.00140404
0.00152627
0.00165464
0.00178797
0.00192714
0.00207042
0.00221887
0.00237004
0.0025221
0.00267103
0.00281376
0.00295154
0.0030876
0.00322257
0.00335604
0.00348745
0.00361641
0.00374104
0.00385813
0.00396137
0.00404062
0.00407816
0.00404263
0.0038726
0.00344442
4.31833e-05
0.000416441
0.000333099
0.00040354
0.000400579
0.00047492
0.000533302
0.000602476
0.000679454
0.000767445
0.000859435
0.000956311
0.00105702
0.00116096
0.00127435
0.00139135
0.00151208
0.00163695
0.00176761
0.00190216
0.00204056
0.00218137
0.00232291
0.00246138
0.00259332
0.00271971
0.00284531
0.00297101
0.00309383
0.00320884
0.00331302
0.00340588
0.0034913
0.00357642
0.00366425
0.00374547
0.00381858
0.00391033
0.00409227
0.00450377
5.17247e-05
0.000402413
0.000339316
0.000396142
0.000404247
0.000465857
0.000532587
0.00060027
0.000675376
0.000762409
0.000853597
0.000948931
0.00104856
0.00115048
0.00126217
0.00137667
0.00149486
0.0016161
0.00174272
0.00187224
0.00200427
0.00213597
0.00226337
0.0023839
0.00250068
0.00261785
0.00273556
0.00284973
0.00295741
0.00305725
0.00315163
0.00324564
0.00334518
0.00344914
0.0035475
0.00363523
0.00372153
0.00383388
0.00402571
0.00439778
6.17643e-05
0.000385621
0.000345735
0.000388559
0.000409619
0.000458319
0.000526525
0.000596494
0.000671438
0.000756692
0.00084628
0.000940271
0.00103803
0.00113823
0.0012474
0.00135957
0.00147419
0.00159155
0.00171243
0.0018349
0.00195703
0.0020763
0.00218899
0.00229717
0.00240557
0.00251562
0.00262465
0.00272854
0.00282575
0.00291931
0.00301548
0.00311568
0.0032126
0.00329934
0.00337548
0.00344898
0.00353691
0.00366846
0.00389379
0.00430865
7.24679e-05
0.000367248
0.000352179
0.000380728
0.000409712
0.000454905
0.000520739
0.000591135
0.000665858
0.000750388
0.000838228
0.000930101
0.00102564
0.00112361
0.00123002
0.00133921
0.0014497
0.00156233
0.00167675
0.00179005
0.00189804
0.00200158
0.00210318
0.0022036
0.00230248
0.00240071
0.00250129
0.0026071
0.00271502
0.00281837
0.00291284
0.0029971
0.00307209
0.00314031
0.00320627
0.00327931
0.0033753
0.00351936
0.00375567
0.00417222
8.4682e-05
0.000345413
0.00035715
0.000377682
0.000407417
0.000451018
0.000515055
0.000583676
0.000657361
0.00074232
0.000828664
0.000918122
0.00101107
0.00110635
0.00120959
0.00131507
0.00142032
0.00152581
0.0016302
0.00173145
0.00182852
0.00192479
0.00202182
0.00211922
0.00221601
0.00231112
0.00240289
0.00248956
0.0025709
0.00265048
0.0027343
0.0028222
0.00290603
0.00298042
0.00304873
0.00312168
0.00321642
0.0033589
0.00359308
0.00400582
9.73952e-05
0.000324719
0.000358602
0.000373896
0.000402222
0.000445864
0.000509854
0.000577634
0.000649145
0.00073213
0.000816622
0.000903719
0.000993908
0.00108601
0.00118546
0.00128638
0.00138476
0.00148069
0.00157305
0.00166399
0.00175461
0.00184511
0.00193411
0.00202058
0.00210466
0.00218921
0.00227793
0.00237181
0.00246494
0.00255105
0.00262747
0.0026948
0.00275521
0.00281209
0.00287069
0.0029398
0.00303377
0.00317635
0.00341056
0.00382375
0.000111082
0.000303487
0.000354719
0.000371465
0.000398608
0.000440808
0.000503467
0.000569726
0.000638613
0.00071962
0.000802332
0.000886633
0.00097371
0.00106196
0.00115659
0.0012513
0.00134034
0.00142539
0.00150962
0.00159444
0.00167813
0.00175939
0.00183767
0.00191521
0.00199571
0.00208266
0.00217473
0.00226598
0.00235005
0.00242336
0.00248582
0.00253962
0.00258827
0.00263616
0.0026892
0.0027559
0.00284961
0.00299294
0.00322798
0.00364156
0.000124991
0.000283987
0.000346334
0.00036808
0.00039417
0.000434463
0.000495609
0.000560398
0.000626635
0.000705263
0.000785706
0.000866579
0.000949895
0.00103341
0.00112157
0.00120788
0.00128667
0.0013641
0.00144311
0.00152304
0.00160185
0.00167918
0.00175397
0.00182597
0.00189536
0.00196333
0.00203249
0.00210578
0.00218338
0.00225882
0.00232531
0.0023804
0.00242696
0.00247081
0.00251939
0.00258225
0.00267312
0.0028146
0.00304855
0.00346169
0.000138882
0.000265091
0.000333389
0.000363535
0.000389896
0.000428058
0.000487051
0.000549846
0.00061299
0.000688547
0.000766111
0.000842324
0.000920656
0.000998612
0.0010787
0.00115667
0.00122957
0.00130165
0.00137365
0.00144346
0.00150872
0.00157176
0.00163649
0.00170689
0.00178298
0.00186122
0.00193779
0.00200929
0.00207334
0.00212891
0.00217668
0.00221845
0.00225694
0.00229616
0.00234198
0.00240294
0.00249237
0.00263268
0.00286575
0.00327831
0.000152688
0.000248636
0.000314857
0.000356659
0.000385042
0.00042094
0.000477349
0.000537443
0.000596846
0.000668847
0.000743685
0.000814358
0.000884483
0.000953987
0.00102738
0.00110157
0.00117045
0.00123636
0.00130135
0.00136573
0.00142728
0.00148623
0.00154336
0.00159955
0.00165622
0.00171573
0.00178101
0.00185097
0.00191812
0.00197534
0.00202058
0.00205655
0.0020886
0.00212257
0.00216487
0.00222372
0.00231183
0.00245116
0.0026834
0.00309536
0.000163232
0.000234892
0.000296958
0.000345125
0.000377621
0.000412689
0.000466876
0.000524515
0.000579035
0.00064445
0.000713242
0.000777411
0.000842505
0.000908173
0.00097641
0.00104463
0.00110674
0.00116499
0.00122152
0.00127646
0.00132739
0.00137471
0.00142137
0.00147106
0.00152728
0.00159128
0.00165987
0.00172649
0.00178475
0.00183124
0.00186668
0.00189486
0.001921
0.00195066
0.00198998
0.0020469
0.00213378
0.00227231
0.0025041
0.00291596
0.000170595
0.000225496
0.000278463
0.000327685
0.000366584
0.000402543
0.000454115
0.000508337
0.000557664
0.000616832
0.000680688
0.000739365
0.000798026
0.000857869
0.000919272
0.000980129
0.00103469
0.00108491
0.00113357
0.00118177
0.001228
0.00127159
0.00131413
0.00135787
0.00140535
0.00145862
0.00151827
0.00157886
0.00163218
0.00167334
0.00170305
0.00172595
0.00174791
0.00177466
0.00181211
0.00186784
0.00195392
0.00209185
0.00232306
0.00273454
0.000175012
0.000216295
0.000261027
0.000308383
0.000350934
0.000388589
0.000438268
0.000489302
0.000534195
0.00058706
0.000645169
0.00069718
0.00074784
0.000800843
0.000855266
0.000908938
0.000956424
0.000999013
0.0010398
0.00107986
0.00111804
0.00115428
0.00119169
0.00123434
0.00128499
0.00134131
0.00139699
0.00144561
0.00148382
0.00151184
0.00153272
0.00155066
0.00157025
0.00159599
0.00163299
0.00168845
0.00177428
0.00191193
0.00214294
0.00255445
0.000176125
0.000207256
0.000244761
0.000288633
0.000330472
0.000369249
0.00041818
0.000466636
0.000507295
0.000554184
0.000605877
0.000650835
0.00069275
0.000738092
0.00078561
0.000831944
0.000872128
0.000907058
0.000940305
0.000973632
0.00100683
0.0010401
0.00107592
0.00111743
0.00116592
0.00121707
0.00126379
0.00130093
0.0013275
0.0013459
0.00136016
0.00137439
0.00139235
0.00141767
0.00145478
0.00151043
0.00159632
0.00173385
0.00196469
0.00237617
0.000173866
0.000197519
0.000228564
0.000268053
0.000307167
0.000344599
0.000392749
0.000439454
0.000476395
0.000517579
0.000562919
0.000600955
0.000633772
0.000670056
0.000710022
0.000748854
0.000781641
0.000809301
0.000835784
0.000863554
0.000892908
0.000924229
0.00095962
0.0010007
0.00104508
0.00108732
0.00112239
0.00114803
0.00116528
0.00117717
0.00118746
0.00119965
0.00121681
0.00124196
0.00127909
0.00133472
0.00142044
0.00155772
0.00178833
0.00219976
0.000167817
0.00018657
0.000212111
0.000247117
0.000282845
0.000315724
0.000359986
0.000405032
0.000439112
0.000475558
0.000515191
0.000547415
0.000572544
0.000599278
0.000630275
0.00066102
0.000686186
0.000706548
0.000726671
0.000750167
0.000778002
0.000810063
0.000846211
0.000884169
0.000920474
0.000951574
0.000975269
0.000991343
0.00100166
0.00100916
0.00101706
0.00102812
0.00104476
0.00106959
0.00110642
0.00116168
0.00124703
0.00138402
0.00161451
0.00202605
0.000158351
0.000173217
0.000194107
0.000224307
0.00025704
0.000286293
0.000325405
0.000365473
0.000394008
0.000423686
0.000457768
0.000486814
0.000507794
0.000526614
0.000548043
0.000570132
0.000587409
0.000600198
0.000613898
0.000633713
0.00066115
0.00069404
0.000728087
0.00075968
0.0007869
0.000808464
0.00082382
0.000833449
0.000839171
0.000843559
0.000849387
0.000859091
0.000874877
0.000899152
0.000935562
0.000990498
0.00107556
0.00121223
0.00144242
0.00185388
0.000145303
0.000157133
0.00017393
0.000199122
0.000227987
0.000252501
0.00028548
0.000321588
0.000345678
0.000369018
0.000397264
0.000421462
0.000437501
0.000449656
0.000463004
0.000478196
0.000490488
0.000498615
0.00050686
0.00052059
0.000542097
0.000569731
0.000599468
0.000626413
0.000648077
0.00066376
0.00067388
0.000679333
0.000681835
0.000683682
0.000687452
0.000695511
0.00071004
0.000733436
0.000769304
0.000823947
0.000908898
0.00104566
0.00127612
0.00168807
0.000128272
0.000137624
0.000150933
0.000170998
0.000195574
0.000215855
0.000242587
0.0002741
0.000294308
0.000310998
0.000332179
0.000350283
0.000360045
0.000364933
0.000369446
0.000375823
0.000381407
0.00038432
0.000387813
0.00039741
0.000416538
0.00044292
0.000469828
0.000491392
0.000505993
0.000514707
0.000519318
0.000521153
0.00052149
0.000521895
0.000524376
0.000531091
0.000544268
0.000566457
0.000601378
0.000655385
0.000740011
0.000876694
0.00110728
0.00151959
0.000108107
0.000114655
0.000124384
0.000139364
0.000159551
0.000175813
0.000195742
0.000221923
0.000238719
0.000249409
0.000264037
0.000277936
0.000284282
0.000285338
0.000285317
0.000286524
0.000287716
0.000286846
0.000285872
0.00028945
0.00030173
0.00032157
0.00034231
0.000357448
0.00036516
0.000367314
0.000366794
0.000365554
0.000364601
0.000364703
0.000367001
0.000373157
0.000385331
0.000406267
0.000439919
0.000492759
0.000576286
0.00071192
0.000941499
0.00135282
8.26626e-05
8.76064e-05
9.46703e-05
0.000105224
0.00012046
0.00013253
0.00014558
0.00016487
0.000177212
0.000181381
0.000187006
0.00019279
0.000191434
0.000183478
0.000173775
0.000165746
0.000160437
0.000157294
0.00015783
0.000164439
0.000177504
0.000193604
0.000207742
0.000216251
0.000218693
0.000216978
0.000213558
0.000210125
0.000207687
0.000207076
0.000209462
0.0002164
0.000229891
0.000252598
0.000288435
0.000343847
0.000430263
0.000568956
0.000801626
0.00121606
5.54666e-05
5.49016e-05
5.85624e-05
6.59032e-05
7.80682e-05
8.71111e-05
9.4902e-05
0.00010756
0.000117037
0.000118685
0.000120981
0.000125629
0.000126748
0.000121706
0.000114255
0.00010673
9.92727e-05
8.94414e-05
7.66612e-05
6.22066e-05
4.91768e-05
4.04055e-05
3.82576e-05
4.37493e-05
5.43686e-05
6.45122e-05
6.96434e-05
6.8185e-05
6.11381e-05
5.08631e-05
4.03244e-05
3.2679e-05
3.12261e-05
3.95409e-05
6.21908e-05
0.000106013
0.000182691
0.000313664
0.000540888
0.000952622
2.01066e-05
2.14444e-05
2.2507e-05
2.46905e-05
2.90541e-05
3.19962e-05
3.32048e-05
3.79061e-05
4.07913e-05
3.59555e-05
2.80258e-05
2.06476e-05
1.05396e-05
-5.35218e-06
-2.41991e-05
-4.21868e-05
-5.6889e-05
-6.79346e-05
-7.45932e-05
-7.54059e-05
-6.99189e-05
-6.08208e-05
-5.2502e-05
-4.85829e-05
-5.02517e-05
-5.62993e-05
-6.42444e-05
-7.15694e-05
-7.64191e-05
-7.76442e-05
-7.44547e-05
-6.59527e-05
-5.07064e-05
-2.63237e-05
1.11756e-05
6.85175e-05
0.00015748
0.000299647
0.000536967
0.000957455
-2.56828e-05
-1.95289e-05
-1.57354e-05
-1.34903e-05
-1.27436e-05
-1.59459e-05
-2.07628e-05
-2.10921e-05
-1.97583e-05
-2.17652e-05
-2.61561e-05
-2.93555e-05
-3.31672e-05
-4.04581e-05
-5.07862e-05
-6.15043e-05
-7.14681e-05
-8.1344e-05
-9.25113e-05
-0.000105195
-0.000118954
-0.000133104
-0.000147769
-0.000163477
-0.000181062
-0.000200903
-0.000223072
-0.00024743
-0.000274089
-0.000303386
-0.000336038
-0.000373052
-0.000415996
-0.000467296
-0.000531016
-0.000614034
-0.000728435
-0.000896191
-0.00115974
-0.00160768
-6.12587e-05
-6.23493e-05
-6.72706e-05
-7.35082e-05
-7.94948e-05
-8.69947e-05
-9.58244e-05
-0.000103614
-0.000112148
-0.000125622
-0.000143489
-0.000162625
-0.000182313
-0.000203982
-0.000226808
-0.000247487
-0.000262562
-0.000270411
-0.000272154
-0.000271611
-0.00027245
-0.000276442
-0.00028365
-0.000293054
-0.000303151
-0.000312372
-0.00031946
-0.00032351
-0.000323975
-0.000320512
-0.000312763
-0.000300049
-0.000281052
-0.000253416
-0.000213119
-0.000153334
-6.21667e-05
8.20471e-05
0.000321259
0.000743399
-0.000109433
-0.000110096
-0.000114467
-0.000120469
-0.000125652
-0.000132361
-0.000140764
-0.000147936
-0.000154228
-0.000162815
-0.000173886
-0.000185124
-0.000195792
-0.000207613
-0.000221719
-0.000237472
-0.00025385
-0.000270811
-0.000289184
-0.00030966
-0.000332339
-0.000356899
-0.000383124
-0.00041111
-0.000441178
-0.000473432
-0.000507764
-0.000543977
-0.000581974
-0.000621897
-0.000664224
-0.000709856
-0.000760286
-0.000817936
-0.000886804
-0.000973662
-0.00109036
-0.00125856
-0.00152022
-0.00196329
-0.000161546
-0.000165766
-0.000175781
-0.000190073
-0.000204665
-0.000220482
-0.000238716
-0.000257282
-0.000275826
-0.000296744
-0.000320813
-0.00034604
-0.000370153
-0.000392306
-0.000411741
-0.000426725
-0.000435717
-0.000439993
-0.000443351
-0.000449286
-0.000459077
-0.000471755
-0.00048533
-0.000497888
-0.00050822
-0.000515795
-0.000520432
-0.000522046
-0.000520526
-0.000515649
-0.000506991
-0.000493763
-0.000474566
-0.000447008
-0.000407064
-0.000347911
-0.000257654
-0.000114625
0.000123133
0.000543567
-0.00021245
-0.000215152
-0.000221633
-0.000232073
-0.000243182
-0.000254129
-0.000266747
-0.000280297
-0.000293422
-0.000307037
-0.000322366
-0.000339064
-0.00035607
-0.000373236
-0.000391202
-0.000410381
-0.000430741
-0.000452198
-0.000474974
-0.000499399
-0.000525666
-0.000553723
-0.000583464
-0.000614868
-0.000647875
-0.000682389
-0.000718305
-0.000755529
-0.00079407
-0.000834122
-0.000876174
-0.000921129
-0.000970496
-0.00102674
-0.00109389
-0.00117877
-0.00129324
-0.00145898
-0.00171795
-0.00215814
-0.000280365
-0.000287666
-0.00030092
-0.000320025
-0.00034304
-0.000366508
-0.000391006
-0.000417014
-0.000443465
-0.000469278
-0.000493886
-0.000516193
-0.000534478
-0.000547534
-0.000556287
-0.000563424
-0.000571416
-0.000581473
-0.000593625
-0.000607116
-0.000620849
-0.00063369
-0.000644725
-0.000653366
-0.000659494
-0.000663245
-0.000664787
-0.000664163
-0.00066123
-0.000655636
-0.000646782
-0.000633717
-0.000614928
-0.000587966
-0.000548792
-0.00049059
-0.000401479
-0.000259795
-2.35807e-05
0.000395121
-0.000328433
-0.000330747
-0.000335747
-0.000343907
-0.000357207
-0.000372873
-0.000389587
-0.000407468
-0.000427232
-0.000449337
-0.000473375
-0.000497566
-0.000519775
-0.00053898
-0.000555611
-0.000570689
-0.000585437
-0.000600734
-0.000617274
-0.000635382
-0.00065518
-0.000676553
-0.000699403
-0.000723682
-0.000749383
-0.00077648
-0.000805002
-0.000835001
-0.000866632
-0.000900184
-0.000936207
-0.000975621
-0.00101995
-0.00107166
-0.00113482
-0.00121625
-0.00132788
-0.00149139
-0.00174882
-0.00218826
-0.000415313
-0.000422555
-0.000436732
-0.000456664
-0.000483044
-0.000513279
-0.000544455
-0.000574307
-0.00060196
-0.000626462
-0.000647427
-0.000664748
-0.000678891
-0.000690288
-0.000699489
-0.000706821
-0.000712665
-0.000717224
-0.000720726
-0.000723217
-0.00072472
-0.000725111
-0.000724281
-0.00072206
-0.000718383
-0.000713239
-0.000706678
-0.000698681
-0.000689133
-0.000677725
-0.000663906
-0.000646734
-0.000624699
-0.000595341
-0.000554632
-0.000495778
-0.00040696
-0.000266605
-3.29159e-05
0.000381819
0.0062647
0.00633731
0.0066163
0.00679291
0.00678911
0.00661015
0.00631535
0.00597501
0.00564114
0.00534204
0.0050886
0.00488074
0.00471081
0.00456795
0.00444159
0.00432322
0.00420697
0.00408944
0.00396914
0.00384602
0.00372091
0.00359505
0.00346977
0.00334611
0.00322473
0.0031058
0.00298909
0.00287403
0.00275982
0.00264563
0.00253065
0.00241422
0.00229576
0.0021749
0.0020513
0.00192471
0.00179472
0.00166084
0.00152242
0.00137859
0.00122848
0.00107086
0.000904738
0.000728499
0.000540779
0.000339443
0.000121934
-0.000115105
-0.00037631
-0.000667237
-0.00099455
-0.00136063
-0.00177172
-0.00223733
-0.00276537
-0.00336483
-0.00404542
-0.00480147
-0.00558636
-0.00632186
-0.0069038
-0.00723484
-0.00726173
-0.00700323
-0.0065881
-0.00614573
-0.00575826
-0.00545975
-0.00526436
-0.00516847
-0.00513967
-0.00515537
-0.0052043
-0.00527057
-0.00534883
-0.00543333
-0.00552284
-0.00561671
-0.00571253
-0.00581281
-0.00591573
-0.00601978
-0.00612709
-0.00623461
-0.0063435
-0.00645223
-0.00656228
-0.00667136
-0.00677843
-0.00688397
-0.00698769
-0.00708244
-0.00717592
-0.00726306
-0.00734396
-0.0074171
-0.0074888
-0.00755149
-0.0076102
-0.00765958
0.00494638
0.00502019
0.0054725
0.00591388
0.00617937
0.00622925
0.0060883
0.00582854
0.00552651
0.00523576
0.00498327
0.00477753
0.00461492
0.00448392
0.00437099
0.00426483
0.00415807
0.00404706
0.00393087
0.00381027
0.00368689
0.00356252
0.00343872
0.00331656
0.00319663
0.00307904
0.00296349
0.00284943
0.00273605
0.00262256
0.00250813
0.00239213
0.00227396
0.00215328
0.00202974
0.00190325
0.00177343
0.0016398
0.00150166
0.00135812
0.00120833
0.001051
0.00088517
0.0007092
0.000521779
0.000320744
0.000103623
-0.000132982
-0.000393512
-0.000683485
-0.00100958
-0.00137388
-0.00178276
-0.00224557
-0.00276942
-0.00336306
-0.004036
-0.00478351
-0.00556065
-0.00628947
-0.00686773
-0.0072001
-0.00723219
-0.00697981
-0.00657006
-0.00613209
-0.00574777
-0.00545116
-0.00525689
-0.00516178
-0.00513347
-0.00514959
-0.00519898
-0.00526571
-0.00534441
-0.00542932
-0.00551927
-0.00561356
-0.00570975
-0.00581039
-0.00591364
-0.00601796
-0.00612552
-0.00623325
-0.00634233
-0.00645121
-0.00656139
-0.00667059
-0.00677777
-0.00688339
-0.0069872
-0.00708202
-0.00717556
-0.00726276
-0.0073437
-0.00741689
-0.00748862
-0.00755136
-0.00761008
-0.00765949
0.00475481
0.00485984
0.00535397
0.00584021
0.00614659
0.00622932
0.00610891
0.00585609
0.00555028
0.00524989
0.00498615
0.00477024
0.00460052
0.00446601
0.00435239
0.00424696
0.00414107
0.00403027
0.00391334
0.00379115
0.0036657
0.00353919
0.00341349
0.00328987
0.00316891
0.00305066
0.00293469
0.00282031
0.00270664
0.00259285
0.00247811
0.0023618
0.00224342
0.00212264
0.00199908
0.00187236
0.00174205
0.00160774
0.0014689
0.00132471
0.00117438
0.00101661
0.000850418
0.000674159
0.000486482
0.000285234
6.79934e-05
-0.000168531
-0.000428669
-0.000717327
-0.00104116
-0.00140253
-0.00180714
-0.00226427
-0.00278014
-0.00336251
-0.0040191
-0.00474257
-0.00549003
-0.00619106
-0.00675221
-0.00708662
-0.00714009
-0.00691713
-0.00653371
-0.00611632
-0.0057462
-0.00545627
-0.00526384
-0.00516883
-0.00513955
-0.0051542
-0.00520218
-0.00526773
-0.00534559
-0.00542987
-0.00551928
-0.00561315
-0.00570902
-0.00580941
-0.00591246
-0.00601665
-0.00612414
-0.00623185
-0.00634096
-0.0064499
-0.00656016
-0.00666945
-0.00677673
-0.00688247
-0.00698639
-0.00708133
-0.00717498
-0.00726229
-0.00734333
-0.00741661
-0.00748841
-0.00755121
-0.00760999
-0.00765944
0.00416204
0.00424644
0.00473556
0.00524287
0.00559325
0.00573831
0.00568885
0.00550364
0.00525431
0.00499726
0.00476531
0.00457211
0.00441925
0.00429917
0.00419973
0.00410885
0.00401739
0.00392003
0.00381478
0.00370212
0.00358407
0.00346328
0.0033422
0.00322261
0.00310545
0.0029909
0.00287847
0.00276736
0.00265655
0.00254513
0.00243229
0.00231749
0.00220029
0.00208045
0.00195765
0.00183162
0.00170203
0.00156838
0.00143018
0.00128653
0.00113669
0.000979293
0.000813446
0.000637391
0.00044991
0.000248727
3.1611e-05
-0.000204673
-0.000464301
-0.000751338
-0.00107269
-0.00143087
-0.00183087
-0.00228151
-0.00278851
-0.00335718
-0.00399322
-0.00469019
-0.00540824
-0.00608191
-0.00662554
-0.00696
-0.00703378
-0.00684065
-0.00648367
-0.00608708
-0.00573128
-0.00544938
-0.00526002
-0.00516574
-0.00513626
-0.00515039
-0.00519778
-0.00526296
-0.00534067
-0.00542496
-0.00551458
-0.00560872
-0.00570487
-0.00580555
-0.00590891
-0.00601337
-0.00612112
-0.00622906
-0.00633837
-0.00644748
-0.00655791
-0.00666735
-0.00677477
-0.00688063
-0.00698469
-0.00707978
-0.00717356
-0.00726103
-0.0073422
-0.00741567
-0.00748759
-0.00755059
-0.00760953
-0.0076591
0.00389595
0.00399892
0.00451309
0.00504849
0.00542786
0.00560149
0.00557828
0.00541498
0.00518217
0.00493646
0.00471168
0.00452264
0.00437218
0.00425413
0.00415728
0.00406975
0.00398205
0.00388825
0.00378588
0.00367504
0.00355772
0.0034368
0.00331514
0.00319489
0.00307725
0.0029625
0.0028501
0.00273907
0.00262824
0.00251658
0.00240328
0.00228785
0.00216996
0.00204945
0.0019261
0.00179964
0.0016697
0.00153573
0.00139714
0.00125303
0.00110267
0.000944782
0.000778426
0.000601957
0.000414062
0.000212588
-4.728e-06
-0.000240903
-0.000500014
-0.000785693
-0.00110464
-0.0014595
-0.00185454
-0.00229805
-0.00279516
-0.00334911
-0.00396424
-0.00463444
-0.00532188
-0.00596543
-0.00648781
-0.00681846
-0.00690969
-0.0067483
-0.00642391
-0.00605323
-0.00571608
-0.00544627
-0.00526188
-0.00516916
-0.00513961
-0.00515273
-0.00519885
-0.00526284
-0.00533961
-0.00542322
-0.00551232
-0.00560606
-0.00570192
-0.00580238
-0.00590557
-0.00600994
-0.00611766
-0.00622563
-0.00633502
-0.00644423
-0.00655471
-0.00666424
-0.00677175
-0.00687775
-0.00698196
-0.00707726
-0.00717123
-0.00725896
-0.00734035
-0.00741411
-0.00748623
-0.00754954
-0.0076087
-0.00765845
0.00357262
0.00366705
0.00417668
0.00471286
0.00509795
0.00528173
0.00527196
0.00512407
0.00490773
0.00467903
0.00447144
0.00429946
0.00416557
0.00406325
0.00398096
0.00390667
0.00383086
0.00374774
0.00365493
0.00355272
0.00344327
0.00332962
0.00321472
0.00310079
0.00298904
0.0028797
0.00277221
0.00266555
0.00255854
0.00245019
0.00233976
0.00222683
0.00211116
0.00199264
0.00187113
0.00174635
0.00161796
0.00148532
0.00134793
0.00120483
0.00105537
0.000898266
0.000732641
0.000556869
0.00036962
0.000168847
-4.77819e-05
-0.000282937
-0.000540777
-0.000824389
-0.00114004
-0.00149066
-0.00187991
-0.00231513
-0.00280116
-0.00333969
-0.00393327
-0.00457597
-0.00523216
-0.00584556
-0.00634755
-0.00667512
-0.00678427
-0.00665602
-0.00636392
-0.00601868
-0.00569977
-0.00544109
-0.0052611
-0.00516854
-0.0051383
-0.00515039
-0.00519537
-0.00525848
-0.00533468
-0.00541795
-0.00550693
-0.00560072
-0.00569666
-0.00579725
-0.00590061
-0.00600514
-0.00611304
-0.0062212
-0.00633074
-0.0064401
-0.00655071
-0.0066604
-0.00676802
-0.00687416
-0.00697849
-0.00707401
-0.00716814
-0.00725614
-0.00733774
-0.00741187
-0.00748421
-0.00754794
-0.00760739
-0.0076574
0.00334402
0.00343831
0.00394697
0.00447871
0.00485753
0.00503542
0.00502315
0.00487896
0.00467352
0.00446218
0.00427683
0.00412966
0.00402057
0.00394035
0.00387578
0.00381446
0.00374764
0.00367072
0.00358251
0.00348436
0.00337915
0.00327013
0.00316009
0.00305087
0.00294327
0.00283727
0.0027322
0.00262712
0.00252104
0.00241319
0.00230303
0.00219025
0.00207468
0.00195623
0.00183475
0.00170996
0.00158149
0.00144871
0.00131109
0.00116774
0.00101797
0.00086058
0.000694651
0.000518644
0.000331203
0.000130374
-8.61557e-05
-0.00032084
-0.000577739
-0.000859559
-0.00117206
-0.00151844
-0.00190177
-0.00232828
-0.0028028
-0.00332563
-0.00389747
-0.00451248
-0.00513787
-0.00572204
-0.00620409
-0.00652752
-0.00665188
-0.00655443
-0.00629515
-0.00597697
-0.00567789
-0.00543214
-0.00525806
-0.00516729
-0.00513739
-0.00514938
-0.00519378
-0.00525609
-0.00533164
-0.00541449
-0.00550316
-0.00559672
-0.00569249
-0.00579297
-0.00589623
-0.00600073
-0.00610861
-0.0062168
-0.00632639
-0.00643585
-0.00654651
-0.00665629
-0.00676397
-0.00687021
-0.00697465
-0.00707039
-0.00716466
-0.00725296
-0.00733478
-0.00740933
-0.00748189
-0.00754609
-0.00760583
-0.00765615
0.0032091
0.00332534
0.00384955
0.00437478
0.00472774
0.00486551
0.00481003
0.00463341
0.00441357
0.00420459
0.00403253
0.003905
0.00381716
0.00375572
0.00370534
0.00365364
0.00359309
0.00352067
0.00343664
0.00334349
0.0032446
0.00314311
0.00304124
0.00294016
0.00284009
0.00274062
0.00264097
0.00254029
0.00243788
0.00233323
0.00222602
0.00211607
0.00200326
0.00188742
0.00176841
0.00164585
0.00151941
0.00138844
0.00125243
0.00111052
0.000962047
0.000805885
0.000641082
0.000466218
0.000279873
8.0266e-05
-0.000134958
-0.000367986
-0.000622735
-0.000901675
-0.00120997
-0.00155087
-0.00192714
-0.00234381
-0.00280553
-0.00331174
-0.00386114
-0.00444817
-0.00504306
-0.00559852
-0.00606046
-0.00637873
-0.00651659
-0.00644989
-0.00622485
-0.00593473
-0.00565596
-0.00542346
-0.0052559
-0.00516664
-0.00513668
-0.00514793
-0.00519129
-0.00525263
-0.00532726
-0.00540948
-0.00549779
-0.00559122
-0.00568691
-0.00578737
-0.00589069
-0.00599528
-0.00610328
-0.00621163
-0.00632136
-0.00643098
-0.00654174
-0.00665167
-0.00675943
-0.00686582
-0.00697037
-0.00706637
-0.0071608
-0.00724943
-0.00733147
-0.00740647
-0.00747927
-0.00754397
-0.00760403
-0.00765469
0.0030215
0.00307502
0.0035256
0.00398615
0.00429818
0.0044271
0.0043957
0.00426598
0.00410184
0.00394631
0.00381933
0.00372526
0.00365777
0.00360516
0.00355646
0.00350433
0.00344482
0.00337667
0.00330052
0.00321808
0.00313133
0.00304199
0.00295116
0.00285935
0.0027666
0.00267263
0.00257705
0.00247946
0.00237954
0.00227705
0.00217183
0.00206374
0.00195265
0.00183836
0.00172065
0.00159916
0.00147354
0.00134322
0.00120769
0.00106616
0.00091797
0.000762067
0.000597512
0.000422932
0.000236939
3.78429e-05
-0.000176648
-0.000408527
-0.000661501
-0.000937855
-0.00124216
-0.00157755
-0.0019467
-0.00235337
-0.00280191
-0.00329131
-0.00381843
-0.00437787
-0.00494286
-0.00547042
-0.00591249
-0.0062251
-0.00637506
-0.00633757
-0.00614656
-0.0058852
-0.00562757
-0.00540967
-0.00524984
-0.00516297
-0.00513355
-0.00514465
-0.00518749
-0.00524818
-0.00532228
-0.00540417
-0.00549228
-0.00558564
-0.00568137
-0.00578188
-0.00588524
-0.00598987
-0.00609794
-0.00620639
-0.00631622
-0.00642597
-0.00653681
-0.00664685
-0.00675469
-0.0068612
-0.00696587
-0.00706212
-0.0071567
-0.00724567
-0.00732795
-0.00740342
-0.00747649
-0.00754171
-0.00760211
-0.00765314
0.00489799
0.00481775
0.00433006
0.00382437
0.00346089
0.00327487
0.00324483
0.00330949
0.00340459
0.00348601
0.00353256
0.00353882
0.00351015
0.00345772
0.00339247
0.00332203
0.00325079
0.00318051
0.00311121
0.00304184
0.00297103
0.00289758
0.00282069
0.00274006
0.00265569
0.00256785
0.00247685
0.00238299
0.00228643
0.00218723
0.00208532
0.00198052
0.00187262
0.00176133
0.00164637
0.00152735
0.00140393
0.00127561
0.0011419
0.00100206
0.000855432
0.000701046
0.000537966
0.00036489
0.000180435
-1.69753e-05
-0.000229559
-0.00045913
-0.000709163
-0.000981735
-0.00128094
-0.00160962
-0.00197041
-0.00236603
-0.00280016
-0.00327183
-0.00377629
-0.00430804
-0.00484345
-0.00534383
-0.00576633
-0.00607271
-0.00623305
-0.00622288
-0.00606592
-0.00583427
-0.00559864
-0.00539589
-0.00524459
-0.00516035
-0.00513127
-0.00514209
-0.00518422
-0.00524411
-0.00531753
-0.00539891
-0.00548666
-0.00557986
-0.00567547
-0.0057759
-0.00587926
-0.00598393
-0.00609206
-0.00620063
-0.00631055
-0.00642045
-0.00653138
-0.00664158
-0.0067495
-0.00685616
-0.00696096
-0.00705749
-0.00715226
-0.0072416
-0.00732413
-0.0074001
-0.00747347
-0.00753923
-0.0076
-0.00765141
0.00471841
0.00457496
0.00401146
0.00343895
0.00303285
0.00283675
0.00282963
0.00294007
0.00308966
0.00322289
0.00331201
0.00334858
0.00333674
0.00328941
0.00322203
0.00314748
0.00307386
0.00300484
0.00294094
0.0028805
0.00282087
0.00275945
0.00269424
0.00262406
0.00254854
0.00246788
0.00238267
0.00229356
0.0022011
0.00210562
0.00200723
0.00190581
0.00180114
0.00169287
0.00158067
0.00146411
0.00134286
0.0012164
0.00108431
0.000945878
0.000800516
0.000647292
0.00048536
0.000313477
0.000130295
-6.56436e-05
-0.000276493
-0.000503855
-0.000750997
-0.00101975
-0.00131382
-0.00163562
-0.00198776
-0.00237217
-0.0027916
-0.00324535
-0.00372742
-0.00423212
-0.00473873
-0.00521295
-0.00561632
-0.0059159
-0.00608508
-0.00610024
-0.0059768
-0.0057756
-0.00556283
-0.00537629
-0.00523474
-0.00515404
-0.00512592
-0.00513686
-0.00517875
-0.00523823
-0.00531121
-0.0053923
-0.0054799
-0.00557306
-0.00566869
-0.00576918
-0.00587262
-0.0059774
-0.00608564
-0.00619438
-0.00630445
-0.00641454
-0.00652558
-0.00663594
-0.00674396
-0.00685078
-0.00695573
-0.00705256
-0.00714752
-0.00723725
-0.00732006
-0.00739656
-0.00747025
-0.00753658
-0.00759774
-0.00764956
0.00466186
0.0045434
0.00399483
0.00341183
0.00297263
0.00272602
0.00266273
0.0027262
0.00284681
0.00296958
0.0030625
0.00311218
0.0031173
0.00308582
0.00303038
0.00296355
0.00289484
0.00282965
0.00276987
0.00271482
0.00266218
0.002609
0.00255263
0.00249128
0.00242405
0.00235083
0.00227202
0.00218833
0.00210047
0.00200896
0.00191412
0.00181601
0.00171449
0.00160925
0.00149997
0.0013862
0.00126756
0.00114352
0.00101365
0.00087725
0.000733771
0.000582336
0.00042216
0.000252103
7.08409e-05
-0.000122929
-0.000331322
-0.000555685
-0.000799125
-0.00106317
-0.00135122
-0.00166526
-0.00200774
-0.00238014
-0.00278407
-0.00321916
-0.00367877
-0.00415676
-0.00463516
-0.00508405
-0.00546887
-0.00576123
-0.00593782
-0.00597621
-0.00588528
-0.00571484
-0.0055257
-0.00535593
-0.00522486
-0.00514839
-0.00512131
-0.00513233
-0.00517392
-0.00523291
-0.00530539
-0.00538609
-0.00547338
-0.00556641
-0.00566196
-0.00576241
-0.00586587
-0.00597069
-0.00607899
-0.00618786
-0.00629805
-0.00640829
-0.00651944
-0.00662995
-0.00673807
-0.00684505
-0.00695015
-0.00704728
-0.00714246
-0.00723259
-0.00731571
-0.00739275
-0.0074668
-0.0075337
-0.00759529
-0.00764753
0.00451589
0.00438791
0.00382503
0.00322424
0.0027659
0.00250043
0.00242071
0.00247249
0.0025874
0.0027105
0.00280904
0.00286871
0.00288673
0.00286895
0.00282614
0.0027697
0.00270883
0.0026494
0.00259408
0.00254315
0.00249513
0.0024476
0.00239803
0.00234435
0.0022852
0.00221995
0.00214862
0.00207163
0.00198963
0.00190322
0.0018129
0.00171888
0.00162118
0.00151957
0.00141376
0.00130329
0.00118775
0.00106659
0.000939424
0.000805607
0.000664611
0.000515607
0.000357788
0.000190154
1.13614e-05
-0.000179684
-0.000385077
-0.00060591
-0.000845086
-0.00110391
-0.00138536
-0.00169118
-0.0020234
-0.00238334
-0.00277149
-0.00318766
-0.00362508
-0.00407716
-0.00452823
-0.00495268
-0.00531956
-0.00560424
-0.00578672
-0.00584595
-0.00578596
-0.00564647
-0.00548179
-0.00532971
-0.00521013
-0.00513897
-0.00511357
-0.00512497
-0.00516657
-0.00522545
-0.0052977
-0.00537821
-0.00546538
-0.00555842
-0.00565403
-0.00575454
-0.00585812
-0.00596307
-0.00607152
-0.00618059
-0.00629094
-0.0064014
-0.0065127
-0.0066234
-0.00673167
-0.00683883
-0.00694411
-0.00704159
-0.00713699
-0.00722756
-0.00731102
-0.00738864
-0.00746309
-0.00753059
-0.00759263
-0.00764532
0.00434549
0.00421393
0.00364675
0.00304203
0.00258047
0.00231241
0.00223056
0.00228046
0.00239384
0.00251602
0.00261454
0.00267528
0.00269551
0.00268094
0.00264195
0.00258956
0.00253265
0.00247695
0.00242519
0.00237782
0.00233365
0.00229053
0.00224608
0.00219816
0.00214527
0.00208651
0.0020216
0.00195071
0.00187433
0.001793
0.00170725
0.00161736
0.00152347
0.00142546
0.00132311
0.00121597
0.00110367
0.000985626
0.000861419
0.000730415
0.000592066
0.000445641
0.000290309
0.000125257
-5.08657e-05
-0.000238933
-0.000440979
-0.000657902
-0.000892327
-0.00114543
-0.00141972
-0.00171679
-0.00203818
-0.00238507
-0.00275716
-0.0031541
-0.00356947
-0.00399646
-0.00442123
-0.00482228
-0.00517211
-0.00544895
-0.00563609
-0.00571404
-0.00568317
-0.00557431
-0.0054348
-0.00530113
-0.00519382
-0.00512895
-0.00510571
-0.00511762
-0.00515931
-0.00521814
-0.00529022
-0.00537056
-0.00545754
-0.00555053
-0.00564615
-0.00574667
-0.00585032
-0.00595536
-0.00606389
-0.00617312
-0.00628362
-0.00639426
-0.00650567
-0.00661657
-0.00672495
-0.0068323
-0.00693775
-0.00703557
-0.00713123
-0.00722223
-0.00730606
-0.00738426
-0.00745915
-0.00752726
-0.00758979
-0.00764295
0.00416418
0.00403227
0.00346374
0.00285725
0.00239368
0.00212341
0.00203927
0.00208697
0.00219839
0.00231903
0.0024166
0.00247712
0.00249796
0.0024848
0.00244798
0.00239838
0.00234475
0.00229267
0.00224479
0.00220153
0.00216171
0.00212319
0.00208365
0.00204097
0.00199363
0.00194063
0.00188161
0.00181657
0.00174588
0.00166997
0.0015893
0.00150417
0.00141473
0.00132092
0.00122256
0.00111928
0.00101069
0.000896263
0.00077552
0.000647882
0.000512747
0.000369499
0.000217283
5.54433e-05
-0.000117331
-0.000301759
-0.000499722
-0.000712032
-0.000940944
-0.00118759
-0.00145401
-0.00174165
-0.00205161
-0.00238489
-0.00274064
-0.00311822
-0.00351174
-0.00391447
-0.0043139
-0.00469234
-0.00502573
-0.00529453
-0.00548496
-0.00557946
-0.00557561
-0.00549637
-0.00538219
-0.00526753
-0.00517323
-0.00511563
-0.00509529
-0.00510797
-0.00514989
-0.00520889
-0.00528102
-0.00536136
-0.00544829
-0.00554133
-0.00563704
-0.00573764
-0.00584145
-0.00594665
-0.00605531
-0.00616478
-0.00627547
-0.00638634
-0.00649793
-0.00660904
-0.00671759
-0.00682515
-0.00693082
-0.00702902
-0.00712496
-0.00721644
-0.00730068
-0.00737951
-0.00745488
-0.00752364
-0.00758668
-0.00764032
0.00398155
0.00384909
0.00327948
0.00267158
0.00220638
0.00193437
0.0018485
0.00189469
0.00200495
0.00212486
0.00222219
0.00228299
0.00230464
0.00229283
0.00225786
0.00221055
0.00215958
0.0021105
0.00206592
0.0020262
0.00199017
0.00195568
0.00192042
0.00188227
0.00183969
0.00179168
0.0017378
0.00167799
0.00161251
0.00154173
0.00146604
0.00138567
0.00130079
0.00121133
0.00111714
0.00101789
0.000913182
0.000802557
0.000685506
0.000561508
0.000429928
0.000290237
0.000141576
-1.65992e-05
-0.000185529
-0.000365828
-0.000559173
-0.000766322
-0.000989163
-0.00122877
-0.00148677
-0.00176445
-0.00206254
-0.00238182
-0.0027211
-0.00307951
-0.00345156
-0.00383093
-0.00420616
-0.00456278
-0.00488043
-0.00514125
-0.00533393
-0.00544294
-0.0054638
-0.00541302
-0.00532442
-0.00522955
-0.00514908
-0.00509974
-0.00508313
-0.00509705
-0.00513944
-0.00519882
-0.00527118
-0.00535171
-0.00543868
-0.0055318
-0.00562766
-0.00572835
-0.00583231
-0.00593767
-0.00604646
-0.00615614
-0.00626702
-0.00637811
-0.00648986
-0.0066012
-0.0067099
-0.00681767
-0.00692356
-0.00702215
-0.00711839
-0.00721035
-0.00729503
-0.00737449
-0.00745038
-0.00751979
-0.00758337
-0.00763752
0.00380175
0.00366895
0.00309831
0.00248909
0.00202256
0.00174933
0.00166248
0.00170798
0.00181788
0.00193772
0.00203525
0.00209649
0.0021188
0.00210787
0.002074
0.00202802
0.00197865
0.00193144
0.00188903
0.0018518
0.00181856
0.00178717
0.0017553
0.00172083
0.00168219
0.00163837
0.0015889
0.00153367
0.00147289
0.00140684
0.00133587
0.00126016
0.00117983
0.00109482
0.00100496
0.000909925
0.000809355
0.000702803
0.000589759
0.00046974
0.000342111
0.000206394
6.17677e-05
-9.22536e-05
-0.0002568
-0.000432426
-0.00062059
-0.000821985
-0.0010382
-0.00127017
-0.00151922
-0.00178639
-0.00207216
-0.00237707
-0.0026997
-0.00303904
-0.00338994
-0.00374685
-0.00409933
-0.00443534
-0.00473799
-0.00499081
-0.00518449
-0.00530568
-0.00534865
-0.00532493
-0.00526165
-0.00518702
-0.00512106
-0.00508081
-0.00506886
-0.0050845
-0.00512748
-0.0051873
-0.00526005
-0.00534091
-0.00542804
-0.00552129
-0.00561731
-0.00571811
-0.00582227
-0.00592783
-0.00603676
-0.00614668
-0.00625778
-0.0063691
-0.00648105
-0.00659265
-0.00670154
-0.00680954
-0.00691568
-0.0070147
-0.00711126
-0.00720375
-0.0072889
-0.00736902
-0.0074455
-0.00751558
-0.00757974
-0.00763441
0.00361777
0.00348388
0.00291168
0.00230116
0.00183371
0.00155994
0.00147289
0.00151843
0.00162852
0.00174867
0.00184661
0.00190837
0.00193132
0.00192117
0.00188822
0.00184336
0.00179531
0.00174967
0.0017091
0.001674
0.00164317
0.00161451
0.00158564
0.00155444
0.00151934
0.00147931
0.00143383
0.00138279
0.00132636
0.00126478
0.00119833
0.0011272
0.00105145
0.000970996
0.000885639
0.000795075
0.00069892
0.000596756
0.000488077
0.000372433
0.000249204
0.000117951
-2.21059e-05
-0.000171404
-0.000330969
-0.000501297
-0.000683659
-0.000878658
-0.00108764
-0.00131138
-0.00155094
-0.00180714
-0.00208018
-0.00237047
-0.0026764
-0.00299696
-0.00332727
-0.00366262
-0.00399366
-0.00431002
-0.00459815
-0.00484297
-0.00503664
-0.00516802
-0.00523074
-0.00523214
-0.00519353
-0.00513947
-0.00508867
-0.00505834
-0.00505205
-0.00507001
-0.00511378
-0.0051742
-0.0052475
-0.00532892
-0.00541637
-0.00550989
-0.00560619
-0.00570715
-0.00581153
-0.00591735
-0.00602647
-0.00613666
-0.006248
-0.00635959
-0.00647174
-0.00658362
-0.00669273
-0.00680097
-0.00690739
-0.00700684
-0.00710376
-0.00719678
-0.00728245
-0.00736326
-0.00744035
-0.00751113
-0.00757588
-0.0076311
0.00343469
0.00330048
0.00272754
0.00211621
0.00164811
0.00137388
0.00128659
0.0013321
0.00144232
0.00156272
0.001661
0.00172319
0.00174666
0.00173712
0.00170491
0.00166092
0.00161392
0.00156953
0.00153043
0.00149706
0.00146822
0.00144181
0.00141546
0.00138705
0.00135498
0.00131822
0.00127624
0.00122893
0.0011764
0.00111888
0.00105663
0.000989802
0.000918435
0.000842418
0.000761528
0.000675458
0.00058381
0.000486181
0.000382065
0.000271046
0.000152515
2.60773e-05
-0.000109008
-0.000253122
-0.000407202
-0.000571677
-0.00074766
-0.000935666
-0.00113682
-0.00135177
-0.00158132
-0.00182617
-0.00208623
-0.00236186
-0.00265126
-0.00295352
-0.00326405
-0.00357866
-0.00388944
-0.00418722
-0.00446134
-0.00469835
-0.00489123
-0.00503093
-0.00511089
-0.00513534
-0.0051204
-0.00508696
-0.00505186
-0.00503215
-0.00503246
-0.00505351
-0.00509841
-0.00515953
-0.00523352
-0.00531566
-0.00540364
-0.00549757
-0.00559424
-0.00569541
-0.00580005
-0.00590617
-0.00601547
-0.00612595
-0.00623756
-0.00634942
-0.00646179
-0.00657396
-0.0066833
-0.00679178
-0.0068985
-0.00699841
-0.00709572
-0.00718929
-0.00727552
-0.00735703
-0.00743478
-0.00750629
-0.00757167
-0.00762745
0.00325518
0.00312053
0.0025467
0.00193449
0.00146564
0.00119085
0.00110321
0.00114856
0.00125879
0.0013793
0.00147779
0.00154028
0.00156412
0.00155504
0.00152339
0.00148007
0.00143388
0.00139047
0.00135253
0.00132052
0.00129329
0.00126872
0.00124446
0.00121839
0.0011889
0.00115495
0.00111604
0.00107201
0.00102298
0.00096916
0.000910786
0.000847995
0.000780803
0.000709085
0.000632596
0.000551021
0.000463945
0.000370978
0.000271608
0.000165447
5.18987e-05
-6.93942e-05
-0.000199136
-0.000337654
-0.000485795
-0.000643928
-0.000813013
-0.000993507
-0.0011863
-0.001392
-0.00161111
-0.00184429
-0.00209116
-0.00235208
-0.00262515
-0.0029095
-0.003201
-0.00349588
-0.0037876
-0.00406788
-0.00432849
-0.00455772
-0.00474905
-0.00489522
-0.00498997
-0.00503515
-0.00504251
-0.00502941
-0.00501041
-0.00500197
-0.00500972
-0.0050347
-0.00508118
-0.00514319
-0.00521795
-0.00530102
-0.0053897
-0.00548416
-0.00558134
-0.00568281
-0.00578774
-0.00589419
-0.00600372
-0.0061145
-0.0062264
-0.00633854
-0.00645115
-0.00656365
-0.00667325
-0.00678201
-0.00688905
-0.00698945
-0.00708718
-0.00718134
-0.00726817
-0.00735042
-0.00742888
-0.00750113
-0.00756716
-0.00762352
0.00307369
0.00293868
0.00236413
0.0017512
0.00128178
0.00100661
0.000918792
0.000964148
0.0010745
0.00119524
0.00129403
0.00135688
0.00138115
0.00137256
0.00134147
0.0012988
0.00125338
0.00121087
0.00117399
0.00114323
0.00111744
0.00109453
0.00107213
0.00104815
0.00102097
0.000989571
0.000953419
0.000912364
0.000866518
0.000816096
0.000761316
0.000702307
0.000639072
0.00057149
0.000499298
0.000422186
0.000339718
0.000251518
0.000157064
5.59894e-05
-5.22928e-05
-0.000168112
-0.000292127
-0.000424641
-0.000566398
-0.000717747
-0.000879473
-0.00105201
-0.00123601
-0.00143206
-0.00164038
-0.00186163
-0.00209522
-0.00234145
-0.00259848
-0.00286538
-0.00313872
-0.00341487
-0.00368859
-0.00395248
-0.00420003
-0.00442145
-0.0046106
-0.0047616
-0.00486882
-0.00493235
-0.00496035
-0.00496694
-0.00496425
-0.0049676
-0.0049835
-0.00501335
-0.005062
-0.00512512
-0.00520077
-0.00528484
-0.00537442
-0.00546959
-0.00556742
-0.00566927
-0.00577455
-0.0058814
-0.00599118
-0.00610228
-0.00621451
-0.00632696
-0.00643983
-0.00655268
-0.00666258
-0.00677162
-0.00687903
-0.00697995
-0.00707813
-0.00717289
-0.00726037
-0.00734337
-0.00742258
-0.0074956
-0.0075623
-0.00761925
0.00289364
0.00275835
0.00218314
0.00156957
0.00109968
0.000824225
0.000736327
0.000781763
0.000892314
0.00101332
0.00111242
0.00117564
0.00120032
0.00119219
0.00116161
0.00111954
0.00107479
0.00103306
0.000997096
0.000967391
0.000942824
0.000921312
0.000900517
0.000878328
0.00085315
0.000823951
0.000790213
0.000751793
0.000708805
0.000661467
0.000609988
0.000554499
0.000494995
0.000431362
0.000363326
0.00029058
0.000212678
0.00012925
3.97723e-05
-5.61073e-05
-0.000158954
-0.000269085
-0.000387101
-0.000513298
-0.00064831
-0.000792485
-0.00094644
-0.00111062
-0.00128546
-0.00147153
-0.00166887
-0.00187805
-0.00209842
-0.00233013
-0.00257157
-0.00282165
-0.00307757
-0.00333594
-0.00359265
-0.00384119
-0.00407626
-0.0042899
-0.00447638
-0.00463077
-0.00474824
-0.00482776
-0.00487454
-0.00489987
-0.00491341
-0.00492895
-0.00495359
-0.00498915
-0.00504067
-0.00510527
-0.00518188
-0.00526709
-0.00535771
-0.00545373
-0.00555237
-0.00565477
-0.00576046
-0.00586775
-0.00597785
-0.00608927
-0.00620187
-0.00631466
-0.00642779
-0.00654104
-0.00665126
-0.00676059
-0.00686839
-0.00696985
-0.0070685
-0.0071639
-0.00725205
-0.00733583
-0.00741583
-0.00748967
-0.00755705
-0.00761461
0.00271539
0.00257981
0.00200399
0.00138982
0.000919483
0.000643776
0.000555809
0.000601327
0.000712059
0.000833307
0.000932695
0.000996228
0.00102126
0.00101352
0.000983388
0.000941817
0.000897654
0.000856603
0.000821427
0.000792646
0.00076915
0.000748874
0.000729488
0.000708889
0.000685489
0.000658263
0.000626701
0.000590674
0.000550298
0.000505797
0.000457381
0.000405191
0.000349217
0.000289354
0.000225326
0.000156831
8.34255e-05
4.73596e-06
-7.9745e-05
-0.000170374
-0.000267677
-0.000371978
-0.000483802
-0.000603461
-0.000731471
-0.000868194
-0.0010141
-0.00116963
-0.00133506
-0.00151093
-0.00169715
-0.0018942
-0.00210145
-0.00231887
-0.00254515
-0.00277904
-0.00301839
-0.00326004
-0.00350068
-0.00373482
-0.00395796
-0.00416377
-0.00434704
-0.00450352
-0.00462913
-0.00472229
-0.00478587
-0.00482865
-0.00485805
-0.00488599
-0.00491984
-0.00496183
-0.005017
-0.00508353
-0.00516132
-0.00524769
-0.00533946
-0.00543651
-0.00553613
-0.0056392
-0.0057454
-0.00585324
-0.00596367
-0.00607545
-0.00618847
-0.00630161
-0.00641504
-0.0065287
-0.00663929
-0.00674893
-0.00685715
-0.00695919
-0.00705836
-0.0071544
-0.00724328
-0.00732786
-0.0074087
-0.00748336
-0.00755145
-0.0076096
0.00253904
0.00240322
0.00182684
0.00121214
0.000741401
0.000465462
0.000377436
0.000423034
0.00053394
0.000655419
0.000755074
0.000818904
0.000844268
0.000836891
0.000807161
0.000766053
0.000722426
0.000681997
0.000647544
0.000619602
0.000597078
0.000577919
0.000559806
0.000540648
0.00051886
0.000493431
0.000463856
0.000430016
0.000392037
0.000350158
0.000304594
0.000255495
0.000202856
0.00014658
8.64009e-05
2.20214e-05
-4.69925e-05
-0.000121013
-0.000200531
-0.000285905
-0.000377622
-0.000476011
-0.000581538
-0.000694517
-0.000815377
-0.000944472
-0.00108217
-0.00122887
-0.00138478
-0.00155033
-0.00172543
-0.00191038
-0.00210468
-0.00230813
-0.00251972
-0.00273822
-0.00296187
-0.00318783
-0.00341336
-0.00363392
-0.00384567
-0.00404356
-0.00422309
-0.00438048
-0.00451229
-0.00461684
-0.00469513
-0.00475382
-0.0047984
-0.00483873
-0.00488217
-0.00493112
-0.00499069
-0.00505978
-0.00513896
-0.00522657
-0.00531959
-0.00541778
-0.00551853
-0.00562247
-0.00572928
-0.00583771
-0.00594856
-0.0060607
-0.00617417
-0.00628771
-0.00640144
-0.00651555
-0.00662655
-0.00673653
-0.00684521
-0.00694787
-0.00704757
-0.00714429
-0.00723395
-0.00731935
-0.00740107
-0.00747661
-0.00754544
-0.00760424
0.00236543
0.00222942
0.00165256
0.00103737
0.000566279
0.00029014
0.000202075
0.000247765
0.000358851
0.000480564
0.000580487
0.000644613
0.0006703
0.000663276
0.000633941
0.00059328
0.000550165
0.000510325
0.000476552
0.000449394
0.00042777
0.000409642
0.000392702
0.000374868
0.000354564
0.000330783
0.000303031
0.0002712
0.000235428
0.000195969
0.000153051
0.000106836
5.73294e-05
4.44483e-06
-5.20692e-05
-0.000112501
-0.000177267
-0.000246737
-0.000321376
-0.000401545
-0.000487693
-0.000580151
-0.000679332
-0.000785555
-0.000899183
-0.00102055
-0.00114996
-0.00128777
-0.00143413
-0.00158939
-0.00175348
-0.00192655
-0.00210823
-0.00229821
-0.00249566
-0.00269944
-0.00290813
-0.00311933
-0.00333069
-0.00353856
-0.00373959
-0.00392973
-0.00410514
-0.0042625
-0.00439876
-0.00451245
-0.00460327
-0.00467621
-0.00473509
-0.00478762
-0.00484079
-0.00489713
-0.00496174
-0.00503402
-0.00511502
-0.00520399
-0.00529831
-0.00539774
-0.00549976
-0.00560472
-0.00571227
-0.00582141
-0.00593273
-0.00604526
-0.00615918
-0.00627317
-0.00638721
-0.00650177
-0.00661322
-0.00672355
-0.00683271
-0.00693599
-0.00703627
-0.00713367
-0.00722409
-0.00731032
-0.00739292
-0.00746934
-0.00753888
-0.00759827
0.00219341
0.00205729
0.00148007
0.0008645
0.000393127
0.000116832
2.87441e-05
7.45281e-05
0.000185791
0.000307735
0.000407925
0.000472349
0.00049836
0.000491692
0.000462749
0.00042253
0.000379917
0.000340653
0.00030754
0.000281139
0.000260382
0.000243245
0.000227428
0.00021086
0.000191972
0.000169766
0.000143754
0.000113839
8.0169e-05
4.30125e-05
2.61053e-06
-4.08585e-05
-8.73729e-05
-0.000137007
-0.000189998
-0.00024662
-0.000307272
-0.000372315
-0.000442191
-0.000517253
-0.000597921
-0.000684513
-0.000777399
-0.00087688
-0.000983275
-0.00109689
-0.00121799
-0.0013469
-0.00148374
-0.00162879
-0.001782
-0.00194344
-0.00211283
-0.00228982
-0.00247374
-0.00266354
-0.00285802
-0.00305519
-0.0032531
-0.0034488
-0.00363951
-0.00382191
-0.00399279
-0.0041493
-0.00428865
-0.00440961
-0.00451093
-0.00459614
-0.00466805
-0.00473229
-0.00479527
-0.00485934
-0.00492945
-0.00500559
-0.00508889
-0.00517942
-0.00527508
-0.00537582
-0.00547919
-0.00558535
-0.00569387
-0.00580381
-0.00591578
-0.00602874
-0.00614315
-0.00625764
-0.00637203
-0.0064871
-0.00659908
-0.00670978
-0.00681949
-0.00692352
-0.00702442
-0.00712256
-0.00721385
-0.00730097
-0.00738452
-0.00746186
-0.00753217
-0.00759219
0.002028
0.00189198
0.00131458
0.000698736
0.000227107
-4.93797e-05
-0.000137564
-9.17756e-05
1.95764e-05
0.00014167
0.000242051
0.000306697
0.000332958
0.000326566
0.000297931
0.000258063
0.000215854
0.000177061
0.000144497
0.000118734
9.87146e-05
8.24281e-05
6.75857e-05
5.21277e-05
3.44921e-05
1.36931e-05
-1.07521e-05
-3.8927e-05
-7.06751e-05
-0.000105715
-0.000143794
-0.00018473
-0.000228491
-0.000275142
-0.000324898
-0.000378016
-0.000434864
-0.000495786
-0.000561191
-0.000631421
-0.000706859
-0.000787815
-0.000874624
-0.000967576
-0.00106695
-0.00117305
-0.00128608
-0.00140633
-0.00153394
-0.0016691
-0.00181181
-0.00196209
-0.00211971
-0.00228435
-0.00245545
-0.00263211
-0.00281331
-0.00299743
-0.00318283
-0.00336713
-0.003548
-0.00372276
-0.00388864
-0.00404336
-0.00418425
-0.00431037
-0.00442015
-0.00451583
-0.0045994
-0.00467467
-0.00474721
-0.00481908
-0.00489499
-0.0049754
-0.00506148
-0.00515384
-0.00525089
-0.00535292
-0.00545762
-0.00556504
-0.0056746
-0.00578546
-0.00589814
-0.00601158
-0.00612646
-0.00624145
-0.00635611
-0.00647161
-0.00658413
-0.0066952
-0.00680543
-0.00691015
-0.00701166
-0.0071105
-0.00720265
-0.00729067
-0.00737515
-0.00745344
-0.00752449
-0.00758512
0.00185991
0.00172388
0.00114621
0.000530171
5.85206e-05
-0.000217785
-0.000305597
-0.000259293
-0.000147335
-2.4586e-05
7.64829e-05
0.000141841
0.000168838
0.000163211
0.000135378
9.63565e-05
5.50473e-05
1.72145e-05
-1.43247e-05
-3.89907e-05
-5.78371e-05
-7.28693e-05
-8.63714e-05
-0.000100396
-0.000116502
-0.000135667
-0.000158371
-0.000184688
-0.000214453
-0.000247367
-0.000283162
-0.000321629
-0.000362717
-0.000406471
-0.000453086
-0.000502806
-0.000555971
-0.000612914
-0.000674014
-0.000739604
-0.000810033
-0.000885601
-0.000966607
-0.00105333
-0.00114601
-0.00124491
-0.00135024
-0.00146224
-0.00158104
-0.0017068
-0.00183952
-0.00197921
-0.00212571
-0.00227871
-0.00243776
-0.00260211
-0.00277091
-0.00294283
-0.00311652
-0.00329008
-0.00346154
-0.00362881
-0.00378948
-0.00394177
-0.00408321
-0.00421303
-0.00432962
-0.00443407
-0.00452788
-0.0046133
-0.00469501
-0.00477474
-0.00485673
-0.00494188
-0.00503134
-0.00512606
-0.0052248
-0.00532827
-0.00543438
-0.00554314
-0.00565398
-0.00576595
-0.00587966
-0.00599376
-0.00610919
-0.00622478
-0.00633982
-0.00645584
-0.00656905
-0.00668056
-0.00679134
-0.00689687
-0.00699903
-0.00709862
-0.00719169
-0.00728059
-0.00736603
-0.00744527
-0.00751707
-0.00757829
0.00169228
0.00155544
0.000976821
0.000360055
-0.00011203
-0.00038849
-0.000476229
-0.000429707
-0.000317462
-0.000194393
-9.2985e-05
-2.72667e-05
1.19876e-07
-5.07721e-06
-3.24276e-05
-7.08995e-05
-0.000111581
-0.000148699
-0.000179427
-0.000203178
-0.000220999
-0.000234889
-0.000247127
-0.00025976
-0.00027434
-0.000291842
-0.000312739
-0.000337101
-0.000364755
-0.000395396
-0.000428739
-0.000464566
-0.000502803
-0.000543488
-0.000586794
-0.000632958
-0.000682294
-0.000735125
-0.000791801
-0.000852644
-0.00091797
-0.00098807
-0.00106321
-0.00114364
-0.00122959
-0.0013213
-0.00141894
-0.00152274
-0.00163281
-0.00174931
-0.00187226
-0.00200166
-0.00213739
-0.00227921
-0.00242676
-0.00257941
-0.00273647
-0.00289689
-0.00305951
-0.00322289
-0.00338531
-0.00354518
-0.00370036
-0.00384945
-0.0039903
-0.00412213
-0.00424355
-0.00435481
-0.00445702
-0.0045513
-0.0046414
-0.00472864
-0.00481661
-0.00490651
-0.00499944
-0.00509667
-0.00519717
-0.00530202
-0.00540946
-0.00551949
-0.00563158
-0.00574462
-0.00585934
-0.00597416
-0.00609008
-0.00620632
-0.00632173
-0.00643819
-0.0065521
-0.00666407
-0.00677542
-0.0068818
-0.00698466
-0.00708501
-0.00717905
-0.00726892
-0.00735534
-0.00743562
-0.0075082
-0.00757005
0.0015579
0.00142252
0.000845085
0.000229237
-0.000242097
-0.000517915
-0.00060506
-0.000557948
-0.000445108
-0.00032145
-0.000219476
-0.000153226
-0.000125346
-0.000130083
-0.000156996
-0.000195037
-0.000235286
-0.000271962
-0.00030224
-0.000325537
-0.000342903
-0.000356342
-0.000368131
-0.00038031
-0.000394419
-0.000411416
-0.00043175
-0.00045547
-0.000482373
-0.000512129
-0.000544424
-0.000579018
-0.000615811
-0.000654823
-0.000696205
-0.000740181
-0.000787046
-0.000837108
-0.000890689
-0.000948096
-0.00100962
-0.00107552
-0.00114604
-0.00122142
-0.00130184
-0.00138752
-0.00147863
-0.00157535
-0.00167781
-0.00178615
-0.00190041
-0.0020206
-0.00214665
-0.00227839
-0.00241554
-0.00255762
-0.00270404
-0.00285399
-0.00300648
-0.00316042
-0.00331435
-0.00346709
-0.00361688
-0.00376258
-0.00390237
-0.0040354
-0.0041605
-0.0042773
-0.00438658
-0.0044887
-0.00458648
-0.00468094
-0.00477497
-0.00486994
-0.00496682
-0.00506711
-0.00516991
-0.00527646
-0.0053854
-0.0054967
-0.00561011
-0.00572427
-0.00584008
-0.00595584
-0.00607231
-0.00618923
-0.00630504
-0.00642182
-0.00653644
-0.00664886
-0.00676075
-0.00686797
-0.00697146
-0.00707249
-0.00716747
-0.0072582
-0.00734552
-0.00742674
-0.00750004
-0.00756239
0.00129447
0.00115919
0.000582703
-3.01573e-05
-0.000496428
-0.000765305
-0.000844134
-0.000788283
-0.000667178
-0.000536256
-0.0004282
-0.000357046
-0.000325281
-0.000326789
-0.000350707
-0.000385647
-0.000422488
-0.00045539
-0.000481562
-0.000500512
-0.000513427
-0.000522452
-0.000529986
-0.000538151
-0.00054852
-0.000562046
-0.000579144
-0.000599805
-0.000623755
-0.0006506
-0.000679964
-0.000711563
-0.000745263
-0.000781064
-0.000819093
-0.00085956
-0.000902724
-0.000948874
-0.000998308
-0.00105132
-0.00110817
-0.00116911
-0.00123435
-0.00130411
-0.00137854
-0.00145785
-0.00154217
-0.00163169
-0.00172653
-0.0018268
-0.00193257
-0.00204387
-0.00216063
-0.00228271
-0.00240989
-0.0025418
-0.00267798
-0.00281784
-0.00296059
-0.00310542
-0.00325113
-0.00339677
-0.00354088
-0.00368247
-0.00382009
-0.00395281
-0.00407975
-0.00420019
-0.00431466
-0.00442305
-0.00452733
-0.00462828
-0.004728
-0.00482794
-0.00492883
-0.00503228
-0.00513761
-0.00524602
-0.00535659
-0.00546922
-0.00558399
-0.00569941
-0.0058164
-0.00593337
-0.00605061
-0.00616834
-0.00628482
-0.006402
-0.00651742
-0.0066305
-0.00674301
-0.00685129
-0.00695556
-0.00705743
-0.0071535
-0.00724526
-0.0073336
-0.00741595
-0.00749008
-0.00755308
0.0013048
0.00117314
0.000599465
-1.31757e-05
-0.000482537
-0.000758109
-0.000846917
-0.000802925
-0.000693828
-0.000573721
-0.000474518
-0.000409887
-0.000382308
-0.000386081
-0.000411101
-0.000446806
-0.000484756
-0.000519558
-0.00054858
-0.00057127
-0.000588579
-0.000602307
-0.000614493
-0.000626948
-0.000641025
-0.000657556
-0.000676917
-0.000699142
-0.000724049
-0.00075136
-0.000780811
-0.000812211
-0.000845481
-0.000880651
-0.000917849
-0.000957279
-0.000999191
-0.00104384
-0.00109149
-0.00114235
-0.00119665
-0.00125458
-0.00131633
-0.00138209
-0.00145203
-0.00152632
-0.00160514
-0.00168865
-0.00177698
-0.00187027
-0.0019686
-0.00207201
-0.00218049
-0.00229397
-0.00241228
-0.00253518
-0.0026623
-0.00279321
-0.00292724
-0.0030638
-0.00320191
-0.00334082
-0.00347936
-0.00361666
-0.00375162
-0.00388331
-0.00401105
-0.00413398
-0.00425236
-0.00436582
-0.00447558
-0.0045822
-0.0046871
-0.00479164
-0.00489635
-0.00500286
-0.00511069
-0.00522093
-0.00533307
-0.00544686
-0.00556274
-0.00567915
-0.00579701
-0.00591496
-0.00603284
-0.00615119
-0.00626815
-0.00638555
-0.00650147
-0.00661495
-0.00672792
-0.00683701
-0.00694192
-0.00704436
-0.00714134
-0.00723388
-0.00732301
-0.00740624
-0.00748106
-0.00754443
-0.00197706
-0.00186079
-0.00130451
-0.000711019
-0.000261963
-7.40141e-06
6.00097e-05
-5.51517e-06
-0.000136239
-0.00027821
-0.000399743
-0.000487392
-0.000538958
-0.000560493
-0.000562326
-0.000555077
-0.000547106
-0.000543678
-0.000547356
-0.000558684
-0.000576766
-0.000599908
-0.000626225
-0.000654083
-0.000682331
-0.000710343
-0.000737954
-0.000765346
-0.000792921
-0.000821168
-0.00085057
-0.000881534
-0.000914375
-0.000949309
-0.000986481
-0.00102599
-0.00106791
-0.00111233
-0.00115934
-0.00120908
-0.0012617
-0.00131738
-0.00137633
-0.00143875
-0.00150485
-0.00157485
-0.00164892
-0.00172726
-0.00181001
-0.0018973
-0.00198922
-0.00208584
-0.00218716
-0.00229316
-0.00240372
-0.00251868
-0.00263775
-0.00276064
-0.00288682
-0.00301585
-0.00314698
-0.0032796
-0.00341282
-0.00354587
-0.00367792
-0.00380808
-0.00393582
-0.00406025
-0.00418144
-0.00429888
-0.00441329
-0.00452498
-0.00463483
-0.00474401
-0.00485288
-0.00496287
-0.00507374
-0.00518637
-0.00530064
-0.00541615
-0.00553354
-0.00565144
-0.0057705
-0.00588986
-0.00600886
-0.00612828
-0.00624622
-0.00636417
-0.00648099
-0.0065952
-0.0067088
-0.00681914
-0.00692495
-0.00702832
-0.00712648
-0.00722008
-0.00731024
-0.00739465
-0.00747034
-0.00753442
0.00109168
0.000960409
0.000386728
-0.000226343
-0.000696552
-0.000973391
-0.00106369
-0.00102115
-0.000913286
-0.000794119
-0.000695586
-0.000631409
-0.000604054
-0.000607831
-0.000632698
-0.000668193
-0.000705998
-0.000740819
-0.000770043
-0.00079308
-0.00081079
-0.000824868
-0.00083725
-0.000849673
-0.00086344
-0.00087936
-0.000897805
-0.000918815
-0.00094222
-0.000967756
-0.000995164
-0.00102425
-0.00105492
-0.00108717
-0.00112109
-0.00115683
-0.00119459
-0.00123458
-0.00127701
-0.00132209
-0.00137001
-0.00142095
-0.00147509
-0.00153258
-0.0015936
-0.00165828
-0.00172678
-0.00179925
-0.00187581
-0.00195659
-0.00204169
-0.00213118
-0.00222508
-0.00232342
-0.00242611
-0.00253308
-0.00264411
-0.00275898
-0.00287732
-0.00299876
-0.00312278
-0.00324882
-0.00337626
-0.0035044
-0.00363261
-0.00376008
-0.00388639
-0.0040107
-0.00413291
-0.00425253
-0.00436981
-0.00448494
-0.00459833
-0.00471092
-0.00482289
-0.00493546
-0.00504855
-0.00516284
-0.00527852
-0.00539511
-0.00551333
-0.00563206
-0.00575167
-0.00587174
-0.00599132
-0.00611122
-0.00622972
-0.00634778
-0.00646499
-0.00657962
-0.00669328
-0.00680428
-0.00691086
-0.00701466
-0.00711364
-0.0072079
-0.00729866
-0.0073839
-0.00746023
-0.00752447
-0.00232651
-0.00220514
-0.00164197
-0.00104018
-0.000582179
-0.000318592
-0.000242621
-0.000300501
-0.000424615
-0.000560857
-0.00067727
-0.00076016
-0.000807112
-0.000823843
-0.000820483
-0.000807634
-0.000793782
-0.000784365
-0.000782103
-0.000787676
-0.000800297
-0.000818338
-0.000839932
-0.000863425
-0.000887608
-0.000911787
-0.000935724
-0.000959526
-0.000983529
-0.00100818
-0.00103392
-0.00106114
-0.00109016
-0.00112118
-0.00115435
-0.00118974
-0.0012274
-0.00126739
-0.00130976
-0.00135458
-0.00140196
-0.00145201
-0.00150487
-0.0015607
-0.00161965
-0.00168191
-0.00174761
-0.00181692
-0.00188996
-0.00196687
-0.00204774
-0.00213267
-0.00222169
-0.00231485
-0.0024121
-0.0025134
-0.00261862
-0.00272761
-0.00284011
-0.00295585
-0.00307444
-0.00319545
-0.00331843
-0.00344278
-0.00356805
-0.00369353
-0.00381884
-0.00394329
-0.00406663
-0.00418844
-0.00430865
-0.00442736
-0.00454462
-0.00466112
-0.00477693
-0.00489292
-0.0050092
-0.00512617
-0.0052442
-0.00536289
-0.00548279
-0.00560323
-0.00572417
-0.00584562
-0.00596651
-0.00608746
-0.00620725
-0.00632609
-0.0064442
-0.0065599
-0.00667408
-0.00678601
-0.00689379
-0.00699873
-0.00709883
-0.00719413
-0.00728586
-0.00737226
-0.00744961
-0.00751465
0.000890342
0.000757832
0.000182681
-0.000431573
-0.000902351
-0.00117897
-0.00126828
-0.00122422
-0.00111463
-0.000993811
-0.000893863
-0.000828583
-0.000800468
-0.000803853
-0.000828614
-0.000864132
-0.000901903
-0.000936491
-0.000965223
-0.0009875
-0.00100422
-0.00101713
-0.00102824
-0.00103934
-0.00105178
-0.00106637
-0.0010835
-0.00110318
-0.00112521
-0.00114929
-0.00117511
-0.00120244
-0.00123114
-0.00126118
-0.00129263
-0.00132562
-0.0013603
-0.00139688
-0.00143555
-0.00147648
-0.00151985
-0.0015658
-0.00161448
-0.001666
-0.00172051
-0.00177813
-0.00183897
-0.00190316
-0.00197083
-0.00204208
-0.00211703
-0.00219577
-0.00227836
-0.00236486
-0.00245527
-0.00254959
-0.00264773
-0.00274962
-0.00285506
-0.00296387
-0.00307576
-0.00319041
-0.00330746
-0.00342646
-0.00354702
-0.00366859
-0.00379079
-0.00391309
-0.00403515
-0.0041566
-0.00427719
-0.00439694
-0.00451569
-0.00463388
-0.0047515
-0.0048691
-0.00498689
-0.00510507
-0.00522405
-0.00534358
-0.00546398
-0.00558497
-0.00570628
-0.00582801
-0.00594936
-0.00607045
-0.00619067
-0.00630974
-0.00642793
-0.00654419
-0.00665824
-0.0067703
-0.00687878
-0.0069842
-0.00708501
-0.00718075
-0.0072727
-0.00735979
-0.00743764
-0.00750274
-0.002519
-0.00239583
-0.00183061
-0.00122698
-0.000767624
-0.000503313
-0.000427248
-0.000485451
-0.000610009
-0.000746558
-0.000862976
-0.000945473
-0.000991578
-0.00100703
-0.00100205
-0.000987407
-0.000971739
-0.000960617
-0.000956828
-0.000961059
-0.000972489
-0.000989421
-0.00100991
-0.00103223
-0.00105513
-0.00107786
-0.00110018
-0.00112219
-0.00114423
-0.00116677
-0.00119027
-0.00121514
-0.00124168
-0.0012701
-0.00130054
-0.00133305
-0.00136767
-0.00140442
-0.00144331
-0.00148439
-0.00152774
-0.00157344
-0.00162161
-0.00167236
-0.00172584
-0.00178219
-0.00184152
-0.00190399
-0.00196969
-0.00203876
-0.00211129
-0.00218736
-0.00226704
-0.0023504
-0.00243745
-0.00252821
-0.00262263
-0.00272069
-0.00282225
-0.00292719
-0.00303532
-0.00314641
-0.00326018
-0.0033763
-0.00349444
-0.00361418
-0.00373518
-0.00385699
-0.00397928
-0.00410168
-0.00422391
-0.00434583
-0.00446725
-0.00458829
-0.00470896
-0.00482947
-0.00495006
-0.0050708
-0.00519203
-0.00531366
-0.00543578
-0.00555839
-0.0056811
-0.00580402
-0.00592655
-0.0060487
-0.00617001
-0.00629016
-0.00640913
-0.00652639
-0.00664126
-0.00675387
-0.00686348
-0.00697021
-0.00707226
-0.0071691
-0.00726174
-0.00734982
-0.00742879
-0.00749451
0.000740442
0.000606833
3.04725e-05
-0.000584772
-0.0010561
-0.00133272
-0.00142145
-0.00137642
-0.00126571
-0.00114386
-0.00104311
-0.000977361
-0.000949166
-0.000952824
-0.000978101
-0.00101423
-0.00105257
-0.00108756
-0.00111645
-0.00113861
-0.00115497
-0.00116735
-0.00117781
-0.00118821
-0.00119996
-0.00121389
-0.00123039
-0.00124948
-0.00127091
-0.00129436
-0.00131949
-0.00134602
-0.00137379
-0.00140274
-0.00143291
-0.00146441
-0.00149739
-0.00153203
-0.0015685
-0.00160696
-0.00164756
-0.00169042
-0.00173566
-0.00178338
-0.00183366
-0.00188661
-0.00194232
-0.0020009
-0.00206243
-0.00212704
-0.00219481
-0.00226585
-0.00234023
-0.00241803
-0.0024993
-0.00258409
-0.00267239
-0.00276419
-0.00285945
-0.00295807
-0.00305994
-0.00316488
-0.00327274
-0.00338321
-0.00349611
-0.00361105
-0.00372779
-0.00384593
-0.0039652
-0.00408523
-0.00420577
-0.00432658
-0.00444744
-0.00456835
-0.00468918
-0.00481011
-0.00493108
-0.00505237
-0.00517391
-0.00529592
-0.00541822
-0.00554097
-0.00566391
-0.00578676
-0.0059094
-0.00603141
-0.0061529
-0.00627334
-0.00639228
-0.00650932
-0.00662396
-0.00673684
-0.00684654
-0.00695336
-0.0070561
-0.00715346
-0.00724631
-0.00733473
-0.00741422
-0.00748019
-0.00254917
-0.00242625
-0.00186175
-0.00125961
-0.000802548
-0.000541354
-0.000469073
-0.000531368
-0.000659951
-0.000800207
-0.0009199
-0.0010052
-0.00105364
-0.00107106
-0.00106791
-0.0010551
-0.00104144
-0.00103261
-0.00103143
-0.00103855
-0.00105308
-0.0010732
-0.00109685
-0.00112221
-0.00114795
-0.00117329
-0.00119797
-0.00122211
-0.00124605
-0.0012703
-0.00129532
-0.00132153
-0.00134925
-0.00137867
-0.00140989
-0.00144295
-0.00147784
-0.00151455
-0.00155308
-0.00159344
-0.00163568
-0.00167987
-0.00172611
-0.00177451
-0.00182521
-0.00187832
-0.00193397
-0.0019923
-0.0020534
-0.00211739
-0.00218438
-0.00225445
-0.00232768
-0.00240415
-0.00248393
-0.00256706
-0.00265357
-0.00274345
-0.00283673
-0.00293332
-0.00303319
-0.00313618
-0.0032422
-0.00335102
-0.00346247
-0.00357626
-0.00369215
-0.00380984
-0.003929
-0.00404938
-0.00417058
-0.00429249
-0.00441468
-0.00453721
-0.00465974
-0.00478249
-0.00490528
-0.00502836
-0.00515164
-0.00527511
-0.00539886
-0.00552254
-0.00564641
-0.00576998
-0.0058937
-0.00601692
-0.00613921
-0.00626054
-0.00637979
-0.0064977
-0.00661314
-0.00672669
-0.00683713
-0.00694399
-0.00704812
-0.0071468
-0.00723928
-0.00732829
-0.00740889
-0.00747513
0.000723068
0.00058657
6.90799e-06
-0.000611986
-0.00108701
-0.0013671
-0.00145889
-0.00141644
-0.00130796
-0.0011882
-0.0010896
-0.00102622
-0.00100076
-0.00100757
-0.00103637
-0.00107628
-0.00111849
-0.00115728
-0.00118977
-0.00121528
-0.00123473
-0.00124996
-0.00126309
-0.00127604
-0.00129025
-0.0013066
-0.00132549
-0.00134694
-0.0013707
-0.0013964
-0.00142368
-0.00145222
-0.00148183
-0.0015124
-0.00154395
-0.00157657
-0.00161038
-0.00164554
-0.00168222
-0.00172056
-0.0017607
-0.00180274
-0.00184678
-0.00189291
-0.0019412
-0.00199174
-0.00204459
-0.00209984
-0.00215759
-0.00221792
-0.00228093
-0.00234671
-0.00241536
-0.00248696
-0.0025616
-0.00263934
-0.00272024
-0.00280434
-0.00289166
-0.00298221
-0.00307595
-0.00317284
-0.0032728
-0.00337572
-0.00348146
-0.00358985
-0.00370067
-0.00381372
-0.00392867
-0.00404533
-0.00416329
-0.00428243
-0.00440241
-0.00452322
-0.00464461
-0.00476653
-0.00488885
-0.00501141
-0.00513431
-0.0052573
-0.00538066
-0.00550406
-0.00562771
-0.00575134
-0.00587476
-0.00599785
-0.00611975
-0.00624082
-0.00636008
-0.00647786
-0.00659354
-0.00670678
-0.0068173
-0.00692453
-0.00702848
-0.0071283
-0.00722161
-0.00731011
-0.00739124
-0.00745818
)
;

boundaryField
{
    zeroGradient
    {
        type            zeroGradient;
    }
    inlet
    {
        type            zeroGradient;
    }
    fixedWalls
    {
        type            zeroGradient;
    }
    frontAndBack
    {
        type            empty;
    }
}


// ************************************************************************* //
