/*--------------------------------*- C++ -*----------------------------------*\
| =========                 |                                                 |
| \\      /  F ield         | OpenFOAM: The Open Source CFD Toolbox           |
|  \\    /   O peration     | Version:  2312                                  |
|   \\  /    A nd           | Website:  www.openfoam.com                      |
|    \\/     M anipulation  |                                                 |
\*---------------------------------------------------------------------------*/
FoamFile
{
    version     2.0;
    format      ascii;
    arch        "LSB;label=32;scalar=64";
    class       volScalarField;
    location    "0.95";
    object      p;
}
// * * * * * * * * * * * * * * * * * * * * * * * * * * * * * * * * * * * * * //

dimensions      [0 2 -2 0 0 0 0];

internalField   nonuniform List<scalar> 
5600
(
2.03012e-09
0.000472551
0.000304477
0.000442488
0.000369889
0.000530036
0.000508682
0.000652815
0.000673389
0.000808121
0.000867332
0.00099723
0.00108226
0.00121123
0.00131979
0.00145391
0.00158055
0.00171979
0.00186185
0.0020155
0.00217578
0.00234682
0.00252527
0.00271629
0.00291307
0.00312166
0.00333501
0.00356016
0.00379203
0.0040389
0.00429747
0.00457494
0.00486594
0.00516772
0.00546825
0.00575822
0.00604479
0.00632599
0.00653856
0.00650771
2.60416e-06
0.000469579
0.000306451
0.000439654
0.000372374
0.000526413
0.000511259
0.00064862
0.000676068
0.000803445
0.000869508
0.000992235
0.00108305
0.0012062
0.00131895
0.00144856
0.00157706
0.00171418
0.00185702
0.0020111
0.0021705
0.00234044
0.00251676
0.00270431
0.00289947
0.0031049
0.0033176
0.00354013
0.00377094
0.00401137
0.00425777
0.00450486
0.00474568
0.00498104
0.00521328
0.00543299
0.00561344
0.00571137
0.00565534
0.00532152
4.95758e-06
0.000467903
0.000307493
0.000438454
0.000373362
0.000524734
0.000512039
0.000646774
0.000676587
0.000801515
0.000869694
0.000990371
0.00108259
0.00120453
0.00131748
0.00144659
0.00157478
0.0017117
0.00185389
0.0020069
0.00216575
0.00233504
0.00250979
0.00269613
0.00288941
0.00309314
0.00330281
0.00352086
0.00374383
0.00397324
0.00420486
0.0044332
0.00465316
0.00486831
0.00507869
0.00527264
0.00542263
0.0054918
0.00541859
0.00509589
8.91358e-06
0.000463712
0.000309983
0.000434644
0.000376363
0.00051986
0.000515232
0.00064139
0.000679835
0.000795607
0.000872174
0.000984089
0.00108322
0.00119818
0.00131607
0.00144124
0.00157027
0.0017064
0.00184778
0.00199954
0.00215781
0.00232435
0.00249782
0.0026804
0.00287118
0.0030708
0.00327763
0.00349034
0.00370417
0.00391311
0.00411517
0.00431408
0.0045117
0.00470386
0.00487911
0.00501998
0.00510177
0.00509069
0.00493429
0.00453909
1.24941e-05
0.000459902
0.000312023
0.000432024
0.000378414
0.000516282
0.000516755
0.000637585
0.000680733
0.000792039
0.000872316
0.000980921
0.00108212
0.00119478
0.00131273
0.00143754
0.00156533
0.00170036
0.00184094
0.00199133
0.00214799
0.00231238
0.00248341
0.00266288
0.00284968
0.00304323
0.00324117
0.0034419
0.00364254
0.00383906
0.00402559
0.00420323
0.00437671
0.00454312
0.00468994
0.00479957
0.00485023
0.00481369
0.00464398
0.00425376
1.74274e-05
0.000453802
0.000315611
0.000426945
0.000382426
0.000509772
0.000520862
0.000630858
0.000684144
0.000784941
0.000873699
0.000974689
0.00107974
0.00119155
0.001308
0.00143126
0.00155829
0.00169204
0.00183181
0.00198012
0.00213488
0.00229618
0.00246383
0.00263876
0.00282078
0.00300899
0.00319897
0.00338424
0.0035609
0.00373212
0.00390079
0.00406706
0.0042275
0.00437547
0.00449979
0.00458534
0.00461195
0.00455141
0.00435811
0.00394552
2.23083e-05
0.000447424
0.000318902
0.000422738
0.000385596
0.000504028
0.000522803
0.000625285
0.000684971
0.000780691
0.000872796
0.00097157
0.00107603
0.00118684
0.00130205
0.00142423
0.00155012
0.00168249
0.00182057
0.00196668
0.00211863
0.00227645
0.00243955
0.00260833
0.0027814
0.00295698
0.00313262
0.00330618
0.00347399
0.00363142
0.00378052
0.00392735
0.00407061
0.00420171
0.00430915
0.00437936
0.00439431
0.00432727
0.00413219
0.0037188
2.85703e-05
0.00043859
0.000323838
0.000416142
0.000390819
0.000495777
0.0005275
0.000617414
0.00068639
0.000774533
0.00086994
0.000968912
0.00107083
0.00118038
0.00129462
0.00141583
0.00154
0.00167065
0.00180634
0.00194996
0.00209833
0.00225197
0.00240912
0.00257036
0.0027338
0.00289826
0.00305918
0.00321137
0.00335601
0.00349815
0.00363938
0.00377801
0.00390902
0.00402619
0.00412044
0.004181
0.00419191
0.00412873
0.00394721
0.00355929
3.50923e-05
0.000428827
0.00032862
0.0004102
0.00039479
0.000487832
0.000528918
0.000611338
0.000686044
0.00077164
0.000866226
0.000963933
0.00106482
0.00117292
0.00128607
0.00140556
0.00152799
0.00165614
0.00178929
0.00192941
0.00207366
0.00222197
0.00237301
0.00252571
0.00267612
0.00281976
0.00295659
0.00309074
0.00322453
0.00335805
0.00349004
0.00361933
0.00374373
0.00386033
0.00396322
0.00404245
0.00408022
0.00404497
0.0038751
0.00344687
4.30512e-05
0.000416436
0.000334777
0.000402313
0.000400966
0.000478292
0.000532484
0.0006036
0.000682017
0.000768383
0.000862162
0.000957327
0.00105803
0.00116373
0.00127604
0.00139279
0.00151372
0.00163839
0.00176888
0.00190438
0.00204379
0.00218435
0.00232573
0.00246523
0.0025996
0.00272677
0.00285041
0.0029737
0.00309541
0.00321069
0.00331556
0.00340869
0.00349375
0.00357821
0.00366546
0.00374644
0.00381966
0.00391163
0.00409372
0.00450532
5.15691e-05
0.000402428
0.000341048
0.000394815
0.000404592
0.000469281
0.000531631
0.000601357
0.00067808
0.000763259
0.000856319
0.000949902
0.00104944
0.00115321
0.00126378
0.00137805
0.00149641
0.00161747
0.00174393
0.00187437
0.00200772
0.0021395
0.00226724
0.00238871
0.0025061
0.00262261
0.00273871
0.00285154
0.00295902
0.00305958
0.00315475
0.00324897
0.00334802
0.00345103
0.00354857
0.00363604
0.00372259
0.00383537
0.00402752
0.0043997
6.15756e-05
0.000385679
0.000347544
0.000387162
0.000410059
0.000462037
0.000525484
0.000597493
0.000674332
0.00075743
0.000848865
0.000941202
0.00103873
0.00114093
0.00124892
0.00136082
0.00147567
0.00159283
0.00171356
0.00183691
0.00196047
0.00208027
0.00219379
0.0023024
0.0024107
0.00251996
0.00262781
0.00273071
0.00282755
0.00292185
0.00301924
0.00311962
0.00321529
0.00330029
0.00337524
0.00344851
0.00353692
0.00366913
0.00389494
0.00430999
7.22542e-05
0.000367286
0.000354037
0.000379198
0.000410017
0.000458585
0.000519573
0.00059203
0.000669012
0.000751017
0.000840713
0.000930996
0.00102615
0.00112629
0.0012315
0.00134031
0.00145114
0.00156373
0.00167846
0.00179294
0.00190215
0.00200508
0.00210554
0.00220561
0.002305
0.00240394
0.00250545
0.00261236
0.00272054
0.00282345
0.00291682
0.00299948
0.00307276
0.00313965
0.00320508
0.00327843
0.00337522
0.00352011
0.00375696
0.00417373
8.44337e-05
0.000345542
0.000359101
0.000376198
0.000407604
0.000454942
0.000513851
0.000584381
0.000660662
0.00074285
0.00083101
0.000919039
0.00101137
0.001109
0.00121103
0.00131603
0.00142161
0.00152694
0.00163208
0.00173532
0.00183348
0.00192844
0.00202401
0.00212138
0.00221941
0.00231546
0.00240716
0.00249297
0.00257336
0.00265277
0.00273693
0.00282447
0.00290709
0.00298023
0.00304803
0.0031213
0.00321683
0.00336006
0.0035947
0.00400756
9.71149e-05
0.000324844
0.000360587
0.000372226
0.000402212
0.000449887
0.00050862
0.000578278
0.000652817
0.000732599
0.000818699
0.000904619
0.000993999
0.00108862
0.00118693
0.00128728
0.00138623
0.00148238
0.00157527
0.00166698
0.00175816
0.00184801
0.00193649
0.0020233
0.00210849
0.00219379
0.00228258
0.00237573
0.00246763
0.00255261
0.00262811
0.00269463
0.00275436
0.0028109
0.00286967
0.00293944
0.00303428
0.00317757
0.00341214
0.00382541
0.000110772
0.000303652
0.000356822
0.000369823
0.00039844
0.000445088
0.000502211
0.000570048
0.000642504
0.000720047
0.000804139
0.000887604
0.000973644
0.00106457
0.00115828
0.00125232
0.0013422
0.00142721
0.00151122
0.0015963
0.00168031
0.00176068
0.00183853
0.00191722
0.0020006
0.00209033
0.00218241
0.00227114
0.00235209
0.00242327
0.00248492
0.00253868
0.0025876
0.00263586
0.00268943
0.00275679
0.00285113
0.00299486
0.00323002
0.00364354
0.000124666
0.000284181
0.000348513
0.000366346
0.000393804
0.000438941
0.000494285
0.000560333
0.000630848
0.000705773
0.000787205
0.000867677
0.000949795
0.00103609
0.00112353
0.0012087
0.00128806
0.00136529
0.00144436
0.00152564
0.00160661
0.00168459
0.00175938
0.00183151
0.00190087
0.00196727
0.00203261
0.00210092
0.00217485
0.00225049
0.00232022
0.00237921
0.0024284
0.00247345
0.00252234
0.00258519
0.00267602
0.00281743
0.00305123
0.00346419
0.000138532
0.00026525
0.000335666
0.000361803
0.000389349
0.000432676
0.000485778
0.00054939
0.000617525
0.00068922
0.000767156
0.000843535
0.000920589
0.00100134
0.00108094
0.00115723
0.00123058
0.00130251
0.00137366
0.00144272
0.00150888
0.00157361
0.00164144
0.00171524
0.00179202
0.00186782
0.00194005
0.00200744
0.00206929
0.00212509
0.00217471
0.00221872
0.00225898
0.00229904
0.00234502
0.00240589
0.00249521
0.00263542
0.00286835
0.00328074
0.000152344
0.000248808
0.000317244
0.000354897
0.000384324
0.000425739
0.000475999
0.000536412
0.000601492
0.000669841
0.000744479
0.000816058
0.000884653
0.00095637
0.00102946
0.0011019
0.00117139
0.0012381
0.00130373
0.00136888
0.00143228
0.00149226
0.00154888
0.0016037
0.00165836
0.00171459
0.00177514
0.00184116
0.00190775
0.00196795
0.00201779
0.00205778
0.00209201
0.00212654
0.00216851
0.00222688
0.00231468
0.0024539
0.00268609
0.00309798
0.00016288
0.000235031
0.00029937
0.000343472
0.000376607
0.000417765
0.000465944
0.000523043
0.000583547
0.000645263
0.000712989
0.000778871
0.000842928
0.000910665
0.000979324
0.00104574
0.00110801
0.00116683
0.00122348
0.00127774
0.00132843
0.00137538
0.00142106
0.00146995
0.00152623
0.00159095
0.00165978
0.00172604
0.00178422
0.0018317
0.00186904
0.00189912
0.00192633
0.00195597
0.00199459
0.00205072
0.00213709
0.0022754
0.00250705
0.0029188
0.000170287
0.00022563
0.00028089
0.000326184
0.000365189
0.000407788
0.000453388
0.000506116
0.000562178
0.000618131
0.00067998
0.000740841
0.000798936
0.000860241
0.000922428
0.000981478
0.00103565
0.00108651
0.00113619
0.0011851
0.00123228
0.00127663
0.00131873
0.00136046
0.0014042
0.00145199
0.00150566
0.00156418
0.00162061
0.00166799
0.00170392
0.00173086
0.00175432
0.00178078
0.00181719
0.00187196
0.00195748
0.00209524
0.00232648
0.00273796
0.000174742
0.000216365
0.000263534
0.000307011
0.000349113
0.000393842
0.000437799
0.000486629
0.000538644
0.000589085
0.00064397
0.000698255
0.000749072
0.000802914
0.000858324
0.000910652
0.000957536
0.00100053
0.00104188
0.00108141
0.00111841
0.00115335
0.00118948
0.00123133
0.00128192
0.00133859
0.00139464
0.00144379
0.00148298
0.00151261
0.00153538
0.00155495
0.00157528
0.00160087
0.00163723
0.00169203
0.00177746
0.001915
0.00214604
0.00255755
0.000175899
0.000207214
0.000247378
0.000287381
0.000328161
0.000374559
0.00041817
0.000463388
0.000511291
0.000556945
0.000604561
0.000651391
0.000694301
0.000740058
0.000788293
0.000833721
0.000873307
0.00090846
0.000942397
0.000976185
0.00100939
0.00104183
0.00107559
0.00111406
0.00115982
0.00121088
0.00125975
0.00129955
0.00132819
0.00134795
0.00136308
0.00137784
0.00139593
0.00142097
0.00145756
0.00151269
0.00159827
0.00173574
0.00196664
0.00237818
0.00017374
0.000197406
0.000231155
0.000266983
0.00030451
0.00034965
0.000393134
0.000435821
0.000479883
0.00052093
0.000561986
0.000601106
0.000635508
0.000672107
0.000712178
0.000750338
0.000782874
0.000810721
0.000837459
0.000864866
0.000893252
0.000923141
0.000956773
0.000996409
0.00104047
0.0010837
0.0011205
0.00114793
0.00116648
0.0011792
0.00118998
0.00120238
0.00121949
0.00124439
0.00128118
0.00133654
0.00142217
0.00155952
0.00179027
0.0022018
0.000167768
0.000186308
0.000214705
0.000246437
0.000279871
0.000320389
0.000360699
0.000400757
0.000442012
0.000479295
0.000514455
0.00054707
0.000574208
0.000601673
0.000632406
0.000662143
0.000687072
0.000707694
0.00072798
0.000751058
0.000778135
0.000809454
0.000844933
0.000882428
0.000918594
0.000950081
0.000974545
0.00099149
0.0010025
0.00101049
0.00101866
0.00102986
0.00104651
0.00107124
0.00110791
0.00116307
0.00124841
0.00138549
0.0016161
0.00202773
0.000158407
0.000172826
0.000196531
0.000224087
0.000253618
0.000290677
0.00032717
0.000361235
0.00039589
0.000427414
0.000456959
0.000485462
0.000508764
0.00052919
0.000550504
0.000570831
0.000587157
0.000600043
0.00061404
0.000633638
0.000660768
0.000693731
0.000727901
0.000759384
0.000786206
0.000807493
0.000822943
0.000833071
0.000839436
0.000844401
0.000850596
0.000860459
0.000876225
0.000900384
0.000936656
0.000991511
0.00107657
0.00121332
0.0014436
0.00185512
0.00014548
0.00015661
0.000176095
0.000199368
0.000224064
0.000256148
0.000288169
0.000317104
0.000346414
0.000373284
0.000397374
0.000419978
0.000438076
0.000452356
0.00046647
0.000480306
0.000491606
0.000500101
0.000508947
0.00052181
0.00054074
0.000565646
0.000594491
0.000622705
0.000646333
0.000663549
0.000674492
0.000680396
0.000683218
0.000685345
0.000689271
0.000697311
0.000711648
0.000734772
0.000770392
0.0008249
0.000909845
0.00104669
0.00127726
0.00168927
0.000128575
0.000136952
0.000152639
0.000171795
0.000191507
0.0002185
0.000246159
0.000270135
0.000293791
0.000315309
0.00033321
0.000348484
0.000359502
0.000366389
0.000372002
0.000377047
0.000380588
0.000382824
0.000386918
0.000396802
0.000414769
0.000439666
0.000466321
0.000489318
0.000505944
0.000516166
0.000521285
0.000522989
0.000523064
0.000523393
0.000525956
0.000532755
0.000545881
0.000567879
0.000602564
0.000656422
0.00074101
0.000877751
0.00110843
0.00152079
0.000108576
0.00011388
0.000125548
0.000140691
0.000155578
0.000177134
0.000200121
0.000218911
0.000236711
0.000253068
0.000266202
0.000276581
0.000283512
0.000286873
0.000288666
0.00028952
0.00028882
0.000286678
0.000285825
0.000290012
0.000301739
0.000320039
0.000339484
0.000354744
0.000363709
0.000367233
0.000367366
0.000366049
0.000364726
0.000364632
0.000367053
0.000373542
0.000386028
0.000407101
0.000440688
0.000493342
0.000576704
0.000712273
0.00094188
0.00135327
8.31631e-05
8.68473e-05
9.52096e-05
0.000106903
0.000117001
0.000132445
0.000150035
0.000163116
0.000174105
0.00018364
0.000189556
0.000191327
0.000188834
0.000182384
0.000174359
0.000166582
0.000160048
0.000156194
0.000157862
0.00016695
0.000181315
0.00019632
0.000207837
0.000214157
0.000215909
0.000214803
0.000212412
0.000209777
0.00020768
0.000207147
0.000209602
0.000216703
0.000230399
0.000253246
0.000289101
0.000344429
0.00043073
0.000569345
0.000801998
0.00121645
5.59295e-05
5.41924e-05
5.85252e-05
6.76821e-05
7.55753e-05
8.58505e-05
9.89487e-05
0.000107486
0.000113761
0.000119591
0.000124223
0.000126068
0.000125301
0.000121605
0.000116431
0.00010997
0.000101624
9.02832e-05
7.66532e-05
6.24541e-05
4.9733e-05
4.0139e-05
3.56532e-05
3.82087e-05
4.73089e-05
5.83454e-05
6.60553e-05
6.73746e-05
6.22888e-05
5.29223e-05
4.25249e-05
3.46617e-05
3.29177e-05
4.09818e-05
6.34296e-05
0.000107079
0.000183609
0.000314469
0.00054162
0.000953314
2.05972e-05
2.09244e-05
2.20183e-05
2.61122e-05
2.73435e-05
2.99235e-05
3.60102e-05
3.88398e-05
3.77447e-05
3.50097e-05
3.0118e-05
2.13699e-05
8.72436e-06
-7.16795e-06
-2.4364e-05
-4.10409e-05
-5.60558e-05
-6.84712e-05
-7.63886e-05
-7.72979e-05
-7.06792e-05
-6.02599e-05
-5.15037e-05
-4.8117e-05
-5.05717e-05
-5.69803e-05
-6.4703e-05
-7.15127e-05
-7.5935e-05
-7.70242e-05
-7.39587e-05
-6.56878e-05
-5.06337e-05
-2.63397e-05
1.11631e-05
6.85508e-05
0.000157557
0.000299743
0.00053706
0.000957539
-2.55145e-05
-2.01118e-05
-1.66707e-05
-1.242e-05
-1.32302e-05
-1.7637e-05
-1.88294e-05
-1.94472e-05
-2.17967e-05
-2.35019e-05
-2.50222e-05
-2.79413e-05
-3.35947e-05
-4.14899e-05
-5.07191e-05
-6.01418e-05
-6.99788e-05
-8.07514e-05
-9.29646e-05
-0.000106077
-0.000119583
-0.00013327
-0.000147777
-0.000163798
-0.000181945
-0.000202242
-0.000224538
-0.000248714
-0.000275045
-0.000304043
-0.000336508
-0.000373449
-0.000416381
-0.000467681
-0.000531384
-0.000614369
-0.000728732
-0.000896458
-0.00115999
-0.00160792
-6.09762e-05
-6.25583e-05
-6.82189e-05
-7.33849e-05
-8.01026e-05
-8.88165e-05
-9.54967e-05
-0.000102571
-0.000113373
-0.000127462
-0.000143523
-0.00016193
-0.000182867
-0.000205494
-0.000227845
-0.000247384
-0.000261909
-0.00027016
-0.000272789
-0.000272823
-0.000273533
-0.000276964
-0.000283697
-0.000293026
-0.000303385
-0.00031295
-0.000320235
-0.000324266
-0.000324559
-0.000320892
-0.000313002
-0.000300241
-0.000281273
-0.000253696
-0.000213452
-0.000153696
-6.25337e-05
8.16907e-05
0.000320916
0.000743065
-0.000109357
-0.000110336
-0.000115423
-0.000120816
-0.00012635
-0.000133788
-0.000140678
-0.000147003
-0.000154756
-0.000164183
-0.000174076
-0.000184345
-0.000195657
-0.000208389
-0.000222409
-0.000237387
-0.000253345
-0.000270626
-0.000289654
-0.000310552
-0.000333203
-0.000357465
-0.000383425
-0.000411362
-0.000441583
-0.000474063
-0.000508561
-0.000544826
-0.00058278
-0.000622621
-0.00066488
-0.00071048
-0.000760911
-0.000818579
-0.000887467
-0.000974336
-0.00109103
-0.00125923
-0.00152088
-0.00196395
-0.000161515
-0.000166055
-0.000176902
-0.000190687
-0.000205473
-0.000222043
-0.000239303
-0.000257007
-0.00027648
-0.000298341
-0.000321833
-0.000346103
-0.000370338
-0.000393227
-0.000412895
-0.000427362
-0.000435805
-0.000440183
-0.000444168
-0.000450617
-0.000460405
-0.000472682
-0.000485831
-0.000498208
-0.000508629
-0.000516424
-0.000521256
-0.000522957
-0.000521417
-0.000516467
-0.000507739
-0.000494473
-0.000475271
-0.000447727
-0.000407802
-0.00034866
-0.000258408
-0.000115376
0.000122386
0.000542822
-0.000212488
-0.000215285
-0.000222988
-0.000233227
-0.000243999
-0.000255571
-0.000267652
-0.000280173
-0.00029348
-0.000307954
-0.000323271
-0.000339235
-0.000355977
-0.000373583
-0.000391987
-0.000411139
-0.000431238
-0.000452636
-0.000475642
-0.00050036
-0.000526736
-0.000554687
-0.000584234
-0.000615515
-0.000648525
-0.000683134
-0.000719156
-0.000756448
-0.000795003
-0.000835038
-0.000877068
-0.000922013
-0.000971386
-0.00102764
-0.00109481
-0.0011797
-0.00129417
-0.00145991
-0.00171889
-0.00215909
-0.000280788
-0.000287739
-0.000302213
-0.000321834
-0.000343961
-0.000367772
-0.000392425
-0.00041784
-0.000444082
-0.000470488
-0.000495486
-0.000517357
-0.000534889
-0.000547565
-0.000556525
-0.000564045
-0.000572297
-0.000582512
-0.000594832
-0.000608487
-0.000622293
-0.000635081
-0.000645994
-0.000654531
-0.000660622
-0.000664396
-0.00066598
-0.000665382
-0.000662448
-0.000656837
-0.000647964
-0.000634889
-0.0006161
-0.000589143
-0.000549972
-0.00049177
-0.000402654
-0.000260963
-2.4744e-05
0.00039396
-0.000329386
-0.000331239
-0.000336651
-0.000345632
-0.000358151
-0.000373455
-0.000390493
-0.000408244
-0.000427588
-0.000449636
-0.000474207
-0.000498788
-0.000520982
-0.000540029
-0.000556703
-0.000571978
-0.000586909
-0.000602249
-0.000618707
-0.000636669
-0.000656324
-0.000677596
-0.000700406
-0.0007247
-0.000750453
-0.00077761
-0.000806179
-0.0008362
-0.000867832
-0.000901377
-0.000937394
-0.00097681
-0.00102115
-0.00107287
-0.00113604
-0.00121748
-0.00132911
-0.00149263
-0.00175007
-0.0021895
-0.000416257
-0.00042327
-0.00043774
-0.000458412
-0.000484509
-0.000514254
-0.000545672
-0.000575782
-0.00060347
-0.000627934
-0.000649105
-0.000666596
-0.000680649
-0.000691731
-0.000700671
-0.000707964
-0.000713948
-0.00071867
-0.000722244
-0.000724711
-0.000726152
-0.000726505
-0.000725679
-0.000723493
-0.000719859
-0.000714747
-0.0007082
-0.000700206
-0.000690657
-0.000679248
-0.000665429
-0.000648258
-0.000626224
-0.000596866
-0.000556154
-0.000497299
-0.000408479
-0.000268123
-3.44337e-05
0.000380302
0.00626945
0.00634189
0.00662065
0.006797
0.00679293
0.0066137
0.00631866
0.00597813
0.00564411
0.00534491
0.0050914
0.00488347
0.00471347
0.00457053
0.00444406
0.00432557
0.00420923
0.00409162
0.00397127
0.00384811
0.00372296
0.00359707
0.00347176
0.00334807
0.00322667
0.00310774
0.00299103
0.00287597
0.00276179
0.00264763
0.00253269
0.00241629
0.00229785
0.002177
0.00205339
0.00192678
0.00179673
0.00166281
0.00152426
0.00138034
0.00123003
0.00107228
0.000905845
0.000729284
0.000541077
0.000339074
0.000121135
-0.000116321
-0.000377085
-0.000666995
-0.000991876
-0.00135592
-0.00176605
-0.00223284
-0.00276715
-0.00337273
-0.00405029
-0.00479672
-0.00557797
-0.00631869
-0.00690608
-0.00723672
-0.0072601
-0.00700268
-0.00659047
-0.00614407
-0.00575327
-0.00546026
-0.00526693
-0.00516367
-0.00513569
-0.00515421
-0.00520107
-0.00526735
-0.00534499
-0.00542863
-0.005517
-0.00560946
-0.00570545
-0.00580374
-0.00590521
-0.00600865
-0.00611423
-0.0062208
-0.00632965
-0.00643849
-0.00655013
-0.00666171
-0.00677501
-0.00688876
-0.00700301
-0.00711395
-0.00722555
-0.00732907
-0.00743052
-0.00752413
-0.00761302
-0.00769126
-0.00776338
-0.00782293
0.00495042
0.00502411
0.00547627
0.00591751
0.00618286
0.00623261
0.00609152
0.00583163
0.00552947
0.00523861
0.00498602
0.0047802
0.00461753
0.00448646
0.00437345
0.0042672
0.00416035
0.00404925
0.003933
0.00381235
0.00368894
0.00356455
0.00344072
0.00331854
0.00319859
0.00308098
0.00296544
0.00285138
0.00273803
0.00262456
0.00251017
0.00239418
0.00227604
0.00215536
0.0020318
0.0019053
0.00177543
0.00164176
0.00150348
0.00135987
0.00120985
0.00105241
0.000886254
0.000709978
0.00052208
0.000320405
0.000102875
-0.000134111
-0.000394208
-0.00068321
-0.0010069
-0.00136934
-0.00177731
-0.00224107
-0.00277115
-0.00337105
-0.00404091
-0.00477872
-0.00555217
-0.00628643
-0.00687
-0.0072018
-0.00723041
-0.00697922
-0.00657273
-0.00613068
-0.00574262
-0.00545155
-0.00525945
-0.0051569
-0.00512953
-0.00514853
-0.00519573
-0.00526242
-0.00534055
-0.00542465
-0.00551342
-0.00560629
-0.00570267
-0.0058013
-0.00590308
-0.0060068
-0.00611262
-0.0062194
-0.00632843
-0.00643742
-0.00654918
-0.00666087
-0.00677426
-0.00688809
-0.00700241
-0.00711342
-0.00722508
-0.00732866
-0.00743016
-0.00752383
-0.00761275
-0.00769106
-0.0077632
-0.0078228
0.0047588
0.00486372
0.00535772
0.00584383
0.00615009
0.0062327
0.00611216
0.00585921
0.00555328
0.00525276
0.00498891
0.00477292
0.00460313
0.00446856
0.00435487
0.00424936
0.00414338
0.00403249
0.00391549
0.00379325
0.00366776
0.00354123
0.00341552
0.00329186
0.00317089
0.00305261
0.00293664
0.00282225
0.00270861
0.00259483
0.00248012
0.00236383
0.00224546
0.00212467
0.0020011
0.00187434
0.00174396
0.00160961
0.00147064
0.00132639
0.00117584
0.00101796
0.00085146
0.000674928
0.000486821
0.000285037
6.74598e-05
-0.000169385
-0.000429035
-0.000716952
-0.00103861
-0.00139841
-0.00180245
-0.00226019
-0.00278146
-0.00336955
-0.00402368
-0.00473824
-0.00548213
-0.006188
-0.00675433
-0.00708834
-0.00713846
-0.00691657
-0.00653601
-0.00611469
-0.00574125
-0.00545683
-0.00526647
-0.00516403
-0.00513554
-0.00515303
-0.00519897
-0.00526457
-0.00534175
-0.00542516
-0.00551348
-0.00560594
-0.00570198
-0.00580036
-0.00590196
-0.00600557
-0.00611132
-0.00621808
-0.00632714
-0.00643618
-0.00654802
-0.0066598
-0.00677328
-0.00688721
-0.00700163
-0.00711273
-0.00722449
-0.00732816
-0.00742974
-0.0075235
-0.00761249
-0.00769087
-0.00776307
-0.00782271
0.00416556
0.00424988
0.0047389
0.00524613
0.00559643
0.00574141
0.00569187
0.00550658
0.00525716
0.00500002
0.00476799
0.00457472
0.00442178
0.00430164
0.00420214
0.0041112
0.00401968
0.00392224
0.00381694
0.00370422
0.00358613
0.00346532
0.00334423
0.00322462
0.00310744
0.00299286
0.00288043
0.00276931
0.00265851
0.00254709
0.00243428
0.00231949
0.0022023
0.00208244
0.00195962
0.00183357
0.0017039
0.00157023
0.00143188
0.00128818
0.00113811
0.000980632
0.000814465
0.000638189
0.0004503
0.000248682
3.12809e-05
-0.00020529
-0.000464384
-0.000750943
-0.00107036
-0.00142715
-0.0018269
-0.00227783
-0.00278913
-0.00336329
-0.00399766
-0.00468636
-0.00540074
-0.006079
-0.00662762
-0.00696161
-0.00703204
-0.00683984
-0.00648597
-0.00608598
-0.00572654
-0.00544965
-0.00526243
-0.005161
-0.0051324
-0.00514932
-0.00519457
-0.00525976
-0.00533688
-0.00542037
-0.00550883
-0.00560156
-0.00569792
-0.00579663
-0.00589853
-0.00600243
-0.00610846
-0.00621547
-0.00632476
-0.00643399
-0.006546
-0.00665793
-0.00677153
-0.00688557
-0.00700006
-0.00711126
-0.00722309
-0.00732688
-0.00742855
-0.00752247
-0.00761155
-0.00769014
-0.00776248
-0.00782224
0.00389917
0.00400207
0.0045162
0.00505158
0.00543092
0.00560451
0.00558125
0.00541788
0.00518499
0.0049392
0.00471433
0.00452522
0.00437468
0.00425657
0.00415967
0.00407208
0.00398432
0.00389047
0.00378804
0.00367715
0.00355979
0.00343885
0.00331716
0.00319689
0.00307924
0.00296446
0.00285206
0.00274101
0.00263018
0.00251852
0.00240524
0.00228981
0.00217192
0.00205139
0.001928
0.00180153
0.00167151
0.00153751
0.00139878
0.00125463
0.00110404
0.000946068
0.000779419
0.000602743
0.000414502
0.00021264
-4.88105e-06
-0.00024133
-0.000499888
-0.000785247
-0.0011025
-0.00145608
-0.00185118
-0.00229475
-0.00279525
-0.00335439
-0.00396845
-0.00463105
-0.00531488
-0.00596265
-0.00648975
-0.00681993
-0.00690799
-0.00674745
-0.00642598
-0.00605211
-0.00571153
-0.00544646
-0.0052643
-0.00516467
-0.00513582
-0.00515158
-0.00519565
-0.00525974
-0.00533588
-0.00541867
-0.00550667
-0.00559903
-0.0056951
-0.0057936
-0.00589538
-0.00599922
-0.00610526
-0.00621233
-0.00632173
-0.0064311
-0.00654321
-0.00665525
-0.00676894
-0.00688309
-0.00699766
-0.00710898
-0.00722091
-0.00732488
-0.00742667
-0.00752082
-0.00761004
-0.00768892
-0.00776149
-0.0078214
0.00357575
0.00367005
0.0041796
0.00471575
0.00510083
0.00528458
0.00527478
0.00512684
0.00491042
0.00468165
0.004474
0.00430195
0.00416801
0.00406564
0.00398331
0.00390896
0.00383311
0.00374993
0.00365708
0.00355482
0.00344533
0.00333165
0.00321673
0.00310279
0.00299102
0.00288166
0.00277417
0.00266749
0.00256048
0.00245212
0.0023417
0.00222877
0.00211309
0.00199456
0.00187301
0.00174822
0.00161973
0.00148709
0.00134954
0.00120642
0.00105673
0.000899548
0.000733648
0.000557681
0.000370147
0.000169008
-4.77272e-05
-0.000283186
-0.000540451
-0.000823836
-0.00113812
-0.00148755
-0.00187705
-0.00231231
-0.00280087
-0.00334403
-0.00393717
-0.00457307
-0.00522568
-0.00584288
-0.00634938
-0.00667649
-0.00678259
-0.00665496
-0.00636578
-0.00601793
-0.00569556
-0.00544107
-0.00526329
-0.00516413
-0.00513464
-0.00514935
-0.00519221
-0.00525537
-0.005331
-0.00541352
-0.00550139
-0.00559378
-0.00568997
-0.00578866
-0.00589061
-0.00599467
-0.00610093
-0.00620824
-0.00631785
-0.00642742
-0.00653969
-0.00665192
-0.00676571
-0.00687999
-0.0069946
-0.00710604
-0.00721801
-0.00732217
-0.00742404
-0.00751847
-0.00760782
-0.00768711
-0.00775992
-0.00782005
0.00334665
0.00344087
0.00394953
0.00448129
0.00486012
0.00503801
0.00502571
0.00488147
0.00467596
0.00446455
0.00427915
0.00413193
0.00402281
0.00394258
0.00387799
0.00381666
0.00374982
0.00367286
0.00358462
0.00348643
0.00338119
0.00327215
0.0031621
0.00305285
0.00294524
0.00283923
0.00273415
0.00262905
0.00252296
0.0024151
0.00230493
0.00219214
0.00207656
0.0019581
0.00183656
0.00171176
0.00158318
0.0014504
0.00131264
0.00116926
0.00101928
0.000861804
0.000695633
0.000519438
0.000331774
0.000130609
-8.59509e-05
-0.000320943
-0.000577272
-0.000858923
-0.00117038
-0.00151562
-0.0018993
-0.00232595
-0.00280218
-0.00332902
-0.00390105
-0.00451009
-0.00513194
-0.00571944
-0.00620582
-0.00652882
-0.00665021
-0.00655333
-0.00629686
-0.00597637
-0.00567384
-0.00543187
-0.00526016
-0.00516316
-0.00513387
-0.00514831
-0.00519062
-0.00525303
-0.00532804
-0.00541013
-0.00549775
-0.00558992
-0.00568595
-0.00578456
-0.00588646
-0.00599054
-0.00609683
-0.00620423
-0.00631393
-0.00642365
-0.00653602
-0.00664839
-0.00676222
-0.0068766
-0.00699122
-0.00710278
-0.00721476
-0.00731912
-0.00742105
-0.0075158
-0.00760526
-0.007685
-0.00775806
-0.00781844
0.00321136
0.00332754
0.00385177
0.00437707
0.00473012
0.00486797
0.00481254
0.00463591
0.00441604
0.004207
0.00403488
0.0039073
0.00381942
0.00375794
0.00370754
0.00365581
0.00359524
0.00352279
0.00343873
0.00334555
0.00324663
0.00314511
0.00304322
0.00294212
0.00284205
0.00274256
0.0026429
0.00254221
0.00243978
0.00233512
0.00222789
0.00211794
0.0020051
0.00188927
0.00177019
0.00164763
0.00152108
0.00139011
0.00125396
0.00111202
0.000963366
0.000807107
0.000642108
0.000467046
0.000280542
8.06126e-05
-0.000134586
-0.000367906
-0.000622156
-0.000900935
-0.00120847
-0.00154835
-0.00192496
-0.00234191
-0.00280472
-0.00331424
-0.00386437
-0.00444631
-0.00503764
-0.00559597
-0.00606207
-0.00637994
-0.00651497
-0.00644867
-0.00622632
-0.00593434
-0.0056522
-0.00542304
-0.00525784
-0.00516266
-0.00513325
-0.00514691
-0.00518819
-0.00524961
-0.0053237
-0.00540522
-0.00549252
-0.00558456
-0.00568053
-0.00577918
-0.00588116
-0.00598538
-0.00609185
-0.00619946
-0.00630936
-0.00641931
-0.00653183
-0.00664439
-0.0067583
-0.00687281
-0.00698746
-0.00709915
-0.00721114
-0.00731573
-0.00741771
-0.00751281
-0.00760238
-0.0076826
-0.00775593
-0.00781659
0.00302381
0.00307722
0.0035277
0.00398817
0.00430014
0.00442905
0.00439768
0.00426802
0.00410393
0.00394844
0.00382148
0.00372741
0.0036599
0.00360728
0.00355856
0.0035064
0.00344688
0.00337872
0.00330255
0.00322008
0.00313332
0.00304396
0.00295312
0.00286129
0.00276853
0.00267455
0.00257896
0.00248136
0.00238141
0.00227891
0.00217367
0.00206557
0.00195445
0.00184015
0.00172237
0.00160087
0.00147515
0.00134481
0.00120916
0.00106758
0.00091924
0.000763233
0.000598512
0.000423743
0.000237634
3.8249e-05
-0.000176184
-0.000408318
-0.000660875
-0.000937047
-0.00124083
-0.00157534
-0.00194474
-0.00235185
-0.00280105
-0.00329298
-0.00382123
-0.00437647
-0.00493798
-0.00546791
-0.00591397
-0.00622629
-0.00637348
-0.00633629
-0.00614787
-0.00588499
-0.00562407
-0.00540903
-0.00525165
-0.00515926
-0.00513028
-0.00514366
-0.00518443
-0.0052452
-0.00531881
-0.00540003
-0.00548716
-0.00557914
-0.00567517
-0.00577392
-0.00587597
-0.0059803
-0.00608689
-0.00619466
-0.00630472
-0.00641486
-0.0065275
-0.00664023
-0.00675421
-0.00686884
-0.00698349
-0.00709531
-0.00720731
-0.00731213
-0.00741416
-0.00750962
-0.00759931
-0.00768004
-0.00775365
-0.00781462
0.00489962
0.00481944
0.00433186
0.0038263
0.00346294
0.003277
0.00324699
0.00331161
0.00340666
0.00348801
0.00353452
0.00354076
0.00351208
0.00345967
0.00339445
0.00332403
0.00325279
0.00318252
0.0031132
0.00304381
0.00297298
0.0028995
0.00282261
0.00274197
0.0026576
0.00256975
0.00247874
0.00238486
0.00228828
0.00218906
0.00208712
0.00198232
0.00187439
0.00176309
0.00164807
0.00152903
0.00140553
0.00127718
0.00114336
0.00100346
0.000856711
0.000702223
0.000538999
0.000365752
0.000181202
-1.64531e-05
-0.000228976
-0.000458763
-0.000708458
-0.000980872
-0.0012797
-0.00160771
-0.00196862
-0.00236477
-0.00279934
-0.00327279
-0.0037786
-0.00430711
-0.00483915
-0.00534132
-0.00576764
-0.00607385
-0.00623151
-0.00622154
-0.00606701
-0.00583419
-0.0055954
-0.0053951
-0.00524626
-0.00515684
-0.00512811
-0.00514113
-0.00518123
-0.0052412
-0.00531412
-0.00539487
-0.0054817
-0.00557352
-0.00566945
-0.00576819
-0.00587027
-0.0059747
-0.00608142
-0.00618936
-0.00629958
-0.00640994
-0.00652273
-0.00663566
-0.00674972
-0.00686449
-0.00697917
-0.00709113
-0.00720314
-0.00730822
-0.00741032
-0.00750615
-0.00759599
-0.00767723
-0.00775115
-0.00781244
0.0047203
0.00457682
0.0040133
0.00344077
0.00303467
0.00283857
0.00283145
0.0029419
0.0030915
0.00322474
0.00331387
0.00335046
0.00333864
0.00329133
0.00322397
0.00314944
0.00307583
0.00300681
0.00294289
0.00288244
0.0028228
0.00276136
0.00269614
0.00262596
0.00255043
0.00246976
0.00238454
0.00229541
0.00220292
0.00210742
0.002009
0.00190757
0.00180286
0.00169457
0.00158231
0.00146573
0.0013444
0.00121791
0.00108571
0.00094723
0.000801747
0.000648436
0.000486368
0.000314334
0.00013107
-6.50793e-05
-0.000275861
-0.000503409
-0.000750266
-0.0010189
-0.00131267
-0.001634
-0.00198615
-0.00237108
-0.0027909
-0.00324573
-0.0037292
-0.00423157
-0.00473502
-0.00521045
-0.00561744
-0.00591705
-0.00608363
-0.00609888
-0.00597773
-0.00577568
-0.00555988
-0.00537534
-0.00523625
-0.00515079
-0.0051229
-0.00513596
-0.00517583
-0.00523538
-0.00530791
-0.0053884
-0.00547512
-0.00556691
-0.00566287
-0.00576174
-0.00586394
-0.00596854
-0.00607544
-0.00618362
-0.00629405
-0.00640466
-0.00651762
-0.00663078
-0.00674492
-0.00685985
-0.00697455
-0.00708667
-0.00719871
-0.00730404
-0.00740622
-0.00750245
-0.00759247
-0.00767422
-0.00774848
-0.00781011
0.0046632
0.0045447
0.00399611
0.00341314
0.00297402
0.00272751
0.00266433
0.00272789
0.00284856
0.00297138
0.00306432
0.00311402
0.00311915
0.00308768
0.00303226
0.00296545
0.00289674
0.00283155
0.00277177
0.00271671
0.00266407
0.00261088
0.00255451
0.00249314
0.00242591
0.00235267
0.00227386
0.00219015
0.00210226
0.00201073
0.00191587
0.00181773
0.00171617
0.00161092
0.00150158
0.00138778
0.00126906
0.00114499
0.00101502
0.000878585
0.000734985
0.000583491
0.000423188
0.000253005
7.16809e-05
-0.000122286
-0.00033058
-0.000555143
-0.000798307
-0.00106233
-0.0013501
-0.00166386
-0.00200632
-0.00237911
-0.00278349
-0.00321915
-0.00367999
-0.0041565
-0.00463209
-0.00508157
-0.00546975
-0.00576235
-0.00593643
-0.00597478
-0.00588598
-0.00571501
-0.005523
-0.00535484
-0.00522623
-0.00514538
-0.00511841
-0.00513145
-0.00517107
-0.00523014
-0.00530218
-0.00538231
-0.00546878
-0.00556046
-0.00565635
-0.00575525
-0.0058575
-0.00596222
-0.00606925
-0.00617763
-0.00628825
-0.0063991
-0.00651222
-0.00662559
-0.00673982
-0.0068549
-0.00696963
-0.0070819
-0.00719396
-0.00729957
-0.00740185
-0.00749847
-0.00758869
-0.00767096
-0.00774559
-0.00780757
0.00451741
0.00438939
0.00382649
0.00322572
0.00276743
0.00250203
0.00242239
0.00247422
0.00258917
0.00271228
0.00281082
0.0028705
0.00288852
0.00287076
0.00282797
0.00277154
0.00271068
0.00265125
0.00259594
0.00254501
0.00249698
0.00244944
0.00239987
0.00234618
0.00228702
0.00222176
0.00215042
0.00207341
0.00199138
0.00190496
0.00181461
0.00172057
0.00162282
0.0015212
0.00141533
0.00130484
0.00118922
0.00106804
0.00094076
0.000806905
0.000665787
0.000516719
0.000358797
0.000191029
1.22149e-05
-0.000179042
-0.000384299
-0.00060535
-0.00084426
-0.0011031
-0.00138434
-0.00168995
-0.0020222
-0.00238235
-0.00277101
-0.00318742
-0.00362578
-0.00407707
-0.00452579
-0.00495027
-0.00532018
-0.00560539
-0.00578549
-0.00584454
-0.00578653
-0.00564675
-0.00547941
-0.00532853
-0.00521133
-0.00513621
-0.0051108
-0.00512416
-0.00516384
-0.00522276
-0.0052946
-0.00537458
-0.00546099
-0.00555268
-0.00564865
-0.00574771
-0.0058501
-0.00595503
-0.00606228
-0.00617093
-0.00628179
-0.00639294
-0.00650626
-0.00661989
-0.00673425
-0.00684951
-0.00696429
-0.00707674
-0.00718885
-0.00729474
-0.00739714
-0.00749418
-0.00758463
-0.00766744
-0.00774248
-0.00780483
0.00434716
0.00421553
0.00364827
0.00304352
0.00258199
0.00231399
0.0022322
0.00228217
0.0023956
0.00251781
0.00261634
0.0026771
0.00269734
0.00268278
0.00264381
0.00259143
0.00253453
0.00247883
0.00242706
0.00237969
0.00233552
0.0022924
0.00224793
0.00220001
0.0021471
0.00208833
0.0020234
0.0019525
0.00187609
0.00179474
0.00170894
0.00161903
0.0015251
0.00142707
0.00132465
0.0012175
0.0011051
0.000987043
0.000862732
0.000731686
0.000593235
0.00044673
0.000291342
0.000126133
-4.99598e-05
-0.000238259
-0.000440144
-0.000657282
-0.000891487
-0.0011446
-0.00141879
-0.00171566
-0.00203715
-0.00238413
-0.00275669
-0.00315374
-0.00356974
-0.00399639
-0.00441939
-0.00481998
-0.00517238
-0.00545007
-0.00563498
-0.0057126
-0.00568353
-0.00557464
-0.00543267
-0.00529986
-0.00519488
-0.00512646
-0.00510309
-0.00511684
-0.00515667
-0.00521555
-0.00528724
-0.00536707
-0.00545336
-0.00554504
-0.00564102
-0.00574018
-0.00584268
-0.00594776
-0.00605519
-0.00616407
-0.00627515
-0.00638657
-0.00650008
-0.00661395
-0.00672842
-0.00684384
-0.00695867
-0.00707128
-0.00718345
-0.00728962
-0.00739216
-0.00748962
-0.00758033
-0.00766367
-0.00773914
-0.00780188
0.00416577
0.00403378
0.0034652
0.0028587
0.00239515
0.00212494
0.00204087
0.00208862
0.00220008
0.00232073
0.00241831
0.00247884
0.00249969
0.00248655
0.00244975
0.00240017
0.00234655
0.00229447
0.0022466
0.00220334
0.00216351
0.00212499
0.00208544
0.00204276
0.0019954
0.00194239
0.00188335
0.0018183
0.00174758
0.00167165
0.00159094
0.00150578
0.0014163
0.00132247
0.00122405
0.00112074
0.00101207
0.000897615
0.000776792
0.000649093
0.000513892
0.000370542
0.000218312
5.63007e-05
-0.000116415
-0.000301069
-0.000498889
-0.000711372
-0.000940148
-0.00118677
-0.00145319
-0.00174063
-0.00205072
-0.00238401
-0.00274014
-0.00311785
-0.00351172
-0.00391431
-0.00431262
-0.00469029
-0.00502569
-0.00529563
-0.00548406
-0.00557804
-0.00557583
-0.00549676
-0.00538035
-0.00526621
-0.00517413
-0.00511339
-0.0050928
-0.00510726
-0.00514739
-0.00520642
-0.00527818
-0.00535804
-0.00544435
-0.00553609
-0.00563217
-0.00573152
-0.0058342
-0.00593952
-0.00604719
-0.00615637
-0.00626773
-0.00637948
-0.00649322
-0.00660738
-0.006722
-0.00683763
-0.00695254
-0.00706534
-0.00717758
-0.00728407
-0.00738678
-0.00748467
-0.00757569
-0.00765958
-0.00773552
-0.00779865
0.00398341
0.00385087
0.0032812
0.00267329
0.00220811
0.00193613
0.00185031
0.00189652
0.00200678
0.00212669
0.00222401
0.00228481
0.00230646
0.00229466
0.00225971
0.00221242
0.00216146
0.00211238
0.00206779
0.00202807
0.00199202
0.00195753
0.00192225
0.00188409
0.00184148
0.00179345
0.00173954
0.00167971
0.00161421
0.0015434
0.00146766
0.00138727
0.00130234
0.00121286
0.00111861
0.00101932
0.000914556
0.000803887
0.000686776
0.000562701
0.000431081
0.000291273
0.000142619
-1.57272e-05
-0.000184599
-0.000365094
-0.000558341
-0.000765609
-0.000988395
-0.00122795
-0.00148601
-0.00176353
-0.00206173
-0.00238102
-0.00272058
-0.0030791
-0.00345138
-0.00383063
-0.00420529
-0.00456105
-0.00488009
-0.00514228
-0.00533325
-0.00544156
-0.00546387
-0.00541345
-0.00532286
-0.00522818
-0.00514985
-0.00509776
-0.0050808
-0.00509641
-0.00513706
-0.00519647
-0.0052685
-0.00534858
-0.00543499
-0.00552687
-0.00562307
-0.00572263
-0.00582551
-0.00593105
-0.00603897
-0.00614842
-0.00626006
-0.00637213
-0.0064861
-0.00660054
-0.00671531
-0.00683113
-0.00694612
-0.00705911
-0.00717143
-0.00727822
-0.00738112
-0.00747944
-0.0075708
-0.00765523
-0.00773166
-0.00779522
0.00380409
0.0036712
0.0031005
0.00249125
0.00202472
0.0017515
0.00166466
0.00171015
0.00182003
0.00193984
0.00203732
0.00209853
0.00212083
0.00210989
0.00207601
0.00203004
0.00198066
0.00193344
0.00189101
0.00185375
0.00182048
0.00178907
0.00175717
0.00172268
0.00168401
0.00164016
0.00159065
0.00153539
0.00147457
0.0014085
0.00133747
0.00126174
0.00118136
0.00109632
0.0010064
0.000911333
0.000810706
0.000704099
0.000591005
0.000470905
0.000343246
0.000207418
6.27975e-05
-9.13728e-05
-0.000255881
-0.000431659
-0.000619769
-0.000821246
-0.00103745
-0.00126938
-0.00151849
-0.00178557
-0.00207141
-0.00237634
-0.00269918
-0.00303858
-0.00338969
-0.0037464
-0.0040987
-0.00443394
-0.00473733
-0.00499166
-0.00518402
-0.00530434
-0.00534858
-0.00532537
-0.00526035
-0.00518564
-0.00512171
-0.00507907
-0.00506665
-0.00508392
-0.00512525
-0.00518509
-0.00525753
-0.00533795
-0.00542459
-0.00551665
-0.00561302
-0.00571281
-0.00581592
-0.00592173
-0.00602992
-0.00613969
-0.00625162
-0.00636405
-0.00647828
-0.00659304
-0.00670799
-0.00682403
-0.00693913
-0.00705232
-0.00716476
-0.00727188
-0.007375
-0.00747376
-0.00756551
-0.0076505
-0.00772746
-0.00779145
0.00362006
0.00348609
0.00291382
0.00230325
0.0018358
0.00156205
0.00147501
0.00152055
0.00163063
0.00175075
0.00184865
0.00191037
0.00193329
0.00192312
0.00189016
0.00184529
0.00179723
0.00175157
0.00171096
0.00167583
0.00164497
0.00161627
0.00158737
0.00155616
0.00152103
0.00148096
0.00143545
0.00138439
0.00132791
0.0012663
0.00119982
0.00112866
0.00105287
0.000972394
0.000886996
0.000796399
0.000700199
0.000597983
0.000489261
0.00037354
0.000250284
0.000118929
-2.11255e-05
-0.000170548
-0.000330087
-0.000500533
-0.000682857
-0.000877921
-0.00108689
-0.00131062
-0.00155022
-0.0018064
-0.00207951
-0.00236982
-0.00267596
-0.00299649
-0.00332707
-0.00366215
-0.00399321
-0.00430908
-0.00459739
-0.00484369
-0.00503647
-0.00516683
-0.00523054
-0.00523262
-0.00519254
-0.00513814
-0.00508924
-0.00505686
-0.00505002
-0.00506953
-0.00511173
-0.00517215
-0.00524516
-0.00532617
-0.00541322
-0.0055056
-0.00560222
-0.00570231
-0.00580571
-0.00591182
-0.00602035
-0.00613046
-0.00624272
-0.00635553
-0.00647004
-0.00658514
-0.00670028
-0.00681655
-0.00693178
-0.00704517
-0.00715774
-0.00726519
-0.00736856
-0.00746777
-0.00755993
-0.00764548
-0.007723
-0.00778745
0.00343723
0.00330295
0.00272995
0.00211859
0.00165048
0.00137626
0.00128897
0.00133448
0.00144469
0.00156505
0.00166329
0.00172543
0.00174886
0.00173928
0.00170704
0.00166304
0.00161602
0.0015716
0.00153246
0.00149904
0.00147015
0.0014437
0.0014173
0.00138886
0.00135675
0.00131996
0.00127794
0.00123058
0.00117799
0.00112044
0.00105815
0.000991287
0.000919874
0.000843825
0.000762897
0.000676792
0.000585105
0.000487424
0.000383273
0.000272178
0.000153626
2.70907e-05
-0.000107993
-0.000252223
-0.000406284
-0.000570866
-0.000746819
-0.000934894
-0.00113604
-0.00135102
-0.00158061
-0.00182545
-0.00208561
-0.00236122
-0.00265087
-0.00295302
-0.00326384
-0.00357821
-0.00388898
-0.00418658
-0.00446048
-0.00469876
-0.00489121
-0.00502985
-0.00511055
-0.00513576
-0.00511964
-0.00508565
-0.00505232
-0.0050309
-0.00503059
-0.00505311
-0.00509652
-0.00515766
-0.0052314
-0.00531314
-0.00540078
-0.00549364
-0.00559062
-0.00569105
-0.00579478
-0.00590123
-0.0060101
-0.00612059
-0.00623319
-0.00634638
-0.0064612
-0.00657664
-0.00669201
-0.00680851
-0.00692389
-0.00703749
-0.00715022
-0.007258
-0.00736166
-0.00746131
-0.00755393
-0.00764006
-0.00771815
-0.00778307
0.00325792
0.0031232
0.00254931
0.00193704
0.00146815
0.00119334
0.00110568
0.00115102
0.00126122
0.00138169
0.00148012
0.00154254
0.00156633
0.0015572
0.0015255
0.00148216
0.00143594
0.00139249
0.00135451
0.00132245
0.00129517
0.00127055
0.00124624
0.00122013
0.00119061
0.00115663
0.00111767
0.0010736
0.00102451
0.000970662
0.00091225
0.00084943
0.000782196
0.000710442
0.00063391
0.000552289
0.000465174
0.000372149
0.000272752
0.000166517
5.2957e-05
-6.84296e-05
-0.000198163
-0.000336794
-0.000484927
-0.00064318
-0.000812258
-0.000992829
-0.00118564
-0.00139136
-0.00161054
-0.00184367
-0.00209069
-0.0023515
-0.00262484
-0.00290904
-0.00320079
-0.00349555
-0.00378716
-0.00406757
-0.00432775
-0.00455792
-0.00474923
-0.00489438
-0.00498957
-0.00503554
-0.00504204
-0.0050282
-0.00501082
-0.00500096
-0.00500805
-0.00503441
-0.00507951
-0.00514153
-0.00521607
-0.00529874
-0.00538716
-0.00548065
-0.0055781
-0.00567896
-0.00578307
-0.00588989
-0.00599913
-0.00611002
-0.006223
-0.00633661
-0.00645175
-0.00656756
-0.00668318
-0.00679994
-0.00691549
-0.00702932
-0.00714223
-0.00725037
-0.00735434
-0.00745446
-0.00754757
-0.00763428
-0.00771297
-0.00777838
0.00307702
0.00294191
0.00236724
0.00175419
0.00128469
0.00100945
0.000921585
0.000966897
0.0010772
0.00119787
0.00129658
0.00135935
0.00138355
0.00137489
0.00134374
0.00130103
0.00125557
0.00121301
0.00117608
0.00114526
0.00111941
0.00109643
0.00107399
0.00104996
0.00102275
0.000991313
0.000955116
0.00091402
0.000868125
0.000817661
0.000762833
0.000703781
0.000640498
0.000572864
0.000500625
0.000423451
0.000340942
0.000252672
0.000158191
5.70358e-05
-5.12581e-05
-0.000167171
-0.000291186
-0.000423806
-0.000565571
-0.000717024
-0.00087877
-0.00105137
-0.00123542
-0.00143145
-0.00163989
-0.00186106
-0.00209483
-0.00234093
-0.00259819
-0.00286499
-0.00313845
-0.00341463
-0.00368813
-0.00395232
-0.00419945
-0.00442145
-0.00461087
-0.00476101
-0.00486838
-0.00493269
-0.00496012
-0.00496584
-0.0049646
-0.00496684
-0.00498204
-0.00501317
-0.00506054
-0.00512369
-0.00519915
-0.00528285
-0.00537223
-0.00546651
-0.00556459
-0.00566597
-0.00577053
-0.00587777
-0.00598743
-0.00609875
-0.00621213
-0.00632617
-0.00644167
-0.00655788
-0.00667378
-0.00679081
-0.00690657
-0.00702064
-0.00713375
-0.00724226
-0.00734658
-0.00744715
-0.0075408
-0.00762811
-0.00770741
-0.00777332
0.00289668
0.0027613
0.00218599
0.00157233
0.00110235
0.000826847
0.000738911
0.000784317
0.000894833
0.00101579
0.00111484
0.00117799
0.00120261
0.00119441
0.00116378
0.00112167
0.00107689
0.00103512
0.000999111
0.000969358
0.000944733
0.000923168
0.00090232
0.000880089
0.000854871
0.000825637
0.000791857
0.000753394
0.000710355
0.000662965
0.000611434
0.000555896
0.000496348
0.000432659
0.000364581
0.000291771
0.000213834
0.000130335
4.08355e-05
-5.5122e-05
-0.000157981
-0.000268197
-0.00038622
-0.000512503
-0.000647535
-0.000791781
-0.000945776
-0.00110998
-0.0012849
-0.00147093
-0.00166841
-0.00187751
-0.00209805
-0.00232967
-0.00257129
-0.00282136
-0.00307727
-0.00333579
-0.00359221
-0.00384108
-0.00407587
-0.00428974
-0.00447664
-0.00463042
-0.00474781
-0.00482802
-0.00487454
-0.00489888
-0.00491371
-0.00492841
-0.00495233
-0.00498908
-0.00503945
-0.00510409
-0.00518055
-0.00526539
-0.00535588
-0.00545113
-0.00555001
-0.00565203
-0.00575713
-0.00586485
-0.00597495
-0.00608675
-0.00620055
-0.00631506
-0.00643095
-0.00654757
-0.00666379
-0.0067811
-0.0068971
-0.00701141
-0.00712474
-0.00723363
-0.00733832
-0.00743937
-0.00753357
-0.00762151
-0.00770142
-0.00776786
0.00271743
0.00258183
0.00200597
0.00139177
0.000921397
0.000645669
0.000557694
0.000603213
0.000713943
0.000835183
0.000934551
0.000998056
0.00102306
0.00101529
0.00098512
0.000943531
0.000899354
0.000858292
0.000823098
0.000794293
0.000770762
0.000750449
0.000731025
0.000710396
0.00068697
0.000659722
0.000628135
0.000592076
0.000551662
0.000507119
0.000458667
0.000406438
0.000350435
0.000290529
0.000226473
0.000157926
8.44915e-05
5.74036e-06
-7.87655e-05
-0.000169463
-0.000266789
-0.000371161
-0.000483013
-0.000602739
-0.000730794
-0.000867564
-0.00101353
-0.00116907
-0.0013346
-0.00151043
-0.00169679
-0.00189377
-0.00210115
-0.00231854
-0.00254488
-0.00277888
-0.00301815
-0.00326001
-0.00350041
-0.00373479
-0.00395784
-0.00416363
-0.00434732
-0.00450345
-0.00462882
-0.00472249
-0.0047861
-0.00482787
-0.00485835
-0.00488572
-0.00491882
-0.00496189
-0.00501605
-0.00508263
-0.0051603
-0.00524633
-0.00533805
-0.0054344
-0.00553426
-0.00563708
-0.00574281
-0.00585109
-0.0059617
-0.006074
-0.00618828
-0.00630328
-0.00641958
-0.00653664
-0.0066532
-0.00677082
-0.00688708
-0.00700165
-0.00711524
-0.00722452
-0.00732962
-0.00743115
-0.00752594
-0.0076145
-0.00769506
-0.00776201
0.00254109
0.00240525
0.00182883
0.00121408
0.000743308
0.000467351
0.000379321
0.000424924
0.000535833
0.000657309
0.000756951
0.000820759
0.000846093
0.000838683
0.000808923
0.000767792
0.000724147
0.000683703
0.000649232
0.000621265
0.000598706
0.000579507
0.000561354
0.000542159
0.00052034
0.000494883
0.000465279
0.000431404
0.000393386
0.000351461
0.000305856
0.000256711
0.00020404
0.00014772
8.75086e-05
2.30757e-05
-4.59735e-05
-0.000120055
-0.000199606
-0.00028504
-0.00037679
-0.000475237
-0.000580802
-0.000693831
-0.000814745
-0.000943872
-0.00108163
-0.00122834
-0.00138434
-0.00154988
-0.00172507
-0.00191002
-0.00210439
-0.00230788
-0.00251946
-0.0027381
-0.00296164
-0.00318779
-0.00341317
-0.00363386
-0.00384567
-0.00404345
-0.00422328
-0.00438057
-0.00451211
-0.00461695
-0.00469554
-0.00475325
-0.00479868
-0.00483871
-0.00488137
-0.00493131
-0.00499001
-0.00505916
-0.00513828
-0.00522556
-0.00531859
-0.00541619
-0.0055172
-0.00562097
-0.00572746
-0.00583637
-0.00594753
-0.00606037
-0.00617516
-0.00629067
-0.00640743
-0.00652496
-0.00664189
-0.00675984
-0.00687641
-0.00699126
-0.00710513
-0.00721484
-0.00732036
-0.0074224
-0.0075178
-0.00760702
-0.00768824
-0.00775576
0.00236712
0.0022311
0.0016542
0.00103897
0.000567853
0.0002917
0.000203632
0.000249328
0.00036042
0.000482134
0.000582052
0.000646164
0.000671829
0.000664781
0.000635421
0.000594741
0.000551611
0.000511761
0.000477976
0.000450803
0.000429155
0.000410999
0.000394026
0.000376161
0.00035583
0.000332027
0.000304253
0.000272397
0.000236596
0.000197099
0.000154146
0.000107891
5.83572e-05
5.43861e-06
-5.11011e-05
-0.000111574
-0.000176372
-0.000245891
-0.000320565
-0.000400782
-0.000486965
-0.000579467
-0.000678694
-0.000784959
-0.000898645
-0.00102005
-0.00114952
-0.00128734
-0.00143378
-0.00158905
-0.0017532
-0.00192631
-0.00210801
-0.00229806
-0.00249548
-0.0026994
-0.00290803
-0.00311935
-0.00333069
-0.00353859
-0.00373974
-0.00392979
-0.00410536
-0.00426275
-0.00439882
-0.00451256
-0.00460383
-0.00467591
-0.00473538
-0.00478785
-0.00484028
-0.00489749
-0.0049614
-0.00503375
-0.00511473
-0.0052034
-0.00529779
-0.00539673
-0.00549901
-0.0056039
-0.00571128
-0.00582094
-0.00593271
-0.00604611
-0.00616143
-0.00627748
-0.00639471
-0.00651272
-0.00663004
-0.00674834
-0.00686524
-0.00698038
-0.00709454
-0.00720468
-0.00731064
-0.00741315
-0.00750915
-0.00759903
-0.00768088
-0.0077489
0.00219467
0.00205855
0.0014813
0.000865714
0.000394325
0.000118024
2.99408e-05
7.57363e-05
0.000187012
0.000308966
0.000409162
0.000473583
0.000499586
0.000492906
0.000463949
0.00042372
0.0003811
0.000341833
0.000308719
0.000282314
0.000261546
0.000244392
0.000228553
0.000211962
0.000193053
0.000170831
0.000144804
0.000114873
8.11824e-05
4.39963e-05
3.56468e-06
-3.99378e-05
-8.64767e-05
-0.000136139
-0.000189151
-0.000245807
-0.000306489
-0.000371575
-0.000441486
-0.000516591
-0.000597292
-0.00068392
-0.00077684
-0.000876356
-0.000982796
-0.00109645
-0.0012176
-0.00134653
-0.00148343
-0.00162851
-0.00178176
-0.00194327
-0.00211267
-0.00228974
-0.00247365
-0.00266356
-0.00285803
-0.00305528
-0.00325321
-0.00344893
-0.00363974
-0.00382211
-0.00399305
-0.00414963
-0.00428893
-0.00440973
-0.00451158
-0.00459612
-0.00466838
-0.00473278
-0.00479504
-0.00485987
-0.00492944
-0.00500563
-0.00508897
-0.00517924
-0.00527507
-0.00537539
-0.00547906
-0.00558525
-0.0056937
-0.00580427
-0.00591677
-0.00603081
-0.00614671
-0.00626334
-0.00638109
-0.00649964
-0.00661743
-0.00673609
-0.0068534
-0.00696889
-0.00708341
-0.00719403
-0.00730048
-0.00740353
-0.00750021
-0.00759079
-0.0076733
-0.0077419
0.00202922
0.00189319
0.00131575
0.000699879
0.000228221
-4.82853e-05
-0.000136479
-9.06918e-05
2.0662e-05
0.000142757
0.000243137
0.000307777
0.000334026
0.000327619
0.000298968
0.000259086
0.000216867
0.000178068
0.000145499
0.000119732
9.97045e-05
8.34048e-05
6.85443e-05
5.3066e-05
3.54115e-05
1.45966e-05
-9.86021e-06
-3.80476e-05
-6.98099e-05
-0.000104872
-0.000142978
-0.000183947
-0.000227737
-0.000274418
-0.000324198
-0.000377348
-0.000434225
-0.000495186
-0.000560623
-0.000630891
-0.000706359
-0.000787348
-0.000874189
-0.000967177
-0.0010666
-0.00117273
-0.0012858
-0.0014061
-0.00153374
-0.00166895
-0.00181169
-0.00196204
-0.00211968
-0.00228439
-0.00245549
-0.00263223
-0.00281346
-0.00299762
-0.00318306
-0.00336738
-0.00354833
-0.0037231
-0.00388903
-0.00404377
-0.00418476
-0.00431064
-0.00442091
-0.00451614
-0.00459985
-0.00467542
-0.0047473
-0.00481982
-0.00489534
-0.0049758
-0.00506199
-0.00515414
-0.00525144
-0.00535313
-0.00545817
-0.00556572
-0.00567534
-0.0057869
-0.00590021
-0.00601491
-0.00613142
-0.0062486
-0.00636682
-0.00648585
-0.00660405
-0.00672309
-0.0068408
-0.00695661
-0.00707145
-0.00718253
-0.00728944
-0.00739302
-0.00749034
-0.00758161
-0.00766476
-0.00773388
0.00186112
0.00172508
0.00114738
0.000531312
5.96406e-05
-0.000216678
-0.000304496
-0.000258191
-0.000146232
-2.34828e-05
7.75818e-05
0.000142931
0.000169913
0.000164267
0.000136412
9.73692e-05
5.6041e-05
1.81929e-05
-1.3359e-05
-3.80367e-05
-5.68966e-05
-7.19465e-05
-8.54706e-05
-9.95213e-05
-0.000115653
-0.000134843
-0.000157566
-0.000183903
-0.000213685
-0.000246624
-0.000282446
-0.000320948
-0.000362065
-0.00040585
-0.000452488
-0.000502236
-0.000555427
-0.000612405
-0.000673537
-0.000739164
-0.000809624
-0.000885226
-0.000966263
-0.00105302
-0.00114574
-0.00124469
-0.00135006
-0.0014621
-0.00158092
-0.00170673
-0.00183949
-0.00197924
-0.00212577
-0.00227883
-0.0024379
-0.00260232
-0.00277116
-0.00294313
-0.00311686
-0.00329046
-0.00346199
-0.00362928
-0.00379002
-0.00394227
-0.00408392
-0.00421349
-0.00433045
-0.0044347
-0.00452846
-0.00461427
-0.00469545
-0.00477571
-0.00485745
-0.00494265
-0.00503229
-0.00512684
-0.00522593
-0.00532914
-0.00543564
-0.00554465
-0.00565561
-0.00576842
-0.00588281
-0.00599836
-0.00611559
-0.00623339
-0.00635216
-0.00647179
-0.00659054
-0.00671002
-0.0068282
-0.00694437
-0.00705959
-0.00717118
-0.00727859
-0.00738271
-0.00748071
-0.00757265
-0.00765645
-0.00772611
0.00169278
0.00155597
0.000977364
0.000360605
-0.000111481
-0.000387944
-0.000475683
-0.000429158
-0.000316906
-0.000193828
-9.24102e-05
-2.66841e-05
7.06452e-07
-4.49041e-06
-3.1844e-05
-7.03202e-05
-0.000111006
-0.000148126
-0.000178853
-0.000202603
-0.000220423
-0.000234315
-0.000246558
-0.000259201
-0.000273793
-0.000291307
-0.000312214
-0.000336585
-0.000364246
-0.000394898
-0.000428255
-0.000464103
-0.000502361
-0.00054307
-0.000586393
-0.000632577
-0.000681932
-0.00073479
-0.000791493
-0.000852369
-0.000917724
-0.000987855
-0.00106302
-0.00114349
-0.00122947
-0.00132122
-0.00141889
-0.00152273
-0.00163284
-0.00174938
-0.00187237
-0.00200182
-0.00213759
-0.00227946
-0.00242704
-0.00257975
-0.00273686
-0.00289732
-0.00305999
-0.0032234
-0.00338591
-0.00354578
-0.00370108
-0.0038501
-0.00399118
-0.00412284
-0.0042445
-0.00435575
-0.00445783
-0.00455251
-0.0046422
-0.00472986
-0.00481774
-0.00490769
-0.00500088
-0.00509798
-0.00519893
-0.00530363
-0.00541148
-0.00552189
-0.00563419
-0.0057482
-0.00586367
-0.00598007
-0.00609802
-0.00621648
-0.00633577
-0.00645598
-0.00657526
-0.00669518
-0.00681387
-0.00693045
-0.00704608
-0.00715821
-0.00726613
-0.00737085
-0.00746954
-0.00756221
-0.00764667
-0.00771687
0.00155832
0.00142298
0.000845564
0.000229729
-0.000241601
-0.000517421
-0.000604573
-0.000557466
-0.000444627
-0.000320967
-0.00021899
-0.000152737
-0.000124855
-0.000129593
-0.000156509
-0.000194556
-0.000234811
-0.000271493
-0.000301776
-0.000325076
-0.000342445
-0.000355889
-0.000367684
-0.000379873
-0.000393995
-0.000411006
-0.000431353
-0.000455086
-0.000481999
-0.000511767
-0.000544076
-0.00057869
-0.000615503
-0.000654539
-0.00069594
-0.000739938
-0.00078682
-0.000836906
-0.000890512
-0.000947951
-0.0010095
-0.00107543
-0.00114598
-0.00122139
-0.00130184
-0.00138756
-0.0014787
-0.00157547
-0.00167796
-0.00178634
-0.00190064
-0.00202088
-0.00214697
-0.00227876
-0.00241595
-0.00255808
-0.00270456
-0.00285455
-0.0030071
-0.00316107
-0.00331511
-0.00346785
-0.00361777
-0.00376341
-0.00390341
-0.00403636
-0.00416159
-0.00427851
-0.00438765
-0.00449015
-0.00458768
-0.00468246
-0.00477651
-0.00487154
-0.00496874
-0.00506897
-0.00517226
-0.00527882
-0.00538817
-0.00550004
-0.0056137
-0.00572897
-0.00584564
-0.00596299
-0.00608179
-0.00620093
-0.00632073
-0.00644147
-0.00656123
-0.00668157
-0.00680075
-0.00691774
-0.00703371
-0.00714632
-0.00725472
-0.00735994
-0.00745927
-0.00755256
-0.00763762
-0.0077083
0.00129515
0.00115987
0.000583379
-2.9487e-05
-0.000495771
-0.000764667
-0.000843518
-0.000787691
-0.000666608
-0.000535705
-0.000427667
-0.000356528
-0.000324779
-0.000326303
-0.000350239
-0.000385198
-0.00042206
-0.000454982
-0.000481173
-0.000500141
-0.000513072
-0.000522112
-0.000529662
-0.000537843
-0.00054823
-0.000561776
-0.000578893
-0.000599572
-0.000623539
-0.000650401
-0.000679781
-0.000711401
-0.000745121
-0.000780946
-0.000818997
-0.000859485
-0.000902667
-0.000948838
-0.000998294
-0.00105133
-0.00110821
-0.00116918
-0.00123445
-0.00130423
-0.0013787
-0.00145804
-0.0015424
-0.00163196
-0.00172683
-0.00182714
-0.00193295
-0.0020443
-0.0021611
-0.00228324
-0.00241045
-0.00254241
-0.00267865
-0.00281857
-0.00296139
-0.00310624
-0.00325206
-0.00339771
-0.00354196
-0.00368352
-0.00382131
-0.00395404
-0.00408105
-0.00420168
-0.00431605
-0.00442476
-0.00452894
-0.00463014
-0.00473
-0.00483001
-0.00493127
-0.00503476
-0.0051406
-0.0052492
-0.00536019
-0.00547355
-0.00558868
-0.00570528
-0.00582332
-0.00594185
-0.00606166
-0.00618174
-0.00630217
-0.00642362
-0.00654399
-0.00666485
-0.0067847
-0.00690224
-0.00701871
-0.00713196
-0.00724093
-0.00734683
-0.0074469
-0.00754094
-0.00762669
-0.00769794
0.00130487
0.00117321
0.000599539
-1.30998e-05
-0.00048246
-0.000758033
-0.000846843
-0.000802855
-0.000693761
-0.000573659
-0.000474459
-0.000409832
-0.000382255
-0.00038603
-0.000411053
-0.000446761
-0.000484714
-0.00051952
-0.000548545
-0.000571241
-0.000588554
-0.000602287
-0.000614478
-0.00062694
-0.000641025
-0.000657565
-0.000676936
-0.000699171
-0.000724086
-0.000751406
-0.000780865
-0.000812276
-0.000845559
-0.000880744
-0.000917959
-0.000957407
-0.000999335
-0.00104401
-0.00109167
-0.00114255
-0.00119687
-0.00125483
-0.00131661
-0.00138239
-0.00145236
-0.00152668
-0.00160553
-0.00168907
-0.00177744
-0.00187077
-0.00196913
-0.00207259
-0.00218112
-0.00229464
-0.002413
-0.00253595
-0.00266313
-0.00279409
-0.00292821
-0.00306479
-0.00320303
-0.00334195
-0.00348063
-0.00361795
-0.00375304
-0.00388481
-0.0040126
-0.00413573
-0.00425408
-0.00436781
-0.00447759
-0.00458443
-0.00468953
-0.0047942
-0.00489931
-0.00500596
-0.0051143
-0.00522491
-0.00533749
-0.00545215
-0.00556853
-0.00568617
-0.0058053
-0.00592478
-0.00604538
-0.00616626
-0.00628716
-0.00640903
-0.00652984
-0.00665093
-0.00677123
-0.00688921
-0.00700596
-0.00711962
-0.00722903
-0.00733536
-0.007436
-0.00753056
-0.00761682
-0.00768844
-0.0019773
-0.00186103
-0.00130474
-0.000711255
-0.000262197
-7.63186e-06
5.97842e-05
-5.73509e-06
-0.000136453
-0.00027842
-0.000399948
-0.000487593
-0.000539157
-0.00056069
-0.000562523
-0.000555274
-0.000547304
-0.000543877
-0.000547556
-0.000558885
-0.000576968
-0.000600111
-0.000626429
-0.000654291
-0.000682542
-0.000710559
-0.000738175
-0.000765575
-0.000793156
-0.000821411
-0.000850821
-0.000881796
-0.000914647
-0.000949594
-0.00098678
-0.0010263
-0.00106824
-0.00111268
-0.00115971
-0.00120946
-0.0012621
-0.00131781
-0.00137678
-0.00143923
-0.00150535
-0.00157538
-0.00164949
-0.00172786
-0.00181064
-0.00189797
-0.00198993
-0.00208659
-0.00218797
-0.00229401
-0.00240462
-0.00251963
-0.00263877
-0.0027617
-0.00288798
-0.00301705
-0.00314829
-0.00328095
-0.0034143
-0.00354741
-0.00367957
-0.00380986
-0.00393765
-0.0040623
-0.00418351
-0.00430122
-0.00441571
-0.00452764
-0.00463774
-0.00474712
-0.0048564
-0.00496665
-0.00507804
-0.00519119
-0.00530596
-0.00542243
-0.00554052
-0.00565965
-0.00578023
-0.00590115
-0.00602292
-0.00614507
-0.0062669
-0.00638957
-0.00651117
-0.00663283
-0.00675381
-0.00687254
-0.00698991
-0.00710425
-0.00721435
-0.00732141
-0.00742278
-0.00751813
-0.00760507
-0.00767732
0.00109134
0.000960079
0.000386398
-0.000226674
-0.000696883
-0.000973724
-0.00106403
-0.00102149
-0.000913627
-0.000794463
-0.000695934
-0.000631759
-0.000604406
-0.000608185
-0.000633053
-0.00066855
-0.000706357
-0.00074118
-0.000770407
-0.000793449
-0.000811163
-0.000825246
-0.000837633
-0.000850062
-0.000863835
-0.000879763
-0.000898215
-0.000919234
-0.000942647
-0.000968192
-0.000995608
-0.0010247
-0.00105538
-0.00108764
-0.00112158
-0.00115733
-0.00119511
-0.00123511
-0.00127756
-0.00132266
-0.00137059
-0.00142156
-0.00147572
-0.00153324
-0.00159428
-0.00165899
-0.00172753
-0.00180003
-0.00187662
-0.00195744
-0.00204258
-0.0021321
-0.00222606
-0.00232445
-0.0024272
-0.00253422
-0.00264532
-0.00276024
-0.00287867
-0.00300017
-0.00312429
-0.0032504
-0.00337795
-0.00350619
-0.0036345
-0.00376213
-0.00388851
-0.00401304
-0.00413534
-0.00425521
-0.00437265
-0.00448803
-0.00460171
-0.00471457
-0.00482698
-0.00493991
-0.00505355
-0.00516848
-0.00528475
-0.00540237
-0.00552149
-0.00564147
-0.0057628
-0.00588452
-0.00600689
-0.00612972
-0.00625208
-0.00637506
-0.00649706
-0.00661883
-0.00674009
-0.00685915
-0.0069767
-0.00709148
-0.00720193
-0.00730929
-0.00741114
-0.00750685
-0.00759419
-0.00766665
-0.00232717
-0.0022058
-0.00164262
-0.00104084
-0.000582839
-0.000319251
-0.000243278
-0.000301155
-0.000425267
-0.000561506
-0.000677917
-0.000760805
-0.000807757
-0.000824488
-0.000821128
-0.000808281
-0.00079443
-0.000785014
-0.000782754
-0.000788327
-0.000800949
-0.000818991
-0.000840586
-0.000864079
-0.000888264
-0.000912445
-0.000936385
-0.000960191
-0.000984198
-0.00100885
-0.0010346
-0.00106183
-0.00109085
-0.00112188
-0.00115506
-0.00119046
-0.00122814
-0.00126814
-0.00131053
-0.00135536
-0.00140275
-0.00145282
-0.0015057
-0.00156156
-0.00162054
-0.00168282
-0.00174855
-0.00181789
-0.00189097
-0.00196791
-0.00204883
-0.0021338
-0.00222287
-0.00231607
-0.00241338
-0.00251474
-0.00262003
-0.00272908
-0.00284167
-0.00295748
-0.00307617
-0.00319727
-0.00332035
-0.00344483
-0.0035702
-0.00369585
-0.00382127
-0.00394594
-0.00406942
-0.00419149
-0.00431191
-0.00443089
-0.00454849
-0.00466532
-0.0047816
-0.00489805
-0.00501492
-0.00513261
-0.00525138
-0.00537109
-0.00549213
-0.00561384
-0.00573666
-0.00585992
-0.00598354
-0.00610769
-0.00623117
-0.00635513
-0.00647807
-0.00660053
-0.00672248
-0.00684228
-0.00696041
-0.007076
-0.00718735
-0.00729531
-0.00739787
-0.00749442
-0.00758239
-0.00765557
0.000889598
0.000757089
0.000181938
-0.000432315
-0.000903093
-0.00117972
-0.00126903
-0.00122497
-0.00111538
-0.000994564
-0.000894619
-0.000829342
-0.000801228
-0.000804615
-0.000829378
-0.000864897
-0.000902669
-0.00093726
-0.000965994
-0.000988275
-0.00100499
-0.00101791
-0.00102903
-0.00104013
-0.00105258
-0.00106718
-0.00108431
-0.001104
-0.00112604
-0.00115012
-0.00117595
-0.00120329
-0.001232
-0.00126206
-0.00129352
-0.00132651
-0.00136121
-0.00139781
-0.00143649
-0.00147744
-0.00152083
-0.0015668
-0.0016155
-0.00166705
-0.00172158
-0.00177923
-0.0018401
-0.00190433
-0.00197203
-0.00204332
-0.00211831
-0.00219709
-0.00227974
-0.00236628
-0.00245676
-0.00255114
-0.00264936
-0.00275131
-0.00285685
-0.00296573
-0.00307772
-0.00319248
-0.00330964
-0.00342878
-0.00354946
-0.00367121
-0.00379356
-0.00391608
-0.00403832
-0.00416004
-0.0042809
-0.00440095
-0.00452009
-0.00463866
-0.0047568
-0.00487494
-0.00499338
-0.00511234
-0.0052322
-0.0053528
-0.0054745
-0.00559688
-0.00572011
-0.00584395
-0.00596792
-0.00609249
-0.00621639
-0.00634052
-0.0064639
-0.00658638
-0.00670853
-0.00682843
-0.00694646
-0.00706252
-0.00717417
-0.00728233
-0.00738514
-0.00748176
-0.00756989
-0.00764311
-0.00251994
-0.00239678
-0.00183156
-0.00122794
-0.000768586
-0.000504277
-0.000428213
-0.000486416
-0.000610975
-0.000747524
-0.000863943
-0.000946442
-0.000992549
-0.001008
-0.00100303
-0.000988389
-0.000972725
-0.000961606
-0.00095782
-0.000962055
-0.000973488
-0.000990424
-0.00101092
-0.00103324
-0.00105614
-0.00107888
-0.0011012
-0.00112322
-0.00114527
-0.00116782
-0.00119132
-0.0012162
-0.00124274
-0.00127118
-0.00130163
-0.00133415
-0.00136878
-0.00140554
-0.00144445
-0.00148555
-0.00152892
-0.00157464
-0.00162282
-0.0016736
-0.00172711
-0.00178348
-0.00184284
-0.00190534
-0.00197108
-0.00204019
-0.00211276
-0.00218887
-0.00226861
-0.00235202
-0.00243913
-0.00252995
-0.00262446
-0.00272258
-0.00282423
-0.00292927
-0.0030375
-0.0031487
-0.00326259
-0.00337886
-0.00349714
-0.00361707
-0.00373823
-0.00386029
-0.00398279
-0.00410548
-0.004228
-0.00435028
-0.0044721
-0.00459359
-0.0047148
-0.00483593
-0.00495723
-0.00507882
-0.00520102
-0.00532377
-0.00544729
-0.00557142
-0.00569609
-0.00582131
-0.00594654
-0.00607215
-0.00619727
-0.00632227
-0.00644667
-0.00656993
-0.00669259
-0.0068134
-0.00693181
-0.00704857
-0.00716136
-0.00727019
-0.00737377
-0.00747107
-0.00755977
-0.00763374
0.000739283
0.000605675
2.93142e-05
-0.00058593
-0.00105726
-0.00133388
-0.00142261
-0.00137758
-0.00126687
-0.00114502
-0.00104428
-0.00097853
-0.000950338
-0.000953998
-0.000979277
-0.00101541
-0.00105375
-0.00108874
-0.00111763
-0.0011398
-0.00115616
-0.00116854
-0.001179
-0.00118942
-0.00120116
-0.0012151
-0.00123161
-0.0012507
-0.00127214
-0.0012956
-0.00132074
-0.00134728
-0.00137506
-0.00140402
-0.0014342
-0.00146571
-0.0014987
-0.00153335
-0.00156984
-0.00160832
-0.00164894
-0.00169182
-0.00173708
-0.00178482
-0.00183513
-0.00188811
-0.00194385
-0.00200246
-0.00206404
-0.00212869
-0.0021965
-0.00226759
-0.00234202
-0.00241988
-0.00250122
-0.00258607
-0.00267445
-0.00276634
-0.00286168
-0.00296041
-0.00306238
-0.00316746
-0.00327543
-0.00338609
-0.00349912
-0.00361428
-0.0037312
-0.0038496
-0.00396911
-0.00408946
-0.00421034
-0.00433152
-0.00445286
-0.00457423
-0.00469571
-0.00481725
-0.00493909
-0.00506122
-0.0051839
-0.00530711
-0.00543091
-0.00555536
-0.00568021
-0.0058057
-0.00593109
-0.00605678
-0.00618206
-0.00630721
-0.00643189
-0.00655527
-0.00667755
-0.00679814
-0.00691667
-0.00703336
-0.00714621
-0.00725523
-0.00735886
-0.00745621
-0.00754488
-0.00761881
-0.00255042
-0.0024275
-0.00186301
-0.00126088
-0.000803818
-0.000542626
-0.000470346
-0.000532642
-0.000661225
-0.000801482
-0.000921176
-0.00100648
-0.00105492
-0.00107235
-0.00106919
-0.00105639
-0.00104274
-0.00103391
-0.00103273
-0.00103986
-0.00105439
-0.00107451
-0.00109817
-0.00112353
-0.00114928
-0.00117463
-0.00119931
-0.00122345
-0.00124741
-0.00127166
-0.00129669
-0.00132291
-0.00135064
-0.00138007
-0.0014113
-0.00144437
-0.00147928
-0.001516
-0.00155455
-0.00159493
-0.00163718
-0.00168139
-0.00172766
-0.00177609
-0.00182681
-0.00187995
-0.00193563
-0.00199399
-0.00205513
-0.00211917
-0.0021862
-0.00225632
-0.0023296
-0.00240614
-0.00248598
-0.00256918
-0.00265576
-0.00274574
-0.00283911
-0.00293581
-0.00303578
-0.00313891
-0.00324506
-0.00335405
-0.00346567
-0.00357966
-0.00369578
-0.00381371
-0.00393317
-0.00405384
-0.00417546
-0.00429772
-0.00442045
-0.00454347
-0.0046667
-0.00479012
-0.00491377
-0.0050378
-0.00516215
-0.00528701
-0.00541214
-0.00553783
-0.00566364
-0.00578991
-0.00591625
-0.00604285
-0.00616931
-0.00629522
-0.00642054
-0.00654437
-0.00666714
-0.00678847
-0.00690755
-0.00702468
-0.00713772
-0.00724762
-0.00735216
-0.00744939
-0.00753837
-0.00761299
0.000721552
0.000585054
5.39443e-06
-0.000613498
-0.00108852
-0.00136861
-0.0014604
-0.00141795
-0.00130948
-0.00118972
-0.00109112
-0.00102775
-0.00100229
-0.0010091
-0.0010379
-0.00107781
-0.00112003
-0.00115882
-0.00119131
-0.00121683
-0.00123628
-0.00125151
-0.00126465
-0.00127761
-0.00129182
-0.00130818
-0.00132708
-0.00134853
-0.0013723
-0.00139801
-0.00142529
-0.00145385
-0.00148346
-0.00151405
-0.00154561
-0.00157824
-0.00161206
-0.00164724
-0.00168393
-0.0017223
-0.00176245
-0.00180451
-0.00184858
-0.00189473
-0.00194305
-0.00199362
-0.0020465
-0.0021018
-0.00215958
-0.00221996
-0.00228301
-0.00234884
-0.00241755
-0.00248921
-0.00256392
-0.00264173
-0.00272272
-0.00280691
-0.00289434
-0.00298499
-0.00307886
-0.00317588
-0.003276
-0.00337908
-0.00348501
-0.0035936
-0.00370467
-0.00381797
-0.00393326
-0.00405024
-0.00416864
-0.00428821
-0.00440875
-0.00453013
-0.00465219
-0.00477492
-0.00489813
-0.00502185
-0.00514591
-0.00527046
-0.00539538
-0.00552081
-0.00564663
-0.00577286
-0.00589934
-0.00602588
-0.00615224
-0.00627807
-0.00640311
-0.00652709
-0.00664976
-0.0067711
-0.00689001
-0.00700678
-0.00712007
-0.00722977
-0.00733455
-0.00743217
-0.00752063
-0.00759515
)
;

boundaryField
{
    zeroGradient
    {
        type            zeroGradient;
    }
    inlet
    {
        type            zeroGradient;
    }
    fixedWalls
    {
        type            zeroGradient;
    }
    frontAndBack
    {
        type            empty;
    }
}


// ************************************************************************* //
