/*--------------------------------*- C++ -*----------------------------------*\
| =========                 |                                                 |
| \\      /  F ield         | OpenFOAM: The Open Source CFD Toolbox           |
|  \\    /   O peration     | Version:  2312                                  |
|   \\  /    A nd           | Website:  www.openfoam.com                      |
|    \\/     M anipulation  |                                                 |
\*---------------------------------------------------------------------------*/
FoamFile
{
    version     2.0;
    format      ascii;
    arch        "LSB;label=32;scalar=64";
    class       volScalarField;
    location    "0.7";
    object      p;
}
// * * * * * * * * * * * * * * * * * * * * * * * * * * * * * * * * * * * * * //

dimensions      [0 2 -2 0 0 0 0];

internalField   nonuniform List<scalar> 
5600
(
-1.55597e-09
0.000472964
0.000306232
0.000442399
0.00036618
0.000527947
0.000507206
0.000646776
0.000668603
0.000806725
0.000861224
0.000988501
0.00107477
0.00120388
0.00130964
0.00143963
0.00156569
0.0017105
0.0018537
0.00200102
0.00215712
0.00232898
0.00250899
0.00269902
0.00289246
0.00309852
0.00331076
0.00353576
0.00376726
0.004013
0.00426949
0.00454434
0.00483262
0.00513198
0.00543047
0.00571856
0.00600313
0.00628204
0.00649224
0.00645964
2.64374e-06
0.000469967
0.000308074
0.000439618
0.000368763
0.000524369
0.000509925
0.000642576
0.000671315
0.000802013
0.000863288
0.000983611
0.00107564
0.00119913
0.00130916
0.00143488
0.00156296
0.00170453
0.00184867
0.00199677
0.00215191
0.00232265
0.00250052
0.00268715
0.00287903
0.00308192
0.00329335
0.00351571
0.00374626
0.00398606
0.00423107
0.00447614
0.00471457
0.00494771
0.00517812
0.00539644
0.00557584
0.00567299
0.00561645
0.0052827
5.02421e-06
0.000468282
0.000309054
0.000438457
0.000369819
0.000522662
0.000510763
0.000640666
0.00067179
0.000800047
0.000863436
0.000981782
0.00107522
0.0011975
0.00130773
0.00143319
0.00156079
0.00170206
0.00184568
0.00199259
0.00214724
0.00231719
0.00249345
0.00267885
0.00286884
0.00307003
0.00327859
0.00349671
0.00371975
0.0039485
0.00417856
0.004405
0.00462266
0.00483521
0.00504347
0.00523615
0.00538548
0.00545427
0.0053808
0.00505816
9.0377e-06
0.000464062
0.000311401
0.000434718
0.000372901
0.000517806
0.000514118
0.000635322
0.000675084
0.000794164
0.000865695
0.000975695
0.00107596
0.00119156
0.00130672
0.00142785
0.00155689
0.00169682
0.00183954
0.00198541
0.00213945
0.00230656
0.00248157
0.00266322
0.00285078
0.00304769
0.00325291
0.00346552
0.00368013
0.00389024
0.0040919
0.00428838
0.00448273
0.00467229
0.00484619
0.00498676
0.00506866
0.00505772
0.0049014
0.0045064
1.26582e-05
0.000460237
0.000313354
0.000432147
0.000375064
0.000514224
0.00051574
0.000631368
0.000675991
0.000790617
0.000865995
0.000972409
0.00107493
0.00118828
0.00130349
0.00142459
0.00155225
0.00169082
0.00183278
0.00197738
0.0021298
0.00229462
0.00246705
0.00264542
0.00282911
0.00302056
0.00321795
0.00341914
0.00361967
0.00381519
0.00400008
0.00417552
0.00434713
0.00451256
0.00465897
0.00476854
0.00481919
0.00478259
0.00461278
0.00422263
1.76494e-05
0.000454109
0.000316809
0.000427136
0.000379147
0.00050774
0.000520005
0.000624686
0.000679335
0.000783577
0.000866935
0.000966425
0.00107274
0.00118534
0.00129915
0.00141852
0.00154561
0.00168274
0.00182371
0.00196632
0.00211692
0.00227864
0.00244773
0.00262156
0.0027998
0.00298416
0.00317278
0.00336104
0.00354185
0.00371298
0.00387849
0.00404167
0.00420047
0.00434781
0.00447182
0.0045571
0.00458344
0.0045227
0.00432935
0.00391691
2.25755e-05
0.00044771
0.000320006
0.000422993
0.000382452
0.000502021
0.000522046
0.000619053
0.000680239
0.000779153
0.000866074
0.00096332
0.00106916
0.00118088
0.0012935
0.00141172
0.00153784
0.00167345
0.00181263
0.00195298
0.00210095
0.00225905
0.00242362
0.00259166
0.00276226
0.00293636
0.00311119
0.00328297
0.00344631
0.00360089
0.00375241
0.00390303
0.00404792
0.00417892
0.00428555
0.00435492
0.00436909
0.00430152
0.00410615
0.00369277
2.88925e-05
0.000438851
0.000324831
0.000416452
0.00038775
0.000493776
0.000527024
0.000611104
0.000681548
0.000773372
0.000862974
0.000960601
0.00106417
0.00117472
0.00128648
0.00140362
0.00152806
0.00166195
0.00179874
0.00193637
0.0020809
0.00223491
0.00239357
0.00255402
0.00271404
0.00287492
0.00303325
0.00318477
0.00333068
0.00347503
0.00361797
0.00375785
0.00388929
0.00400619
0.00409957
0.00415912
0.0041691
0.0041053
0.00392342
0.00353544
3.54625e-05
0.000429071
0.000329521
0.000410595
0.000391859
0.00048592
0.000528221
0.000604946
0.000681248
0.000770422
0.000859083
0.00095577
0.00105842
0.00116764
0.00127837
0.00139362
0.00151639
0.00164779
0.00178215
0.00191597
0.00205635
0.00220536
0.00235767
0.00250893
0.00265482
0.00279443
0.00293093
0.00306837
0.00320515
0.00333985
0.00347104
0.00359883
0.00372184
0.00383777
0.00394058
0.00402016
0.00405831
0.00402331
0.00385346
0.00342517
4.3473e-05
0.000416661
0.00033559
0.000402751
0.000398129
0.000476307
0.000532353
0.000597036
0.000677129
0.000767401
0.000854885
0.000949379
0.00105184
0.00115874
0.0012688
0.00138113
0.00150255
0.00163041
0.00176234
0.00189115
0.00202632
0.00216813
0.00231075
0.00244781
0.00257547
0.00270004
0.00282649
0.00295433
0.00307861
0.00319418
0.00329776
0.00338948
0.00347353
0.00355752
0.00364511
0.00372708
0.00380121
0.0038935
0.0040753
0.00448649
5.20422e-05
0.000402648
0.000341777
0.000395326
0.000401946
0.000467428
0.00053163
0.00059458
0.000673159
0.000762564
0.000848778
0.000942026
0.00104354
0.00114857
0.00125702
0.00136666
0.00148568
0.00160997
0.00173798
0.00186155
0.00198947
0.0021221
0.0022501
0.00236952
0.00248462
0.00260161
0.00271995
0.00283529
0.00294347
0.00304318
0.00313668
0.00322928
0.00332729
0.00343046
0.00352924
0.00361816
0.00370559
0.00381843
0.00401013
0.00438182
6.20967e-05
0.000385887
0.000348202
0.000387807
0.000407371
0.000460041
0.000525573
0.000590539
0.000669323
0.000757101
0.000841341
0.000933435
0.00103324
0.0011367
0.00124272
0.00134963
0.0014653
0.00158589
0.00170811
0.00182438
0.00194158
0.00206152
0.00217574
0.00228417
0.00239141
0.00250091
0.00261006
0.00271465
0.00281251
0.00290598
0.00300102
0.0031001
0.00319678
0.00328417
0.00336133
0.00343562
0.00352376
0.00365491
0.00387955
0.00429383
7.28283e-05
0.000367511
0.000354612
0.000379931
0.000407578
0.000456902
0.000519879
0.000584881
0.000663739
0.000751119
0.000833126
0.000923328
0.00102107
0.00112242
0.00122579
0.00132934
0.00144101
0.00155698
0.00167191
0.00177819
0.00188158
0.00198863
0.00209468
0.00219554
0.00229196
0.00238774
0.0024859
0.00258931
0.00269683
0.00280179
0.00289852
0.00298456
0.00306033
0.00312856
0.0031942
0.00326685
0.00336242
0.00350606
0.00374203
0.00415838
8.50531e-05
0.000345763
0.000359608
0.000377034
0.00040528
0.000453099
0.000514233
0.000577247
0.00065539
0.000743485
0.000823329
0.000911418
0.00100684
0.0011055
0.00120586
0.00130523
0.00141176
0.0015208
0.0016251
0.00171863
0.00181243
0.00191317
0.00201451
0.00211114
0.00220409
0.00229649
0.00238774
0.0024758
0.00255954
0.00264196
0.002728
0.00281593
0.00289768
0.00296936
0.00303544
0.00310729
0.00320185
0.00334457
0.003579
0.00399194
9.77867e-05
0.000325099
0.000361038
0.000373205
0.000400359
0.000448098
0.00050911
0.000570731
0.000646817
0.000733749
0.000811216
0.000897096
0.000990174
0.00108555
0.00118216
0.00127631
0.00137597
0.00147514
0.00156784
0.00165318
0.00174078
0.00183482
0.0019277
0.00201359
0.00209403
0.00217592
0.0022638
0.00235869
0.00245395
0.00254234
0.00262008
0.00268735
0.00274647
0.00280172
0.00285915
0.00292776
0.00302164
0.00316429
0.00339848
0.0038116
0.000111493
0.000303886
0.000357214
0.00037091
0.000396722
0.000443113
0.000503038
0.000562599
0.00063628
0.00072192
0.000796698
0.000879865
0.000970554
0.00106179
0.00115355
0.00124086
0.00133136
0.00142024
0.00150537
0.00158533
0.00166587
0.00175047
0.00183324
0.0019108
0.00198661
0.00206913
0.0021603
0.00225443
0.00234208
0.00241753
0.00247976
0.0025318
0.00257819
0.00262436
0.00267662
0.00274339
0.00283755
0.0029813
0.00321647
0.00362996
0.000125427
0.000284515
0.000348778
0.000367536
0.000392376
0.000436975
0.000495595
0.000553062
0.000624047
0.000708237
0.000779864
0.000859347
0.000947316
0.00103326
0.0011187
0.0011977
0.00127855
0.00136055
0.00143992
0.00151399
0.00158759
0.0016654
0.00174302
0.00181561
0.00188352
0.00195351
0.00203029
0.00211419
0.00219694
0.00226908
0.00232685
0.00237297
0.00241339
0.00245457
0.00250316
0.00256742
0.00265999
0.00280276
0.00303738
0.00345072
0.000139353
0.000265521
0.000335909
0.000363034
0.000388108
0.000430742
0.000487524
0.000542438
0.000609874
0.000692188
0.000760184
0.000834671
0.000918935
0.000998497
0.00107624
0.00114749
0.00122159
0.00129815
0.00137155
0.00143771
0.0015007
0.00156643
0.00163381
0.00170153
0.00177089
0.00184598
0.00192539
0.00200331
0.00207233
0.00212874
0.00217343
0.00221043
0.00224474
0.00228171
0.00232732
0.00238944
0.00248043
0.00262201
0.00285574
0.00326848
0.000153203
0.00024917
0.00031734
0.000356183
0.00038326
0.000423707
0.000478401
0.000530531
0.000593526
0.000673168
0.000737273
0.000805068
0.000884043
0.000955629
0.00102577
0.00109312
0.00116219
0.00123195
0.00129817
0.001357
0.00141289
0.0014724
0.00153401
0.00159474
0.00165428
0.00171822
0.0017898
0.00186342
0.00192867
0.00197952
0.00201695
0.00204664
0.00207506
0.00210793
0.00215083
0.00221112
0.00230075
0.00244123
0.00267409
0.00308639
0.000163817
0.000235366
0.000299382
0.000344778
0.000375828
0.000415251
0.000468146
0.000517671
0.000575112
0.000650521
0.000709199
0.000768097
0.000842005
0.000909741
0.000973881
0.0010353
0.00109818
0.00116006
0.00121834
0.00126992
0.00131766
0.00136839
0.00142187
0.00147685
0.00153315
0.00159458
0.00166115
0.0017273
0.00178452
0.00182785
0.00185857
0.00188245
0.00190614
0.00193553
0.00197609
0.00203484
0.00212337
0.002263
0.00249524
0.00290722
0.000171248
0.000226133
0.000280819
0.000327307
0.000364833
0.000405078
0.000455872
0.000502426
0.000553437
0.000623671
0.000678404
0.000728572
0.000796359
0.000860123
0.000917053
0.000970605
0.00102679
0.00108145
0.0011315
0.00117599
0.00121693
0.00126144
0.00130985
0.00136077
0.00141309
0.00146944
0.00152931
0.00158711
0.00163543
0.00167071
0.00169492
0.00171381
0.00173386
0.00176076
0.00179973
0.00185746
0.00194525
0.00208424
0.00231593
0.0027276
0.000175771
0.000216839
0.000263384
0.000308215
0.000349354
0.000391174
0.000440324
0.0004844
0.000529288
0.000593666
0.00064485
0.000686012
0.000745492
0.000804221
0.000854428
0.000899314
0.000947999
0.000996388
0.0010388
0.00107611
0.00111055
0.00114938
0.00119404
0.00124374
0.00129577
0.00134813
0.00139871
0.00144443
0.00148156
0.0015084
0.00152696
0.00154216
0.00155978
0.00158507
0.00162306
0.0016802
0.00176757
0.00190618
0.00213754
0.00254907
0.000177006
0.000207812
0.000247178
0.000288493
0.00032898
0.000372044
0.000420301
0.000462853
0.000502319
0.000560094
0.00060782
0.000640031
0.000689245
0.0007422
0.000786369
0.000822916
0.000862788
0.000904912
0.000941104
0.000972014
0.00100097
0.00103565
0.00107842
0.00112751
0.00117729
0.00122285
0.00126256
0.00129614
0.00132288
0.00134252
0.00135682
0.00136966
0.00138591
0.00141032
0.00144769
0.0015044
0.00159145
0.00172979
0.00196092
0.00237238
0.000174819
0.00019807
0.000231069
0.000268028
0.000305947
0.000347764
0.000394825
0.000436714
0.000471663
0.000522351
0.000566642
0.000591095
0.000629028
0.00067442
0.000712611
0.000741488
0.000771727
0.000806969
0.000838308
0.000864602
0.000889554
0.000921242
0.000962802
0.0010106
0.00105575
0.00109244
0.00112065
0.00114281
0.00116062
0.00117473
0.00118635
0.00119811
0.00121378
0.00123759
0.0012743
0.0013304
0.001417
0.00155503
0.00178599
0.00219747
0.000168902
0.000187114
0.000214642
0.000247158
0.000281574
0.000319525
0.000362596
0.000403395
0.000435538
0.000479248
0.000520372
0.000539912
0.000566519
0.000602548
0.000633995
0.000655835
0.000676418
0.000703471
0.000730496
0.000754196
0.000777429
0.000807578
0.00084761
0.000891321
0.000929163
0.000956165
0.00097392
0.000986561
0.000997252
0.00100719
0.0010171
0.00102845
0.00104395
0.00106733
0.00110334
0.00115869
0.00124471
0.00138242
0.00161335
0.00202504
0.000159664
0.000173721
0.000196687
0.000224915
0.00025546
0.000289855
0.000327578
0.000363822
0.000391716
0.000427537
0.000464926
0.000483229
0.000501772
0.000528072
0.000552098
0.000567401
0.000579031
0.00059682
0.000618694
0.000640959
0.000664031
0.000692698
0.000728171
0.000764854
0.000794763
0.000813836
0.000823958
0.000829758
0.000835074
0.00084159
0.000849827
0.000860596
0.000875886
0.000898929
0.000934337
0.000989012
0.00107447
0.00121182
0.00144254
0.00185425
0.000146849
0.000157682
0.000176542
0.00020055
0.0002265
0.000256471
0.000289045
0.000320181
0.00034398
0.000372208
0.000403404
0.000419685
0.00043208
0.000449798
0.000466828
0.000477191
0.00048275
0.000492552
0.000508322
0.000527408
0.000548407
0.0005734
0.000602838
0.000632467
0.000655942
0.000669771
0.00067532
0.000676761
0.000678051
0.000681397
0.000687643
0.000697454
0.000712315
0.000735007
0.000769954
0.000824102
0.000909144
0.00104636
0.0012773
0.00168955
0.0001301
0.000138334
0.000153407
0.000173411
0.000194513
0.000219355
0.000247086
0.000273152
0.000292186
0.000313602
0.000338026
0.000350108
0.000356514
0.00036563
0.000374461
0.000378776
0.000378641
0.000381157
0.000390233
0.000405546
0.000425245
0.000448067
0.000472219
0.000494543
0.000511195
0.000520051
0.000522181
0.000520859
0.00051953
0.000520467
0.000524784
0.000533248
0.000547199
0.000569163
0.000603399
0.000656854
0.000741357
0.000878299
0.00110928
0.00152189
0.000110239
0.000115676
0.000126713
0.000142578
0.000159165
0.00017847
0.000201092
0.00022225
0.000236398
0.000251658
0.000270295
0.000278852
0.000281137
0.000285168
0.000289006
0.000289192
0.000285598
0.000283402
0.000286379
0.000295529
0.000309986
0.000327806
0.000345899
0.000361047
0.000370707
0.000374135
0.000372795
0.000369409
0.000366662
0.000366366
0.00036948
0.000376791
0.000389663
0.000410596
0.000443798
0.000496176
0.000579519
0.000715278
0.000945136
0.00135671
8.50485e-05
8.90309e-05
9.67902e-05
0.00010875
0.000121227
0.000134668
0.00015101
0.000167056
0.000175474
0.000182771
0.000194117
0.000196566
0.000190696
0.000185393
0.000180534
0.000173213
0.000163636
0.000157111
0.000157892
0.000166821
0.000180943
0.000196038
0.000209272
0.000219016
0.000224218
0.000224643
0.000221264
0.000216122
0.000211662
0.000209938
0.000212414
0.000220138
0.000234416
0.000257487
0.00029326
0.000348423
0.000434667
0.000573382
0.000806222
0.00122085
5.82289e-05
5.69305e-05
6.08203e-05
6.94397e-05
7.98185e-05
8.9041e-05
9.97884e-05
0.000111058
0.00011658
0.000118906
0.000126982
0.000130545
0.000125977
0.000120736
0.000117059
0.000111191
0.000100668
8.79057e-05
7.5876e-05
6.53211e-05
5.61322e-05
4.9764e-05
4.94174e-05
5.70718e-05
6.91307e-05
7.87995e-05
8.12086e-05
7.56847e-05
6.48088e-05
5.21771e-05
4.11054e-05
3.42547e-05
3.40925e-05
4.35069e-05
6.67808e-05
0.000110815
0.000187523
0.000318537
0.00054589
0.000957809
2.30155e-05
2.37847e-05
2.50469e-05
2.82617e-05
3.18468e-05
3.47658e-05
3.7939e-05
4.22445e-05
4.25198e-05
3.67428e-05
3.33163e-05
2.77446e-05
1.36047e-05
-3.85914e-06
-1.98465e-05
-3.46043e-05
-5.01586e-05
-6.40915e-05
-7.183e-05
-7.06773e-05
-6.24883e-05
-5.28222e-05
-4.61397e-05
-4.40478e-05
-4.61801e-05
-5.14592e-05
-5.84897e-05
-6.55778e-05
-7.08325e-05
-7.25746e-05
-6.9522e-05
-6.06777e-05
-4.48291e-05
-1.99012e-05
1.79018e-05
7.53043e-05
0.000164211
0.000306339
0.000543705
0.000964306
-2.21497e-05
-1.64385e-05
-1.26375e-05
-1.02318e-05
-1.01527e-05
-1.32768e-05
-1.66641e-05
-1.68269e-05
-1.64971e-05
-1.96058e-05
-2.19649e-05
-2.2817e-05
-2.88134e-05
-3.84974e-05
-4.81096e-05
-5.62314e-05
-6.5586e-05
-7.69699e-05
-8.92707e-05
-0.000101076
-0.00011281
-0.000125547
-0.000140027
-0.000156124
-0.000173684
-0.000192893
-0.00021424
-0.000238149
-0.000264906
-0.000294659
-0.000327762
-0.000364999
-0.00040791
-0.000459047
-0.000522613
-0.000605564
-0.000719973
-0.00088776
-0.00115132
-0.00159922
-5.77809e-05
-5.93845e-05
-6.36275e-05
-6.94803e-05
-7.57321e-05
-8.24433e-05
-9.05626e-05
-9.91064e-05
-0.000108278
-0.000121966
-0.000139003
-0.000156122
-0.000176095
-0.000199147
-0.000222085
-0.000241249
-0.000255354
-0.000264069
-0.00026725
-0.000266843
-0.000266195
-0.00026857
-0.000275202
-0.000285035
-0.000295687
-0.000304993
-0.000311682
-0.000315255
-0.000315484
-0.000312084
-0.000304513
-0.000291889
-0.000272798
-0.000244928
-0.000204365
-0.000144376
-5.30981e-05
9.11602e-05
0.000330401
0.00075259
-0.000105536
-0.000107117
-0.000110412
-0.000115554
-0.000121769
-0.00012748
-0.000134848
-0.000143276
-0.000150792
-0.000158868
-0.00016899
-0.00017915
-0.000189903
-0.000202446
-0.000216605
-0.000231466
-0.00024699
-0.00026398
-0.000282769
-0.000303231
-0.000325158
-0.000348784
-0.00037445
-0.000402402
-0.000432616
-0.000464852
-0.000498885
-0.000534676
-0.000572329
-0.000612092
-0.000654401
-0.000700051
-0.000750445
-0.000807983
-0.000876694
-0.000963399
-0.00107998
-0.0012481
-0.00150971
-0.00195275
-0.000156972
-0.00016248
-0.000171831
-0.000184228
-0.00020009
-0.000215538
-0.000232094
-0.000251243
-0.000271363
-0.000292086
-0.000314868
-0.000339061
-0.000363133
-0.000385839
-0.000405393
-0.000419842
-0.000428169
-0.000432424
-0.000436187
-0.000442221
-0.000451378
-0.000463061
-0.000475876
-0.0004882
-0.000498647
-0.00050634
-0.000510878
-0.000512191
-0.000510324
-0.0005052
-0.000496436
-0.000483191
-0.000463982
-0.00043636
-0.000396294
-0.000336989
-0.000246586
-0.000103441
0.000134403
0.000554905
-0.000207691
-0.000211513
-0.000217988
-0.000225636
-0.000236932
-0.000248795
-0.000260432
-0.000273942
-0.00028845
-0.000302582
-0.000316835
-0.000332257
-0.000348791
-0.000366171
-0.000384172
-0.000402927
-0.000422702
-0.00044385
-0.000466583
-0.00049093
-0.000516858
-0.000544386
-0.00057365
-0.000604791
-0.000637725
-0.00067221
-0.000708014
-0.000745013
-0.000783273
-0.000823066
-0.000864929
-0.000909762
-0.000959043
-0.0010152
-0.00108224
-0.001167
-0.00128135
-0.00144697
-0.00170585
-0.00214595
-0.000275258
-0.000282923
-0.000296967
-0.000314181
-0.000335778
-0.000360087
-0.000384731
-0.000410497
-0.000436976
-0.000462963
-0.000487201
-0.000508866
-0.000526854
-0.000540178
-0.000549391
-0.000556566
-0.000564061
-0.000573325
-0.000584717
-0.000597542
-0.000610683
-0.000622971
-0.000633571
-0.00064195
-0.000647998
-0.000651753
-0.000653285
-0.000652562
-0.000649448
-0.000643632
-0.00063457
-0.000621339
-0.000602431
-0.000575378
-0.000536122
-0.000477832
-0.000388625
-0.000246842
-1.05337e-05
0.000408253
-0.000322502
-0.000324805
-0.000330745
-0.000339363
-0.000351439
-0.000366901
-0.000384174
-0.000402447
-0.000421851
-0.000443073
-0.000466018
-0.000488875
-0.000509949
-0.000528567
-0.000545371
-0.000560966
-0.000576155
-0.000591523
-0.000607877
-0.000625675
-0.000645166
-0.000666214
-0.000688722
-0.000712645
-0.000738034
-0.000764886
-0.000793236
-0.000823093
-0.000854577
-0.000887954
-0.000923782
-0.000962999
-0.00100715
-0.00105871
-0.00112175
-0.00120309
-0.00131462
-0.00147803
-0.00173537
-0.00217471
-0.000409109
-0.000416498
-0.000430875
-0.000451552
-0.000477299
-0.000506418
-0.000537791
-0.000568046
-0.000595235
-0.000618861
-0.000639395
-0.000656446
-0.000670201
-0.000681101
-0.000690098
-0.000697451
-0.000703267
-0.000707484
-0.00071044
-0.000712389
-0.000713512
-0.000713634
-0.000712545
-0.000710006
-0.000705991
-0.000700552
-0.000693783
-0.000685641
-0.000675974
-0.000664429
-0.000650446
-0.000633095
-0.000610888
-0.000581382
-0.000540552
-0.000481598
-0.000392692
-0.00025225
-1.84744e-05
0.000396347
0.00622144
0.00629534
0.00657709
0.00675696
0.00675621
0.00657965
0.00628653
0.00594736
0.00561445
0.00531628
0.00506387
0.00485714
0.00468837
0.00454662
0.00442124
0.00430371
0.00418822
0.00407138
0.00395178
0.00382936
0.003705
0.00357991
0.00345542
0.00333251
0.00321191
0.00309371
0.00297779
0.00286349
0.00275016
0.00263689
0.00252297
0.00240764
0.00229039
0.0021708
0.00204858
0.00192354
0.00179518
0.0016631
0.00152622
0.00138397
0.00123474
0.0010778
0.000911039
0.000733594
0.00054353
0.000339441
0.000120695
-0.000116358
-0.000374116
-0.000660884
-0.000979479
-0.0013427
-0.00175897
-0.00222423
-0.00275314
-0.003354
-0.00403539
-0.00478934
-0.00556455
-0.00629702
-0.00688784
-0.00721699
-0.0072401
-0.00698334
-0.00656185
-0.00612737
-0.00573625
-0.00542355
-0.00524273
-0.00515543
-0.00510877
-0.00512134
-0.00518295
-0.00524742
-0.00532037
-0.00540777
-0.00549786
-0.00559265
-0.00568652
-0.00578706
-0.00589116
-0.00599045
-0.00609572
-0.00619728
-0.00629432
-0.00639507
-0.00648594
-0.00656571
-0.00664578
-0.00672058
-0.0067839
-0.00683996
-0.00689679
-0.00694607
-0.0069909
-0.00703519
-0.00708178
-0.00712367
-0.00716433
-0.00720006
0.00491221
0.00498647
0.00543951
0.00588192
0.00614867
0.0061999
0.00606023
0.00580162
0.00550059
0.00521075
0.00495913
0.0047543
0.00459266
0.00446265
0.00435068
0.00424541
0.00413945
0.00402914
0.00391363
0.00379368
0.00367103
0.00354741
0.00342442
0.00330303
0.0031839
0.00306703
0.00295227
0.00283895
0.00272648
0.0026139
0.00250055
0.00238563
0.00226867
0.00214924
0.00202705
0.00190208
0.00177384
0.00164198
0.00150531
0.00136336
0.00121435
0.00105775
0.000891252
0.000714206
0.000524542
0.000320905
0.000102684
-0.00013389
-0.000390999
-0.000677162
-0.000994528
-0.00135611
-0.00177033
-0.00223254
-0.00275715
-0.00335225
-0.00402588
-0.00477127
-0.00553861
-0.00626457
-0.00685219
-0.00718209
-0.00721026
-0.00695996
-0.00654364
-0.00611406
-0.00572632
-0.00541457
-0.00523491
-0.00514898
-0.00510258
-0.00511542
-0.00517782
-0.00524269
-0.00531581
-0.00540373
-0.00549441
-0.0055896
-0.00568378
-0.00578468
-0.00588916
-0.00598876
-0.00609428
-0.00619607
-0.00629331
-0.00639425
-0.00648528
-0.00656517
-0.00664535
-0.00672024
-0.00678363
-0.00683974
-0.00689662
-0.00694594
-0.00699079
-0.0070351
-0.0070817
-0.00712362
-0.00716429
-0.00720002
0.00472155
0.00482693
0.00532164
0.00580879
0.00611631
0.00620032
0.00608117
0.00582953
0.00552474
0.00522525
0.00496235
0.0047473
0.00457847
0.00444491
0.00433225
0.00422773
0.00412269
0.00401263
0.00389639
0.00377485
0.00365008
0.00352431
0.00339943
0.00327661
0.00315646
0.00303894
0.00292374
0.0028101
0.00269732
0.00258444
0.00247075
0.00235551
0.00223829
0.0021187
0.00199646
0.00187118
0.00174232
0.00160961
0.00147212
0.00132935
0.00117975
0.00102263
0.000855963
0.000678794
0.000489414
0.000286013
6.80512e-05
-0.000168443
-0.000425342
-0.000710808
-0.00102714
-0.00138559
-0.00179496
-0.00225139
-0.00276758
-0.00335109
-0.00400859
-0.00473029
-0.00546851
-0.00616653
-0.00673625
-0.00706853
-0.00711838
-0.00689738
-0.0065074
-0.00609774
-0.0057242
-0.00542013
-0.00524216
-0.0051557
-0.00510862
-0.00512011
-0.00518069
-0.00524445
-0.00531712
-0.00540427
-0.00549412
-0.00558895
-0.00568291
-0.00578355
-0.00588777
-0.00598719
-0.00609268
-0.00619448
-0.00629174
-0.00639276
-0.0064839
-0.00656394
-0.00664428
-0.00671934
-0.00678289
-0.00683915
-0.00689616
-0.0069456
-0.00699055
-0.00703494
-0.0070816
-0.00712356
-0.00716428
-0.00720003
0.0041332
0.00421779
0.00470722
0.00521501
0.00556599
0.00571177
0.00566308
0.00547865
0.00523006
0.00497373
0.00474249
0.00455001
0.00439789
0.00427859
0.00417997
0.0040899
0.00399923
0.00390259
0.00379803
0.00368601
0.00356864
0.00344854
0.00332823
0.00320943
0.00309309
0.00297929
0.00286764
0.00275727
0.00264732
0.0025368
0.002425
0.00231127
0.0021952
0.00207654
0.00195496
0.00183034
0.00170206
0.00156998
0.00143297
0.00129074
0.00114153
0.00098483
0.000818621
0.000641881
0.000453108
0.000250143
3.25671e-05
-0.000203721
-0.000460237
-0.000744839
-0.0010597
-0.00141458
-0.00181875
-0.00226883
-0.00277564
-0.0033453
-0.00398239
-0.00467776
-0.0053872
-0.00605722
-0.00660949
-0.00694228
-0.0070118
-0.00682068
-0.00645718
-0.00606828
-0.00570986
-0.00541354
-0.00523755
-0.00515221
-0.0051055
-0.00511627
-0.00517618
-0.00523957
-0.00531185
-0.00539906
-0.00548928
-0.00558425
-0.00567835
-0.00577926
-0.00588377
-0.00598344
-0.00608916
-0.00619115
-0.00628858
-0.00638982
-0.00648123
-0.00656151
-0.0066421
-0.00671741
-0.00678121
-0.00683771
-0.00689494
-0.00694459
-0.00698972
-0.00703429
-0.00708108
-0.0071232
-0.00716406
-0.00719988
0.00386827
0.00397141
0.00448592
0.00502179
0.00540173
0.00557599
0.00555344
0.00539082
0.00515867
0.00491363
0.00468952
0.00450117
0.00435142
0.00423412
0.00413803
0.00405126
0.00396431
0.00387124
0.00376956
0.00365939
0.00354275
0.00342252
0.00330159
0.00318209
0.00306525
0.00295127
0.00283966
0.00272938
0.00261938
0.00250858
0.00239629
0.00228189
0.0021651
0.00204571
0.00192352
0.00179835
0.00166967
0.00153711
0.00139966
0.00125681
0.00110708
0.000949794
0.000783251
0.000606228
0.000417415
0.000214507
-3.04291e-06
-0.000239099
-0.000495426
-0.000778998
-0.00109236
-0.00144384
-0.00184249
-0.0022856
-0.00278214
-0.00333664
-0.003953
-0.00462195
-0.00530128
-0.00594098
-0.00647162
-0.00680072
-0.00688754
-0.00672836
-0.00639759
-0.00603401
-0.00569462
-0.0054108
-0.00523912
-0.00515507
-0.00510904
-0.00511883
-0.00517677
-0.00523898
-0.00531069
-0.00539714
-0.00548657
-0.00558108
-0.00567493
-0.00577554
-0.00587975
-0.00597923
-0.00608488
-0.00618691
-0.00628435
-0.00638558
-0.00647716
-0.0065577
-0.00663854
-0.00671418
-0.00677836
-0.00683523
-0.0068928
-0.00694283
-0.00698829
-0.00703317
-0.00708016
-0.00712254
-0.00716363
-0.00719958
0.00354741
0.00364198
0.0041519
0.00468849
0.00507405
0.00525831
0.005249
0.00510156
0.00488564
0.00465741
0.00445031
0.00427888
0.00414559
0.0040439
0.00396227
0.00388864
0.00381349
0.003731
0.00363883
0.00353725
0.00342846
0.00331547
0.00320129
0.00308807
0.00297708
0.00286849
0.0027618
0.00265591
0.00254974
0.00244224
0.00233276
0.00222084
0.00210625
0.00198886
0.00186844
0.00174491
0.00161768
0.00148641
0.00135007
0.00120815
0.00105933
0.000902809
0.00073718
0.000560997
0.000373183
0.000171295
-4.53217e-05
-0.000280375
-0.000535623
-0.000817386
-0.00112845
-0.00147578
-0.00186787
-0.00230287
-0.002788
-0.00332668
-0.0039217
-0.00456327
-0.00521209
-0.00582133
-0.00633097
-0.00665759
-0.00676204
-0.00663599
-0.00633763
-0.00599891
-0.00567858
-0.00540624
-0.00523757
-0.00515372
-0.00510796
-0.00511654
-0.00517296
-0.0052344
-0.00530542
-0.00539145
-0.00548085
-0.00557528
-0.00566908
-0.00576972
-0.005874
-0.00597358
-0.00607933
-0.00618148
-0.00627897
-0.00638033
-0.0064722
-0.00655306
-0.00663418
-0.00671016
-0.00677475
-0.00683202
-0.00688996
-0.00694044
-0.00698627
-0.00703153
-0.00707877
-0.00712152
-0.0071629
-0.00719906
0.00332078
0.00341519
0.00392409
0.00445614
0.00483526
0.00501348
0.00500154
0.00485771
0.00465264
0.0044417
0.00425678
0.00411009
0.00400153
0.00392188
0.0038579
0.00379719
0.00373099
0.00365467
0.00356708
0.00346955
0.00336498
0.00325662
0.00314728
0.00303874
0.00293188
0.0028266
0.00272232
0.002618
0.00251275
0.0024057
0.00229644
0.00218461
0.00207009
0.00195271
0.00183227
0.0017086
0.00158119
0.00144967
0.00131304
0.00117077
0.00102161
0.000864773
0.000698929
0.000522689
0.000334887
0.00013332
-8.31135e-05
-0.000317578
-0.000572099
-0.000852369
-0.00116103
-0.00150429
-0.00188965
-0.00231607
-0.00278969
-0.00331217
-0.00388531
-0.00449963
-0.00511839
-0.00569792
-0.00618723
-0.00651014
-0.00662942
-0.00653429
-0.006269
-0.00595675
-0.00565672
-0.00539775
-0.00523393
-0.00515181
-0.00510728
-0.00511577
-0.00517091
-0.00523152
-0.00530211
-0.00538768
-0.00547662
-0.00557071
-0.00566432
-0.00576473
-0.00586878
-0.0059682
-0.00607388
-0.00617601
-0.00627348
-0.00637484
-0.00646689
-0.00654803
-0.00662939
-0.00670572
-0.00677072
-0.00682842
-0.00688674
-0.00693772
-0.00698396
-0.00702967
-0.00707718
-0.00712033
-0.00716203
-0.00719844
0.00318762
0.00330395
0.0038284
0.00435393
0.0047072
0.00484527
0.00479007
0.00461369
0.00439411
0.00418541
0.00401367
0.0038865
0.00379906
0.00373804
0.00368814
0.00363695
0.00357693
0.00350505
0.00342157
0.00332898
0.00323068
0.00312978
0.00302856
0.00292813
0.00282877
0.00273
0.00263112
0.00253119
0.00242959
0.00232573
0.0022194
0.00211036
0.00199855
0.00188377
0.00176577
0.00164431
0.00151886
0.00138907
0.00125402
0.00111315
0.000965308
0.000809725
0.00064513
0.000470217
0.000283729
8.36785e-05
-0.000131283
-0.000364058
-0.00061662
-0.000894258
-0.00119928
-0.00153741
-0.00191498
-0.00233159
-0.0027926
-0.00329778
-0.00384847
-0.0044352
-0.00502409
-0.00557467
-0.00604319
-0.00636144
-0.00649404
-0.00642962
-0.00619885
-0.00591392
-0.00563487
-0.00538979
-0.00523111
-0.00515041
-0.00510683
-0.00511436
-0.00516793
-0.00522773
-0.00529746
-0.0053822
-0.00547076
-0.00556463
-0.00565809
-0.00575835
-0.00586232
-0.00596173
-0.00606745
-0.00616969
-0.00626719
-0.0063686
-0.00646094
-0.00654243
-0.00662407
-0.00670079
-0.00676626
-0.00682444
-0.00688317
-0.00693469
-0.00698139
-0.00702757
-0.00707537
-0.00711896
-0.00716101
-0.0071977
0.00300204
0.00305541
0.00350592
0.00396651
0.00427866
0.00440781
0.00437669
0.00424728
0.00408344
0.0039282
0.00380152
0.00370777
0.00364063
0.00358841
0.00354015
0.00348848
0.00342947
0.00336183
0.00328622
0.00320431
0.00311815
0.00302938
0.00293918
0.00284798
0.00275592
0.00266262
0.00256779
0.00247092
0.00237179
0.00227008
0.0021657
0.00205848
0.00194832
0.00183502
0.00171825
0.0015978
0.00147308
0.00134385
0.00120917
0.00106863
0.000921017
0.000765716
0.000601386
0.000426937
0.000240921
4.16425e-05
-0.000172445
-0.000404109
-0.00065497
-0.000930285
-0.00123175
-0.00156472
-0.00193459
-0.002341
-0.00278908
-0.00327706
-0.00380514
-0.0043646
-0.00492448
-0.00544679
-0.00589477
-0.00620796
-0.0063524
-0.00631709
-0.00612072
-0.00586387
-0.00560649
-0.00537656
-0.00522438
-0.00514595
-0.00510384
-0.00511126
-0.00516369
-0.00522279
-0.00529213
-0.00537646
-0.00546474
-0.00555844
-0.00565184
-0.00575202
-0.00585589
-0.00595523
-0.00606094
-0.00616323
-0.00626072
-0.00636217
-0.00645475
-0.00653657
-0.0066185
-0.0066956
-0.00676155
-0.00682023
-0.00687939
-0.00693147
-0.00697865
-0.00702534
-0.00707346
-0.0071175
-0.00715992
-0.00719691
0.00488056
0.00480021
0.00431248
0.00380684
0.00344348
0.00325759
0.00322767
0.00329244
0.00338767
0.00346924
0.00351599
0.00352248
0.00349409
0.00344199
0.00337711
0.00330706
0.00323624
0.00316638
0.00309753
0.00302862
0.00295832
0.00288539
0.00280909
0.00272904
0.00264531
0.00255808
0.00246777
0.00237458
0.00227877
0.00218033
0.00207922
0.00197527
0.00186822
0.00175789
0.00164382
0.00152582
0.00140326
0.00127597
0.00114307
0.0010042
0.000858188
0.000704448
0.000541691
0.000368877
0.000184611
-1.28232e-05
-0.000224787
-0.000454221
-0.000702172
-0.000973962
-0.0012707
-0.00159722
-0.00195843
-0.00235341
-0.00278751
-0.00325744
-0.00376235
-0.00429449
-0.00482564
-0.00532055
-0.00574813
-0.00605562
-0.0062104
-0.00620218
-0.00604027
-0.00581242
-0.0055775
-0.00536345
-0.00521852
-0.0051425
-0.00510182
-0.00510879
-0.00515983
-0.00521831
-0.00528707
-0.0053707
-0.00545855
-0.00555197
-0.0056452
-0.00574515
-0.00584888
-0.00594813
-0.0060538
-0.00615616
-0.00625364
-0.00635512
-0.00644798
-0.00653018
-0.0066124
-0.00668994
-0.00675642
-0.00681564
-0.00687526
-0.00692797
-0.00697567
-0.00702289
-0.00707136
-0.00711589
-0.00715871
-0.00719602
0.00470218
0.00455853
0.00399488
0.0034223
0.00301625
0.00282026
0.00281331
0.00292393
0.00307372
0.00320712
0.00329644
0.00333323
0.00332164
0.0032746
0.00320754
0.00313333
0.00306008
0.00299144
0.00292795
0.00286795
0.0028088
0.00274789
0.00268324
0.00261364
0.00253872
0.00245868
0.00237411
0.00228568
0.00219393
0.00209922
0.00200158
0.001901
0.00179711
0.00168977
0.00157838
0.00146281
0.00134234
0.00121685
0.00108548
0.000947954
0.000803201
0.000650623
0.00048908
0.000317499
0.000134689
-6.12233e-05
-0.000271242
-0.000498565
-0.000743702
-0.00101178
-0.00130378
-0.00162354
-0.00197595
-0.00235934
-0.00277889
-0.00323092
-0.00371287
-0.00421806
-0.00472143
-0.00519003
-0.00559753
-0.00589883
-0.00606247
-0.00607923
-0.00595132
-0.00575321
-0.00554159
-0.00534444
-0.00520801
-0.00513531
-0.00509656
-0.00510365
-0.00515383
-0.00521192
-0.00528037
-0.00536354
-0.00545117
-0.00554449
-0.0056376
-0.00573747
-0.00584114
-0.00594035
-0.00604604
-0.00614852
-0.00624604
-0.00634758
-0.00644075
-0.00652336
-0.00660592
-0.00668391
-0.00675095
-0.00681074
-0.00687087
-0.00692422
-0.00697249
-0.00702028
-0.00706914
-0.00711417
-0.0071574
-0.00719506
0.00464679
0.00452823
0.00397965
0.00339669
0.00295758
0.00271107
0.00264788
0.00271144
0.00283214
0.00295501
0.00304805
0.0030979
0.00310322
0.00307198
0.00301683
0.00295031
0.00288192
0.00281708
0.00275766
0.00270301
0.00265081
0.00259808
0.00254221
0.00248138
0.00241469
0.00234203
0.00226382
0.00218077
0.00209356
0.00200278
0.00190865
0.00181132
0.00171053
0.00160617
0.00149767
0.00138482
0.00126697
0.00114382
0.00101468
0.00087909
0.00073628
0.000585467
0.000425831
0.000256103
7.54311e-05
-0.00011826
-0.000325634
-0.000549969
-0.00079155
-0.00105489
-0.00134134
-0.00165334
-0.00199609
-0.00236715
-0.00277122
-0.00320485
-0.00366376
-0.00414218
-0.00461837
-0.00506164
-0.00544952
-0.00574409
-0.00591536
-0.00595491
-0.00585995
-0.00569198
-0.00550429
-0.00532468
-0.00519757
-0.00512876
-0.00509215
-0.00509922
-0.00514836
-0.0052061
-0.00527419
-0.00535676
-0.00544399
-0.00553706
-0.00563002
-0.00572967
-0.00583321
-0.00593232
-0.00603795
-0.00614053
-0.00623806
-0.0063396
-0.0064331
-0.00651612
-0.00659901
-0.00667747
-0.00674511
-0.00680551
-0.00686616
-0.0069202
-0.00696908
-0.00701746
-0.00706673
-0.0071123
-0.00715597
-0.00719399
0.004502
0.00437404
0.00381123
0.00321053
0.00275227
0.00248687
0.0024072
0.00245899
0.00257393
0.00269707
0.00279568
0.00285548
0.00287368
0.00285614
0.00281359
0.00275743
0.00269687
0.00263775
0.00258277
0.0025322
0.00248457
0.00243747
0.00238835
0.00233515
0.00227649
0.00221177
0.00214098
0.00206459
0.0019832
0.00189748
0.00180783
0.00171453
0.00161754
0.00151673
0.00141168
0.00130203
0.00118727
0.00106694
0.000940551
0.000807514
0.000667229
0.000518823
0.000361615
0.000194329
1.6216e-05
-0.000174698
-0.00037904
-0.000599759
-0.000837334
-0.00109533
-0.00137559
-0.00167942
-0.00201179
-0.00237033
-0.00275838
-0.00317337
-0.00360973
-0.00406187
-0.00451169
-0.00493082
-0.00529958
-0.00558687
-0.00576444
-0.0058243
-0.00576074
-0.00562311
-0.00546014
-0.005299
-0.0051823
-0.00511838
-0.00508443
-0.00509186
-0.0051404
-0.00519808
-0.00526608
-0.00534822
-0.00543524
-0.00552825
-0.00562114
-0.0057207
-0.00582422
-0.00592329
-0.00602894
-0.00613169
-0.00622927
-0.00633088
-0.00642474
-0.00650825
-0.00659151
-0.0066705
-0.00673879
-0.00679984
-0.00686106
-0.00691585
-0.00696537
-0.00701441
-0.00706413
-0.00711025
-0.0071544
-0.00719282
0.00433172
0.00420027
0.00363321
0.00302858
0.0025671
0.00229911
0.00221732
0.00226728
0.0023807
0.00250291
0.0026015
0.00266237
0.00268279
0.00266848
0.00262979
0.00257773
0.00252114
0.00246577
0.00241434
0.00236733
0.00232355
0.00228084
0.00223682
0.00218937
0.00213695
0.00207868
0.0020143
0.00194398
0.0018682
0.00178751
0.00170241
0.00161321
0.00152003
0.00142276
0.00132115
0.0012148
0.00110325
0.000986002
0.000862543
0.000732286
0.000594626
0.000448814
0.000294135
0.000129503
-4.58601e-05
-0.000233707
-0.000434673
-0.000651367
-0.000884388
-0.00113658
-0.00140993
-0.00170512
-0.0020265
-0.00237203
-0.00274382
-0.00313979
-0.00355405
-0.00398059
-0.00440489
-0.00480115
-0.00515162
-0.00543129
-0.00561407
-0.00569213
-0.00565803
-0.00555051
-0.00541285
-0.00527091
-0.00516555
-0.00510739
-0.00507665
-0.00508455
-0.00513246
-0.00519019
-0.00525815
-0.00533989
-0.00542662
-0.0055195
-0.00561229
-0.00571166
-0.00581511
-0.0059141
-0.00601968
-0.00612258
-0.00622019
-0.0063218
-0.00641604
-0.00650002
-0.00658365
-0.00666317
-0.00673213
-0.00679387
-0.00685567
-0.00691124
-0.00696147
-0.00701116
-0.00706136
-0.00710808
-0.00715272
-0.00719155
0.00415195
0.00402
0.00345146
0.00284503
0.00238155
0.0021114
0.00202737
0.00207518
0.00218672
0.00230751
0.00240524
0.00246594
0.00248696
0.00247403
0.00243744
0.00238809
0.00233469
0.00228285
0.00223522
0.00219224
0.00215273
0.00211456
0.0020754
0.00203313
0.00198621
0.00193365
0.0018751
0.00181057
0.00174043
0.00166509
0.00158504
0.00150053
0.00141176
0.00131864
0.00122098
0.00111844
0.00101055
0.000896891
0.000776826
0.000649936
0.000515442
0.000372846
0.000221285
5.99242e-05
-0.000112047
-0.00029621
-0.000493083
-0.000705122
-0.000932762
-0.00117853
-0.00144412
-0.00173009
-0.00203987
-0.00237182
-0.00272714
-0.00310375
-0.00349627
-0.00389802
-0.00429736
-0.00467185
-0.00500479
-0.00527633
-0.00546318
-0.00555729
-0.00555048
-0.00547215
-0.00535991
-0.00523776
-0.00514453
-0.00509308
-0.00506617
-0.00507481
-0.00512233
-0.00518031
-0.0052485
-0.00532996
-0.00541649
-0.00550935
-0.00560211
-0.00570139
-0.00580484
-0.00590379
-0.00600935
-0.00611246
-0.00621016
-0.00631182
-0.00640647
-0.00649101
-0.00657506
-0.00665516
-0.00672487
-0.00678733
-0.0068498
-0.0069062
-0.00695718
-0.0070076
-0.00705834
-0.00710567
-0.00715084
-0.00719012
0.00396982
0.00383725
0.00326756
0.00265969
0.00219463
0.00192283
0.00183721
0.00188364
0.00199412
0.00211423
0.00221174
0.00227271
0.00229451
0.00228286
0.00224806
0.00220093
0.00215014
0.00210125
0.00205688
0.00201741
0.00198167
0.00194752
0.00191263
0.00187488
0.00183272
0.00178514
0.00173171
0.00167238
0.00160743
0.00153721
0.00146208
0.00138233
0.00129806
0.00120929
0.00111575
0.00101723
0.000913187
0.000803328
0.000686932
0.000563678
0.000432757
0.000293707
0.000145765
-1.19502e-05
-0.000179984
-0.000360014
-0.00055224
-0.000759078
-0.000980756
-0.00121949
-0.00147677
-0.00175288
-0.00205071
-0.00236862
-0.00270746
-0.00306477
-0.00343602
-0.00381412
-0.00418929
-0.00454289
-0.00485923
-0.00512238
-0.00531228
-0.00542059
-0.00543856
-0.00538835
-0.00530172
-0.00520012
-0.00511997
-0.00507616
-0.00505393
-0.00506381
-0.00511114
-0.00516955
-0.00523812
-0.00531949
-0.00540593
-0.00549885
-0.00559161
-0.00569074
-0.00579423
-0.00589316
-0.00599865
-0.00610197
-0.00619976
-0.00630142
-0.00639653
-0.00648163
-0.00656609
-0.00664679
-0.00671727
-0.00678051
-0.00684363
-0.0069009
-0.0069527
-0.00700386
-0.00705515
-0.00710314
-0.00714885
-0.00718858
0.00379054
0.00365734
0.00308633
0.002477
0.00201058
0.00173763
0.00165113
0.00169698
0.00180717
0.00192725
0.00202497
0.0020864
0.00210889
0.00209815
0.00206449
0.00201874
0.0019696
0.00192263
0.00188047
0.00184351
0.00181057
0.00177952
0.00174802
0.00171395
0.00167573
0.00163234
0.00158331
0.00152856
0.00146828
0.00140279
0.00133236
0.00125726
0.0011775
0.00109314
0.00100387
0.000909538
0.000809586
0.000703746
0.000591349
0.00047201
0.000345095
0.00020995
6.61473e-05
-8.7473e-05
-0.000251023
-0.000426374
-0.000613424
-0.000814415
-0.00102961
-0.00126062
-0.0015091
-0.00177474
-0.00206025
-0.00236375
-0.00268592
-0.00302413
-0.00337434
-0.00372994
-0.00408215
-0.00441599
-0.00471685
-0.0049713
-0.00516295
-0.00528329
-0.0053233
-0.00529981
-0.00523852
-0.00515793
-0.00509161
-0.00505624
-0.00503957
-0.0050511
-0.00509837
-0.00515729
-0.00522644
-0.00530792
-0.00539428
-0.00548725
-0.00558006
-0.00567908
-0.00578264
-0.00588156
-0.00598696
-0.00609054
-0.00618844
-0.00629013
-0.00638569
-0.00647143
-0.00655633
-0.00663768
-0.00670901
-0.00677305
-0.00683691
-0.00689511
-0.00694776
-0.00699974
-0.00705164
-0.00710031
-0.00714661
-0.00718683
0.00360807
0.00347435
0.00290231
0.00229191
0.00182457
0.0015509
0.00146394
0.00150957
0.00161976
0.00174001
0.00183806
0.00189996
0.00192308
0.00191311
0.00188039
0.00183576
0.00178796
0.00174257
0.00170224
0.0016674
0.00163686
0.00160849
0.00157995
0.0015491
0.00151435
0.00147468
0.00142956
0.00137892
0.00132288
0.00126175
0.00119575
0.00112513
0.00104986
0.000969968
0.000885153
0.000795208
0.000699657
0.000598119
0.000490107
0.00037505
0.000252588
0.000121828
-1.735e-05
-0.00016628
-0.000324859
-0.000494856
-0.000676235
-0.000870693
-0.00107886
-0.00130148
-0.00154059
-0.00179523
-0.00206798
-0.00235691
-0.00266231
-0.00298183
-0.00331141
-0.00364548
-0.00397596
-0.00429072
-0.00457696
-0.00482266
-0.00501486
-0.00514557
-0.00520525
-0.00520651
-0.0051699
-0.00511057
-0.0050588
-0.00503275
-0.00502255
-0.00503635
-0.00508383
-0.00514343
-0.00521326
-0.00529499
-0.0053815
-0.00547473
-0.00556768
-0.00566657
-0.00577024
-0.00586923
-0.00597458
-0.00607844
-0.00617652
-0.00627821
-0.00637429
-0.00646069
-0.00654608
-0.0066281
-0.00670031
-0.00676523
-0.00682984
-0.00688902
-0.00694261
-0.0069954
-0.00704796
-0.00709735
-0.00714424
-0.00718497
0.00342585
0.00329169
0.00271877
0.0021075
0.00163947
0.00136532
0.00127812
0.00132373
0.00143406
0.00155457
0.00165298
0.00171532
0.00173898
0.00172965
0.00169767
0.00165394
0.00160719
0.00156306
0.0015242
0.00149108
0.0014625
0.00143638
0.00141034
0.00138227
0.00135055
0.00131414
0.00127252
0.00122558
0.00117342
0.00111634
0.00105453
0.00098817
0.000917268
0.000841752
0.000761393
0.000675872
0.000584835
0.000487761
0.000384332
0.000273833
0.000156079
3.0101e-05
-0.000104124
-0.000247824
-0.000401003
-0.000565004
-0.000740164
-0.000927437
-0.00112795
-0.00134168
-0.00157082
-0.00181421
-0.00207384
-0.00234827
-0.00263694
-0.00293828
-0.00324794
-0.00356136
-0.00387149
-0.00416788
-0.0044404
-0.00467756
-0.00486911
-0.00500856
-0.00508532
-0.00510924
-0.00509628
-0.00505826
-0.00502167
-0.00500556
-0.00500272
-0.00501958
-0.00506759
-0.00512789
-0.00519853
-0.00528086
-0.00536765
-0.00546117
-0.00555436
-0.00565319
-0.00575704
-0.00585613
-0.00596136
-0.00606554
-0.00616382
-0.00626551
-0.0063621
-0.00644924
-0.0065351
-0.00661782
-0.00669099
-0.0067568
-0.00682221
-0.00688243
-0.00693698
-0.00699067
-0.00704392
-0.00709405
-0.0071416
-0.00718284
0.00324647
0.0031118
0.00253798
0.00192584
0.00145712
0.00118251
0.00109508
0.00114064
0.00125105
0.00137175
0.00147041
0.00153308
0.00155712
0.00154827
0.00151685
0.00147379
0.00142786
0.0013847
0.00134701
0.00131526
0.00128829
0.00126401
0.00124006
0.00121432
0.00118518
0.00115159
0.00111302
0.00106934
0.00102068
0.000967258
0.000909311
0.000846957
0.000780224
0.000708958
0.000632978
0.000551887
0.000465402
0.000372941
0.000274238
0.000168579
5.57671e-05
-6.50343e-05
-0.000193989
-0.000331986
-0.000479336
-0.00063683
-0.000805221
-0.00098485
-0.00117709
-0.0013816
-0.00160024
-0.00183217
-0.00207842
-0.00233835
-0.00261052
-0.00289403
-0.00318465
-0.00347831
-0.00376941
-0.00404833
-0.00430764
-0.00453657
-0.00472637
-0.00487279
-0.00496438
-0.00500849
-0.00501785
-0.00500081
-0.00497982
-0.00497435
-0.00497965
-0.00500041
-0.0050494
-0.00511066
-0.00518223
-0.00526519
-0.00535241
-0.00544645
-0.00554008
-0.00563883
-0.00574287
-0.00584212
-0.00594725
-0.00605177
-0.00615031
-0.00625198
-0.00634913
-0.00643704
-0.00652344
-0.0066069
-0.00668107
-0.00674787
-0.00681411
-0.00687541
-0.00693104
-0.00698565
-0.00703964
-0.00709057
-0.00713878
-0.00718059
0.00306676
0.00293172
0.00235714
0.00174425
0.00127494
0.000999939
0.000912319
0.000957871
0.00106841
0.00118931
0.00128825
0.00135125
0.00137568
0.00136728
0.00133638
0.00129394
0.00124875
0.00120646
0.0011698
0.00113925
0.00111368
0.00109101
0.00106889
0.0010452
0.00101833
0.000987245
0.000951414
0.000910687
0.000865198
0.000815151
0.000760787
0.00070219
0.000639399
0.000572229
0.000500508
0.000423826
0.000341894
0.000254159
0.000160305
5.9716e-05
-4.79164e-05
-0.00016322
-0.000286554
-0.000418486
-0.000559556
-0.000710186
-0.000871256
-0.00104291
-0.00122631
-0.0014213
-0.00162901
-0.00184926
-0.00208207
-0.00232743
-0.00258356
-0.00284953
-0.00312214
-0.00339688
-0.00367013
-0.00393257
-0.00417897
-0.00440008
-0.00458719
-0.00473891
-0.00484326
-0.00490512
-0.00493503
-0.00493836
-0.00493331
-0.00493894
-0.00495303
-0.00497864
-0.00502926
-0.00509165
-0.00516407
-0.00524797
-0.00533584
-0.00543048
-0.00552468
-0.00562341
-0.00572773
-0.00582726
-0.00593223
-0.00603711
-0.00613597
-0.00623763
-0.00633535
-0.00642413
-0.00651108
-0.0065953
-0.00667056
-0.00673836
-0.00680549
-0.00686794
-0.00692467
-0.00698026
-0.00703503
-0.00708677
-0.00713568
-0.00717801
0.0028882
0.00275282
0.00217756
0.001564
0.00109419
0.000818873
0.000731133
0.000776728
0.000887421
0.00100855
0.00110778
0.00117111
0.00119592
0.00118794
0.00115753
0.00111564
0.00107109
0.00102956
0.000993797
0.000964292
0.000939933
0.000918644
0.000898098
0.000876181
0.000851298
0.000822404
0.000788981
0.000750877
0.000708227
0.000661237
0.000610146
0.00055505
0.000495972
0.00043274
0.000365148
0.00029282
0.00021541
0.000132438
4.35028e-05
-5.18914e-05
-0.000154161
-0.000263763
-0.000381165
-0.000506757
-0.000641123
-0.000784584
-0.000937879
-0.00110125
-0.00127541
-0.00146058
-0.00165717
-0.00186549
-0.00208502
-0.00231584
-0.00255646
-0.0028054
-0.00306084
-0.00331768
-0.00357395
-0.0038212
-0.00405494
-0.00426855
-0.00445252
-0.00460763
-0.00472286
-0.00480001
-0.00484849
-0.00487127
-0.00488213
-0.00489926
-0.00492264
-0.00495403
-0.00500689
-0.00507076
-0.00514423
-0.0052291
-0.00531769
-0.00541308
-0.00550812
-0.00560695
-0.00571157
-0.00581144
-0.00591628
-0.00602153
-0.00612081
-0.00622246
-0.00632074
-0.00641043
-0.00649799
-0.00658299
-0.00665936
-0.00672825
-0.00679628
-0.00685991
-0.00691785
-0.00697445
-0.00703006
-0.00708268
-0.00713231
-0.00717527
0.00271151
0.00257583
0.00199992
0.00138574
0.000915467
0.000639869
0.000552036
0.000597689
0.000708541
0.000829896
0.000929381
0.000993012
0.00101816
0.00101054
0.00098055
0.000939144
0.000895159
0.000854292
0.000819301
0.000790703
0.000767394
0.000747317
0.00072815
0.000707795
0.000684662
0.000657716
0.000626444
0.000590705
0.000550629
0.000506442
0.000458373
0.000406543
0.000350961
0.00029148
0.000227865
0.00015977
8.6817e-05
8.56754e-06
-7.54085e-05
-0.000165561
-0.000262316
-0.000366094
-0.000477317
-0.000596388
-0.000723741
-0.000859803
-0.00100501
-0.00115981
-0.00132452
-0.00149958
-0.00168503
-0.00188122
-0.00208773
-0.00230412
-0.00252979
-0.00276235
-0.00300135
-0.00324144
-0.00348149
-0.00371466
-0.00393605
-0.0041422
-0.00432271
-0.00447959
-0.00460377
-0.00469409
-0.00475894
-0.00479986
-0.00482643
-0.00485517
-0.00488831
-0.00492618
-0.00498208
-0.00504803
-0.00512249
-0.00520843
-0.00529797
-0.0053942
-0.00549028
-0.00558931
-0.00569429
-0.00579467
-0.00589938
-0.00600501
-0.00610477
-0.00620644
-0.00630529
-0.00639598
-0.00648417
-0.00656998
-0.00664756
-0.00671758
-0.00678656
-0.00685145
-0.00691062
-0.0069683
-0.00702477
-0.00707828
-0.00712867
-0.00717213
0.00253667
0.00240074
0.00182427
0.00120953
0.000738835
0.000462985
0.000375076
0.000420795
0.000531808
0.00065338
0.000753117
0.000817029
0.000842481
0.000835207
0.0008056
0.000764634
0.000721161
0.000680895
0.000646606
0.000618828
0.000596469
0.000577485
0.000559564
0.00054062
0.000519069
0.000493891
0.000464578
0.000431002
0.000393297
0.0003517
0.000306448
0.000257677
0.000205399
0.000149484
8.9693e-05
2.5692e-05
-4.28949e-05
-0.000116497
-0.00019553
-0.000280442
-0.000371621
-0.000469506
-0.000574437
-0.000686856
-0.000807062
-0.000935536
-0.00107254
-0.00121856
-0.00137376
-0.00153851
-0.00171291
-0.00189693
-0.00209063
-0.00229293
-0.00250404
-0.00272117
-0.00294439
-0.00316905
-0.00339359
-0.00361365
-0.0038233
-0.00402162
-0.00419865
-0.0043557
-0.00448686
-0.00458838
-0.00466726
-0.00472472
-0.00476648
-0.00480683
-0.00484992
-0.00489499
-0.00495465
-0.00502316
-0.00509894
-0.00518601
-0.00527655
-0.00537368
-0.00547103
-0.00557045
-0.00567584
-0.00577683
-0.00588145
-0.00598741
-0.00608776
-0.00618948
-0.00628889
-0.00638061
-0.00646952
-0.00655616
-0.00663497
-0.00670623
-0.00677619
-0.00684236
-0.00690289
-0.00696169
-0.00701911
-0.00707357
-0.00712474
-0.00716889
0.00236438
0.00222828
0.00165131
0.00103607
0.000564999
0.000288935
0.000200977
0.000246783
0.000357974
0.000479776
0.000579777
0.000643977
0.000669741
0.000662809
0.00063358
0.000593044
0.000550067
0.000510375
0.000476753
0.000449748
0.000428278
0.000410311
0.000393545
0.000375903
0.000355811
0.00033226
0.00030475
0.000273166
0.00023765
0.000198452
0.00015582
0.000109901
6.07298e-05
8.1789e-06
-4.79635e-05
-0.00010804
-0.000172395
-0.000241472
-0.000315639
-0.000395371
-0.000480993
-0.000572974
-0.000671581
-0.000777272
-0.000890276
-0.00101104
-0.0011398
-0.00127691
-0.00142264
-0.00157706
-0.00174054
-0.00191261
-0.00209379
-0.00228256
-0.00247954
-0.00268205
-0.00289009
-0.00310033
-0.00331032
-0.003518
-0.00371681
-0.00390716
-0.00408057
-0.00423687
-0.00437294
-0.00448379
-0.00457447
-0.00464655
-0.0047029
-0.00475463
-0.00480769
-0.00486044
-0.00492439
-0.00499625
-0.00507371
-0.00516195
-0.00525364
-0.00535168
-0.00545049
-0.00555051
-0.00565633
-0.00575812
-0.00586271
-0.00596899
-0.00606997
-0.00617179
-0.00627172
-0.00636455
-0.00645421
-0.00654169
-0.00662181
-0.00669431
-0.00676526
-0.00683275
-0.00689464
-0.00695459
-0.00701294
-0.00706835
-0.00712036
-0.00716504
0.00219379
0.0020576
0.00148026
0.000864634
0.00039326
0.00011702
2.90259e-05
7.49167e-05
0.000186278
0.000308308
0.00040857
0.000473058
0.000499133
0.000492538
0.000463682
0.000423567
0.000381071
0.000341936
0.000308956
0.000282692
0.000262073
0.000245078
0.000229415
0.000213016
0.000194316
0.000172315
0.000146524
0.000116836
8.34079e-05
4.64923e-05
6.35754e-06
-3.68416e-05
-8.3046e-05
-0.000132373
-0.000185012
-0.0002413
-0.000301562
-0.000366233
-0.000435664
-0.000510305
-0.000590479
-0.000676606
-0.000768961
-0.000867917
-0.000973745
-0.00108675
-0.00120727
-0.00133546
-0.00147173
-0.00161592
-0.00176857
-0.00192902
-0.00209787
-0.00227378
-0.00245705
-0.00264583
-0.00283937
-0.00303587
-0.00323221
-0.00342774
-0.00361646
-0.00379859
-0.00396804
-0.00412299
-0.0042622
-0.00438075
-0.00448127
-0.00456578
-0.00463551
-0.00469827
-0.00476118
-0.00482204
-0.00489087
-0.00496658
-0.00504626
-0.00513582
-0.00522873
-0.00532768
-0.00542804
-0.00552891
-0.0056353
-0.00573805
-0.00584277
-0.00594934
-0.00605105
-0.00615305
-0.00625351
-0.00634749
-0.00643802
-0.00652642
-0.00660791
-0.00668183
-0.00675385
-0.00682269
-0.00688611
-0.00694729
-0.00700667
-0.00706308
-0.00711588
-0.00716124
0.00202954
0.00189349
0.00131601
0.000700126
0.000228499
-4.79354e-05
-0.00013603
-9.01348e-05
2.13201e-05
0.000143505
0.000243965
0.000308678
0.000335003
0.00032868
0.000300124
0.000260349
0.000218247
0.000179571
0.000147129
0.000121492
0.000101602
8.54461e-05
7.07445e-05
5.54365e-05
3.79705e-05
1.73521e-05
-6.89155e-06
-3.48621e-05
-6.63863e-05
-0.000101204
-0.000139031
-0.000179709
-0.000223169
-0.000269521
-0.000318936
-0.000371729
-0.000428208
-0.000488774
-0.000553768
-0.000623594
-0.000698578
-0.000779079
-0.000865404
-0.000957833
-0.0010567
-0.00116217
-0.00127468
-0.00139421
-0.00152128
-0.00165561
-0.00179776
-0.00194711
-0.00210412
-0.00226782
-0.00243812
-0.00261396
-0.00279404
-0.00297764
-0.00316145
-0.00334542
-0.00352464
-0.00369865
-0.00386351
-0.00401646
-0.004157
-0.00428117
-0.00438974
-0.00448453
-0.00456637
-0.00463967
-0.00471196
-0.0047811
-0.00485508
-0.00493503
-0.00501751
-0.00510853
-0.00520279
-0.00530254
-0.00540442
-0.00550631
-0.00561328
-0.00571713
-0.00582207
-0.00592895
-0.00603138
-0.00613356
-0.0062344
-0.00632951
-0.00642093
-0.00651019
-0.00659305
-0.00666832
-0.0067414
-0.00681162
-0.00687657
-0.00693903
-0.00699942
-0.00705688
-0.00711061
-0.00715655
0.00186234
0.00172633
0.00114863
0.000532567
6.09158e-05
-0.00021536
-0.000303115
-0.000256733
-0.000144691
-2.18579e-05
7.92887e-05
0.000144719
0.000171786
0.000166232
0.000138481
9.95534e-05
5.83516e-05
2.06363e-05
-1.07763e-05
-3.53126e-05
-5.40245e-05
-6.8921e-05
-8.22777e-05
-9.61506e-05
-0.000112086
-0.000131072
-0.000153575
-0.000179688
-0.000209229
-0.000241922
-0.000277472
-0.000315693
-0.0003565
-0.000399971
-0.000446269
-0.000495674
-0.000548494
-0.000605088
-0.000665806
-0.000730995
-0.000801001
-0.000876113
-0.000956667
-0.00104286
-0.00113506
-0.00123336
-0.00133817
-0.00144948
-0.00156773
-0.00169271
-0.00182483
-0.0019637
-0.00210949
-0.00226169
-0.00241983
-0.00258347
-0.00275109
-0.00292247
-0.00309472
-0.00326766
-0.00343782
-0.00360399
-0.0037638
-0.00391436
-0.00405514
-0.00418335
-0.00429851
-0.00440181
-0.00449422
-0.00457743
-0.00465848
-0.00473596
-0.00481553
-0.00490005
-0.00498601
-0.00507897
-0.00517489
-0.00527559
-0.00537899
-0.00548206
-0.00558982
-0.00569501
-0.00580052
-0.00590784
-0.0060111
-0.00611359
-0.00621493
-0.00631123
-0.00640374
-0.00649395
-0.00657818
-0.00665501
-0.00672919
-0.00680077
-0.00686735
-0.00693108
-0.00699255
-0.00705103
-0.00710554
-0.00715212
0.00169627
0.00155946
0.000980827
0.000364044
-0.000108045
-0.000384486
-0.00047218
-0.000425595
-0.000313279
-0.000190138
-8.86619e-05
-2.28807e-05
4.56507e-06
-5.72555e-07
-2.78572e-05
-6.6254e-05
-0.000106848
-0.000143868
-0.000174488
-0.000198126
-0.00021583
-0.000229601
-0.000241711
-0.000254211
-0.000268642
-0.000285985
-0.000306705
-0.000330883
-0.000358337
-0.000388776
-0.000421898
-0.000457498
-0.000495482
-0.000535903
-0.000578919
-0.000624782
-0.000673799
-0.000726294
-0.000782615
-0.00084307
-0.000908003
-0.00097766
-0.00105237
-0.0011323
-0.00121779
-0.00130892
-0.00140605
-0.00150921
-0.00161872
-0.00173452
-0.00185682
-0.00198549
-0.00212045
-0.00226156
-0.00240815
-0.00256012
-0.00271605
-0.00287581
-0.00303719
-0.00319971
-0.00336104
-0.00351966
-0.00367395
-0.00382145
-0.00396137
-0.00409172
-0.00421172
-0.00432154
-0.00442249
-0.00451457
-0.0046035
-0.00468889
-0.00477409
-0.00486305
-0.00495265
-0.00504768
-0.00514535
-0.00524693
-0.00535166
-0.00545595
-0.00556441
-0.00567092
-0.00577701
-0.00588475
-0.00598886
-0.00609172
-0.00619344
-0.00629088
-0.0063845
-0.00647568
-0.00656137
-0.00663974
-0.00671513
-0.00678811
-0.0068564
-0.00692159
-0.00698416
-0.00704379
-0.0070993
-0.00714653
0.0015628
0.00142748
0.000850065
0.000234228
-0.000237094
-0.000512887
-0.000599991
-0.000552824
-0.000439916
-0.000316187
-0.000214142
-0.000147823
-0.000119878
-0.000124552
-0.000151397
-0.000189364
-0.000229527
-0.000266107
-0.00029628
-0.000319464
-0.000336713
-0.000350032
-0.000361694
-0.000373743
-0.000387708
-0.000404552
-0.000424716
-0.000448256
-0.000474965
-0.000504522
-0.000536605
-0.000570978
-0.000607531
-0.000646287
-0.000687393
-0.000731077
-0.000777636
-0.000827372
-0.000880616
-0.000937651
-0.000998793
-0.00106427
-0.00113438
-0.00120927
-0.00128923
-0.00137438
-0.00146496
-0.00156109
-0.00166297
-0.00177066
-0.00188424
-0.00200374
-0.00212901
-0.00226005
-0.00239629
-0.00253764
-0.00268302
-0.00283217
-0.00298359
-0.0031365
-0.00328944
-0.0034409
-0.00358973
-0.00373395
-0.00387265
-0.00400423
-0.00412793
-0.0042431
-0.00435107
-0.00445113
-0.00454725
-0.00464007
-0.00473119
-0.00482482
-0.00491857
-0.00501625
-0.00511619
-0.00521901
-0.00532512
-0.00543069
-0.00553989
-0.00564779
-0.00575468
-0.00586293
-0.00596802
-0.00607137
-0.00617341
-0.00627181
-0.00636661
-0.0064588
-0.00654579
-0.00662578
-0.00670226
-0.00677653
-0.00684647
-0.00691298
-0.00697663
-0.00703725
-0.00709355
-0.00714135
0.0012998
0.00116461
0.000588194
-2.46088e-05
-0.000490826
-0.000759647
-0.00083841
-0.000782481
-0.000661286
-0.000530268
-0.000422113
-0.000350862
-0.000319001
-0.000320417
-0.000344241
-0.000379084
-0.000415821
-0.00044861
-0.000474659
-0.000493479
-0.000506258
-0.000515146
-0.000522539
-0.00053056
-0.000540776
-0.000554143
-0.000571068
-0.000591546
-0.0006153
-0.000641943
-0.000671094
-0.000702474
-0.000735939
-0.000771491
-0.000809254
-0.000849435
-0.0008923
-0.000938131
-0.000987236
-0.00103989
-0.00109637
-0.0011569
-0.00122174
-0.00129104
-0.00136502
-0.00144382
-0.00152763
-0.00161659
-0.00171084
-0.0018105
-0.00191561
-0.00202624
-0.00214223
-0.0022636
-0.0023899
-0.00252103
-0.00265625
-0.00279522
-0.00293698
-0.00308072
-0.00322544
-0.00336981
-0.00351289
-0.00365306
-0.00378947
-0.00392072
-0.00404624
-0.004165
-0.00427795
-0.00438447
-0.00448671
-0.00458607
-0.00468287
-0.00478104
-0.00487895
-0.00497942
-0.00508183
-0.00518612
-0.00529362
-0.00540059
-0.00551053
-0.00561992
-0.00572788
-0.0058368
-0.00594302
-0.00604724
-0.00614972
-0.00624905
-0.0063452
-0.0064386
-0.00652712
-0.00660885
-0.00668674
-0.00676239
-0.00683418
-0.00690235
-0.0069672
-0.00702904
-0.00708637
-0.00713489
0.00131176
0.00118018
0.000606576
-6.00588e-06
-0.00047532
-0.000750851
-0.000839618
-0.00079558
-0.000686427
-0.000566256
-0.000466981
-0.000402276
-0.000374619
-0.000378314
-0.000403257
-0.000438882
-0.000476748
-0.000511459
-0.000540382
-0.000562966
-0.000580159
-0.000593768
-0.000605828
-0.000618153
-0.000632092
-0.000648478
-0.000667683
-0.000689742
-0.00071447
-0.000741593
-0.000770845
-0.000802038
-0.000835088
-0.000870025
-0.000906974
-0.000946137
-0.000987768
-0.00103212
-0.00107945
-0.00112998
-0.00118393
-0.00124147
-0.00130283
-0.00136815
-0.00143764
-0.00151145
-0.00158976
-0.00167271
-0.00176047
-0.00185316
-0.00195084
-0.00205358
-0.00216133
-0.00227406
-0.00239155
-0.00251363
-0.00263985
-0.0027698
-0.0029029
-0.00303835
-0.00317545
-0.00331311
-0.00345052
-0.00358646
-0.00372011
-0.00385034
-0.00397656
-0.00409785
-0.00421448
-0.00432618
-0.00443368
-0.00453857
-0.00464065
-0.00474296
-0.00484484
-0.00494801
-0.00505285
-0.00515869
-0.00526738
-0.00537566
-0.00548609
-0.00559655
-0.00570547
-0.00581484
-0.00592189
-0.00602693
-0.00612983
-0.00622962
-0.00632676
-0.00642124
-0.00651095
-0.00659431
-0.0066733
-0.00675004
-0.0068234
-0.00689296
-0.00695888
-0.00702163
-0.00707974
-0.00712876
-0.00196856
-0.00185225
-0.00129591
-0.000702377
-0.000253281
1.31437e-06
6.87578e-05
3.2672e-06
-0.000127417
-0.000269343
-0.000390824
-0.000478416
-0.000529921
-0.000551392
-0.000553158
-0.00054584
-0.000537794
-0.000534287
-0.000537878
-0.000549112
-0.000567093
-0.000590127
-0.000616329
-0.000644069
-0.000672192
-0.000700071
-0.00072754
-0.00075478
-0.000782189
-0.00081026
-0.000839472
-0.000870238
-0.000902868
-0.000937579
-0.000974514
-0.00101377
-0.00105542
-0.00109955
-0.00114626
-0.00119567
-0.00124794
-0.00130325
-0.00136181
-0.00142381
-0.00148948
-0.001559
-0.00163259
-0.00171039
-0.00179258
-0.00187928
-0.00197057
-0.00206653
-0.00216714
-0.0022724
-0.00238216
-0.00249628
-0.00261448
-0.0027364
-0.00286163
-0.00298958
-0.00311963
-0.00325105
-0.00338305
-0.00351478
-0.00364542
-0.00377414
-0.00390025
-0.00402305
-0.00414233
-0.004258
-0.00437008
-0.00447977
-0.00458696
-0.0046935
-0.00479957
-0.004906
-0.00501367
-0.00512183
-0.00523211
-0.00534228
-0.00545371
-0.0055655
-0.00567586
-0.00578624
-0.00589446
-0.00600075
-0.00610479
-0.00620539
-0.00630367
-0.00639958
-0.0064909
-0.00657622
-0.00665687
-0.00673492
-0.00681013
-0.00688156
-0.00694875
-0.00701275
-0.00707189
-0.00712169
0.00110092
0.000969705
0.00039608
-0.000216937
-0.000687093
-0.000963885
-0.00105414
-0.00101156
-0.000903642
-0.000784421
-0.000685829
-0.000621588
-0.000594163
-0.000597866
-0.000622656
-0.000658073
-0.000695796
-0.000730531
-0.000759665
-0.000782607
-0.000800212
-0.000814179
-0.000826441
-0.000838738
-0.000852371
-0.00086815
-0.000886447
-0.000907301
-0.00093054
-0.000955901
-0.000983122
-0.00101201
-0.00104247
-0.00107449
-0.00110818
-0.00114367
-0.00118116
-0.00122086
-0.00126299
-0.00130775
-0.00135533
-0.00140591
-0.00145967
-0.00151675
-0.00157733
-0.00164155
-0.00170957
-0.00178151
-0.00185752
-0.00193771
-0.00202219
-0.00211101
-0.00220421
-0.0023018
-0.00240371
-0.00250984
-0.00261998
-0.00273391
-0.00285125
-0.00297164
-0.00309453
-0.0032194
-0.00334555
-0.00347237
-0.00359912
-0.00372512
-0.00384973
-0.00397236
-0.00409262
-0.00421032
-0.0043253
-0.00443816
-0.00454894
-0.00465864
-0.00476768
-0.0048766
-0.00498618
-0.00509599
-0.00520721
-0.00531844
-0.00543045
-0.0055427
-0.00565384
-0.00576465
-0.00587342
-0.00598031
-0.00608506
-0.00618625
-0.00628494
-0.00638157
-0.00647398
-0.00656096
-0.0066428
-0.00672167
-0.0067982
-0.00687108
-0.00693936
-0.00700415
-0.00706403
-0.00711424
-0.00231592
-0.00219452
-0.00163131
-0.00102948
-0.000571431
-0.000307798
-0.000231782
-0.000289616
-0.000413683
-0.000549875
-0.000666234
-0.000749066
-0.000795955
-0.000812619
-0.000809187
-0.000796264
-0.000782333
-0.000772833
-0.000770483
-0.000775963
-0.000788486
-0.000806422
-0.000827907
-0.000851282
-0.000875342
-0.000899391
-0.000923189
-0.000946844
-0.00097069
-0.000995169
-0.00102073
-0.00104777
-0.00107658
-0.00110739
-0.00114033
-0.00117548
-0.00121289
-0.0012526
-0.00129468
-0.00133919
-0.00138624
-0.00143594
-0.00148843
-0.00154386
-0.0016024
-0.0016642
-0.00172943
-0.00179822
-0.00187073
-0.00194706
-0.00202732
-0.0021116
-0.00219993
-0.00229235
-0.00238881
-0.00248929
-0.00259361
-0.00270168
-0.00281316
-0.00292785
-0.00304529
-0.00316512
-0.00328678
-0.0034098
-0.00353356
-0.00365751
-0.00378111
-0.00390379
-0.00402516
-0.00414491
-0.0042628
-0.00437906
-0.00449365
-0.00460714
-0.00471982
-0.00483211
-0.00494459
-0.00505699
-0.00517031
-0.00528343
-0.00539704
-0.00551063
-0.00562316
-0.00573532
-0.00584528
-0.00595343
-0.00605961
-0.00616216
-0.00626211
-0.00635967
-0.00645351
-0.00654282
-0.00662664
-0.00670664
-0.00678481
-0.00685965
-0.00692936
-0.0069954
-0.00705625
-0.00710724
0.000901727
0.000769247
0.000194129
-0.000420088
-0.000890823
-0.0011674
-0.00125666
-0.00121255
-0.0011029
-0.000982028
-0.000882022
-0.000816681
-0.0007885
-0.000791816
-0.000816504
-0.000851945
-0.000889634
-0.000924137
-0.000952779
-0.000974962
-0.000991578
-0.00100438
-0.00101538
-0.00102636
-0.00103867
-0.00105313
-0.00107011
-0.00108964
-0.00111151
-0.00113542
-0.00116106
-0.0011882
-0.0012167
-0.00124652
-0.00127775
-0.00131048
-0.00134491
-0.00138122
-0.0014196
-0.00146022
-0.00150325
-0.00154885
-0.00159716
-0.00164829
-0.00170238
-0.00175954
-0.00181991
-0.00188359
-0.00195072
-0.0020214
-0.00209573
-0.00217382
-0.00225571
-0.00234148
-0.00243109
-0.00252458
-0.00262182
-0.00272277
-0.00282719
-0.00293493
-0.00304565
-0.00315909
-0.00327481
-0.00339243
-0.00351147
-0.00363144
-0.0037519
-0.00387235
-0.00399238
-0.00411167
-0.00422988
-0.00434706
-0.00446302
-0.00457809
-0.0046924
-0.00480617
-0.00491998
-0.00503339
-0.00514746
-0.0052612
-0.00537514
-0.00548907
-0.00560177
-0.00571421
-0.00582452
-0.00593283
-0.00603967
-0.00614287
-0.00624321
-0.00634118
-0.00643527
-0.00652612
-0.0066116
-0.00669213
-0.00677097
-0.00684727
-0.00691816
-0.0069849
-0.0070464
-0.00709784
-0.00250675
-0.00238355
-0.00181829
-0.00121462
-0.000755215
-0.000490854
-0.000414736
-0.000472885
-0.000597386
-0.000733877
-0.000850233
-0.000932666
-0.000978703
-0.000994079
-0.000989027
-0.000974303
-0.00095855
-0.000947338
-0.000943454
-0.000947586
-0.000958912
-0.000975734
-0.000996109
-0.00101831
-0.00104107
-0.00106367
-0.00108585
-0.0011077
-0.00112959
-0.00115196
-0.00117528
-0.00119995
-0.00122629
-0.0012545
-0.00128471
-0.00131698
-0.00135134
-0.00138782
-0.00142642
-0.0014672
-0.00151023
-0.00155558
-0.00160338
-0.00165375
-0.00170681
-0.00176271
-0.00182157
-0.00188354
-0.00194871
-0.00201722
-0.00208913
-0.00216456
-0.00224355
-0.00232618
-0.00241244
-0.00250237
-0.0025959
-0.00269301
-0.00279355
-0.00289742
-0.00300438
-0.00311423
-0.00322666
-0.00334136
-0.00345797
-0.00357607
-0.00369529
-0.00381519
-0.0039354
-0.00405557
-0.00417535
-0.0042946
-0.00441313
-0.00453094
-0.00464818
-0.00476471
-0.00488118
-0.00499703
-0.00511313
-0.00522889
-0.00534431
-0.00545977
-0.00557371
-0.00568724
-0.00579895
-0.0059083
-0.00601654
-0.0061213
-0.00622287
-0.0063219
-0.0064171
-0.00650984
-0.00659783
-0.00667971
-0.00675943
-0.00683748
-0.00690994
-0.00697759
-0.00703978
-0.00709187
0.000753632
0.000620058
4.3731e-05
-0.000571477
-0.00104277
-0.00131934
-0.00140803
-0.00136294
-0.00125218
-0.00113027
-0.00102946
-0.000963645
-0.000935384
-0.000938972
-0.000964176
-0.00100023
-0.00103849
-0.00107339
-0.00110219
-0.00112425
-0.00114051
-0.00115278
-0.00116313
-0.00117341
-0.00118503
-0.00119883
-0.00121519
-0.00123412
-0.0012554
-0.00127868
-0.00130363
-0.00132997
-0.00135754
-0.00138628
-0.00141622
-0.00144748
-0.00148021
-0.00151458
-0.00155076
-0.00158892
-0.00162919
-0.00167171
-0.00171658
-0.00176391
-0.00181377
-0.00186628
-0.00192152
-0.0019796
-0.00204059
-0.00210464
-0.00217179
-0.00224219
-0.00231586
-0.00239293
-0.0024734
-0.00255736
-0.00264474
-0.00273559
-0.00282981
-0.00292733
-0.00302801
-0.00313169
-0.00323818
-0.0033472
-0.00345852
-0.00357177
-0.00368669
-0.00380285
-0.00391998
-0.00403768
-0.00415569
-0.00427372
-0.00439159
-0.00450913
-0.00462638
-0.00474317
-0.00485981
-0.00497609
-0.00509222
-0.0052083
-0.00532366
-0.00543901
-0.00555298
-0.00566597
-0.00577799
-0.0058874
-0.00599578
-0.00610067
-0.00620197
-0.00630179
-0.00639714
-0.00649015
-0.00657977
-0.0066628
-0.00674314
-0.00682222
-0.00689605
-0.00696472
-0.00702754
-0.0070801
-0.00253556
-0.00241259
-0.00184805
-0.00124585
-0.000788738
-0.00052749
-0.000455156
-0.000517396
-0.000645922
-0.000786118
-0.000905747
-0.000990982
-0.00103935
-0.0010567
-0.00105346
-0.00104058
-0.00102683
-0.00101791
-0.00101663
-0.00102365
-0.00103807
-0.00105808
-0.00108161
-0.00110685
-0.00113245
-0.00115766
-0.00118219
-0.00120617
-0.00122995
-0.00125402
-0.00127886
-0.00130488
-0.0013324
-0.0013616
-0.00139259
-0.00142541
-0.00146004
-0.00149648
-0.00153472
-0.00157477
-0.00161669
-0.00166053
-0.0017064
-0.00175442
-0.0018047
-0.00185737
-0.00191255
-0.00197038
-0.00203094
-0.00209438
-0.00216075
-0.00223017
-0.00230271
-0.00237845
-0.00245744
-0.00253972
-0.00262532
-0.00271425
-0.00280649
-0.00290197
-0.00300065
-0.00310236
-0.00320702
-0.00331435
-0.00342422
-0.00353628
-0.00365033
-0.00376599
-0.00388298
-0.00400097
-0.00411958
-0.00423865
-0.00435774
-0.00447684
-0.00459565
-0.00471424
-0.00483255
-0.00495066
-0.00506838
-0.00518576
-0.00530241
-0.00541833
-0.00553373
-0.00564767
-0.00576101
-0.00587164
-0.00598022
-0.00608671
-0.00618891
-0.00628979
-0.00638646
-0.00647929
-0.00657081
-0.00665591
-0.00673597
-0.00681577
-0.00689115
-0.00696031
-0.00702335
-0.00707632
0.000737659
0.000601199
2.15728e-05
-0.000597285
-0.00107227
-0.00135232
-0.00144406
-0.00140155
-0.00129301
-0.00117319
-0.00107453
-0.00101109
-0.000985553
-0.000992288
-0.00102101
-0.00106084
-0.00110297
-0.00114167
-0.00117406
-0.00119948
-0.00121883
-0.00123394
-0.00124696
-0.00125978
-0.00127386
-0.00129008
-0.00130883
-0.00133012
-0.00135372
-0.00137926
-0.00140635
-0.00143471
-0.00146411
-0.00149447
-0.00152579
-0.00155817
-0.00159172
-0.00162662
-0.00166301
-0.00170105
-0.00174086
-0.00178256
-0.00182624
-0.00187198
-0.00191985
-0.00196995
-0.00202233
-0.00207708
-0.00213429
-0.00219405
-0.00225645
-0.00232158
-0.00238953
-0.00246039
-0.00253423
-0.00261111
-0.0026911
-0.00277421
-0.00286049
-0.0029499
-0.00304244
-0.00313802
-0.00323659
-0.00333799
-0.0034421
-0.00354873
-0.00365765
-0.00376864
-0.00388134
-0.00399555
-0.00411079
-0.00422701
-0.00434373
-0.00446099
-0.00457844
-0.00469602
-0.00481355
-0.00493079
-0.00504787
-0.00516438
-0.00528059
-0.00539602
-0.00551102
-0.00562476
-0.00573719
-0.00584787
-0.00595597
-0.00606249
-0.00616543
-0.00626591
-0.00636337
-0.00645684
-0.00654843
-0.00663571
-0.00671737
-0.00679721
-0.00687406
-0.00694495
-0.00700855
-0.00706198
)
;

boundaryField
{
    zeroGradient
    {
        type            zeroGradient;
    }
    inlet
    {
        type            zeroGradient;
    }
    fixedWalls
    {
        type            zeroGradient;
    }
    frontAndBack
    {
        type            empty;
    }
}


// ************************************************************************* //
