/*--------------------------------*- C++ -*----------------------------------*\
| =========                 |                                                 |
| \\      /  F ield         | OpenFOAM: The Open Source CFD Toolbox           |
|  \\    /   O peration     | Version:  2312                                  |
|   \\  /    A nd           | Website:  www.openfoam.com                      |
|    \\/     M anipulation  |                                                 |
\*---------------------------------------------------------------------------*/
FoamFile
{
    version     2.0;
    format      ascii;
    arch        "LSB;label=32;scalar=64";
    class       volScalarField;
    location    "0.2";
    object      p;
}
// * * * * * * * * * * * * * * * * * * * * * * * * * * * * * * * * * * * * * //

dimensions      [0 2 -2 0 0 0 0];

internalField   nonuniform List<scalar> 
5600
(
-2.33666e-09
0.000422843
0.000115176
0.000397753
0.0004011
0.000602103
0.000599103
0.000776163
0.000824197
0.000950142
0.00107524
0.00116701
0.00124541
0.00136183
0.00147822
0.00163343
0.00176473
0.00187181
0.00196736
0.00213817
0.00233418
0.00251087
0.00269468
0.00291235
0.0030853
0.00327496
0.00352201
0.00376467
0.00400149
0.00425536
0.00450532
0.0047594
0.00503717
0.00534369
0.00566635
0.00599068
0.00630764
0.00661613
0.00685129
0.00682633
2.9852e-06
0.000420298
0.000153327
0.000396267
0.000403412
0.000600799
0.000603719
0.000772875
0.000823914
0.000948599
0.00107471
0.00116361
0.00124651
0.00136049
0.00147972
0.00163313
0.0017661
0.00187164
0.0019682
0.00213769
0.00233371
0.00250885
0.00269137
0.00290696
0.0030787
0.00326691
0.00351219
0.00375265
0.0039862
0.00423275
0.0044709
0.00469025
0.00492026
0.00518241
0.00545441
0.00570585
0.00589523
0.00599104
0.00593951
0.00561525
6.114e-06
0.00041915
0.000146805
0.000397566
0.000405582
0.000598271
0.000609143
0.00077011
0.00082362
0.000949802
0.00107364
0.00116688
0.0012466
0.00135892
0.00148086
0.00163207
0.00176815
0.00187104
0.00196991
0.00213769
0.00233426
0.00250596
0.00268727
0.0029004
0.00307036
0.00325653
0.00349744
0.00373366
0.00395941
0.00419332
0.00441539
0.00461834
0.00483253
0.00507649
0.00532306
0.00554523
0.00570539
0.00577618
0.00571193
0.00540474
1.11722e-05
0.000416156
0.000175576
0.000397779
0.000409109
0.000594757
0.000617865
0.000765533
0.000824073
0.000949161
0.00107387
0.00116729
0.00124765
0.00135689
0.00148251
0.00163104
0.00177016
0.00187068
0.00197222
0.00213756
0.00233491
0.00250331
0.00268169
0.00289211
0.00305854
0.00323921
0.00347666
0.00370455
0.00391968
0.00413431
0.00433403
0.00452275
0.00472055
0.00493522
0.00513743
0.0052985
0.0053862
0.00537111
0.00521364
0.0048254
1.59207e-05
0.000413854
0.000187048
0.000398796
0.000412704
0.000591637
0.00062386
0.000761492
0.000824608
0.000948593
0.00107493
0.00116779
0.00124793
0.00135485
0.00148276
0.00162991
0.00177054
0.00186974
0.00197243
0.00213685
0.00233357
0.00249854
0.00267275
0.00288007
0.00304136
0.00321528
0.00344551
0.00366042
0.00386032
0.00405794
0.00424162
0.00441487
0.00459438
0.00478387
0.00495506
0.00508172
0.00513854
0.00510324
0.00493797
0.00455913
2.23282e-05
0.000410213
0.00021079
0.000398607
0.000417812
0.000587337
0.000631465
0.000756363
0.000825321
0.000946976
0.00107616
0.00116694
0.00124686
0.00135264
0.00148223
0.0016286
0.00176935
0.00186804
0.00197079
0.00213438
0.00232919
0.00249169
0.00266027
0.00286231
0.00301835
0.00318037
0.0033999
0.00360301
0.00378599
0.00396811
0.00413943
0.00429894
0.00445974
0.00462561
0.00477012
0.00486959
0.0048989
0.00483577
0.00464121
0.00423296
2.88103e-05
0.000406641
0.000224494
0.000398992
0.000423299
0.00058302
0.000638363
0.000750947
0.000825897
0.000945467
0.00107689
0.00116668
0.00124424
0.00134997
0.00148052
0.00162614
0.00176679
0.00186468
0.00196629
0.00212924
0.00232167
0.00248121
0.00264238
0.00283693
0.00298611
0.003134
0.003341
0.0035316
0.00369942
0.00386752
0.00402688
0.00417165
0.00431244
0.00445586
0.00457934
0.00466188
0.00468054
0.0046137
0.00442107
0.00401623
3.70288e-05
0.000401638
0.000248716
0.000398554
0.000430008
0.000578065
0.000645088
0.000744825
0.000825793
0.0009442
0.00107616
0.00116716
0.00124031
0.0013463
0.00147781
0.00162271
0.00176244
0.00185941
0.00195926
0.00212105
0.00230999
0.00246638
0.00261899
0.00280223
0.00294302
0.00307476
0.00326753
0.00344814
0.00360241
0.00375388
0.00389802
0.00402864
0.00415309
0.00428325
0.00439828
0.00447438
0.00448832
0.00442161
0.00423672
0.00385005
4.57224e-05
0.000396198
0.000264363
0.000398213
0.000437172
0.00057291
0.000651334
0.000738904
0.000824776
0.00094321
0.00107526
0.00116515
0.00123566
0.00134127
0.00147373
0.00161742
0.00175625
0.00185213
0.00194818
0.00210858
0.00229433
0.00244527
0.00258793
0.00275749
0.00288813
0.00300461
0.00318327
0.00335306
0.00349166
0.00362372
0.00374959
0.00386623
0.00398071
0.00410771
0.0042313
0.00432961
0.00437618
0.00434432
0.00417807
0.0037552
5.6243e-05
0.000389149
0.000286801
0.00039766
0.000445182
0.000567775
0.000656156
0.00073346
0.000822376
0.000941635
0.00107393
0.00116069
0.00123053
0.00133465
0.00146834
0.0016109
0.00174762
0.00184235
0.00193351
0.00209126
0.00227299
0.00241682
0.00254816
0.00270194
0.00282389
0.00292606
0.00308784
0.0032474
0.00337048
0.0034792
0.00357861
0.00366635
0.00374451
0.00383655
0.00394407
0.00404428
0.0041215
0.00420595
0.00438007
0.00479307
6.76861e-05
0.000381136
0.000305698
0.000397242
0.000452971
0.000563491
0.000658359
0.000729858
0.00081861
0.000939777
0.00107177
0.00115618
0.00122355
0.00132632
0.00146097
0.00160208
0.00173568
0.00182941
0.00191448
0.00206678
0.00224586
0.00238095
0.00249774
0.00263571
0.0027497
0.00283853
0.00298226
0.00313283
0.00324372
0.00333575
0.00342226
0.00350684
0.00359321
0.00369961
0.00381717
0.0039276
0.00402553
0.00413924
0.00433073
0.00470635
8.09502e-05
0.000371475
0.000325849
0.000397637
0.000460224
0.000560953
0.000657251
0.000726673
0.000813243
0.000937049
0.00106785
0.00115226
0.00121497
0.00131579
0.00145171
0.00159171
0.00172052
0.001812
0.00189187
0.00203565
0.00221028
0.00233646
0.00243811
0.00255975
0.00266581
0.00274427
0.00286702
0.00300965
0.00311823
0.00320566
0.00329269
0.00338493
0.0034727
0.0035636
0.00365897
0.00375375
0.00385073
0.00397884
0.00419782
0.00461075
9.55669e-05
0.000360572
0.000344686
0.00039928
0.000465379
0.000560195
0.000655232
0.000723151
0.000807524
0.000933201
0.00106325
0.00114595
0.0012047
0.0013027
0.00143945
0.00157798
0.00170141
0.00178917
0.00186394
0.00199681
0.00216474
0.00228601
0.00237179
0.00247459
0.00257325
0.0026452
0.00275111
0.00289185
0.00300955
0.00309766
0.00317533
0.00325446
0.00332961
0.0034065
0.00349071
0.00358255
0.00368815
0.00383178
0.00406548
0.00448285
0.000111858
0.000348454
0.000361487
0.000403625
0.000468477
0.000561252
0.000652046
0.000718269
0.000800792
0.000927454
0.00105722
0.00113806
0.00119311
0.00128749
0.00142413
0.00156111
0.00167905
0.00176078
0.00183
0.00195219
0.00210877
0.00222701
0.00230151
0.0023851
0.00247492
0.0025463
0.00264379
0.00277771
0.00289572
0.00297848
0.00304306
0.00310901
0.00317638
0.00324702
0.00332611
0.00341687
0.00352579
0.00367317
0.00390649
0.00431864
0.000129526
0.000336593
0.00037534
0.000408688
0.000469996
0.000562702
0.000649268
0.000712209
0.000793175
0.000920426
0.00105006
0.00112836
0.00117924
0.00126908
0.00140452
0.00153914
0.00165158
0.00172684
0.00178843
0.00190102
0.0020458
0.00215887
0.00222826
0.0022946
0.00237237
0.0024433
0.00253472
0.00266064
0.00277597
0.00285249
0.00290496
0.00295904
0.00302102
0.00308888
0.00316424
0.00325079
0.0033573
0.00350355
0.00373546
0.00414589
0.000148516
0.000325566
0.000384433
0.000414811
0.000471607
0.000564162
0.000647078
0.000704683
0.00078366
0.000911151
0.00104082
0.00111753
0.00116328
0.00124731
0.00138148
0.00151322
0.00161921
0.00168839
0.00174013
0.00184397
0.00197939
0.00208265
0.0021481
0.0022022
0.00226724
0.00233457
0.00242086
0.00253876
0.00264944
0.0027211
0.0027644
0.00280774
0.00286342
0.00292855
0.00300064
0.00308253
0.00318485
0.00332931
0.00356127
0.00397209
0.000168504
0.000315927
0.000388781
0.000421022
0.000473123
0.000564749
0.000645207
0.000696737
0.000772333
0.000899787
0.00102989
0.00110374
0.00114462
0.00122146
0.00135268
0.00148171
0.0015803
0.0016439
0.00168281
0.00177668
0.00190666
0.00200226
0.00206098
0.00210641
0.00215994
0.00222176
0.00230275
0.00241182
0.00251697
0.00258589
0.00262304
0.00265624
0.00270305
0.00276362
0.00283321
0.00291245
0.00301207
0.00315538
0.00338752
0.00379878
0.000189153
0.000308086
0.000387958
0.000426735
0.000475419
0.000564667
0.000643056
0.000688478
0.000758594
0.000885183
0.00101625
0.00108976
0.0011241
0.00119168
0.00131844
0.00144677
0.00153648
0.00159396
0.00162544
0.00170118
0.00182657
0.00191927
0.00196867
0.00200477
0.0020486
0.00210538
0.00218072
0.00228031
0.00237884
0.00244606
0.00247983
0.00250479
0.00254197
0.00259641
0.00266355
0.00274182
0.00284004
0.00298173
0.00321243
0.0036229
0.000209499
0.000302993
0.000383296
0.000430025
0.000477394
0.000563509
0.000640204
0.000680107
0.000743194
0.000867303
0.000999609
0.00107204
0.0011003
0.00115776
0.00127739
0.00140422
0.00148718
0.00153718
0.00156299
0.00162072
0.00173598
0.00183018
0.00187387
0.00189895
0.00193327
0.001985
0.00205525
0.00214637
0.00223748
0.00230215
0.00233404
0.00235314
0.00238172
0.00242921
0.00249305
0.00257047
0.00266826
0.00280914
0.0030389
0.00344883
0.000228159
0.000300949
0.000377308
0.000429605
0.000478388
0.000562242
0.000636617
0.000671286
0.000725851
0.000845413
0.000978808
0.00105138
0.00107477
0.00112058
0.00123003
0.00135606
0.00143455
0.00147285
0.00149473
0.00153787
0.00163671
0.0017327
0.00177669
0.00179162
0.00181389
0.00185909
0.00192574
0.00201043
0.00209424
0.00215516
0.00218585
0.0022016
0.00222352
0.00226367
0.00232265
0.00239831
0.00249618
0.00263733
0.00286696
0.00327648
0.000244565
0.000302094
0.000371007
0.000424607
0.000476875
0.000559807
0.000632064
0.000661793
0.000706943
0.000819925
0.000953459
0.00102733
0.0010457
0.00107887
0.00117641
0.00129878
0.0013757
0.00140481
0.00141988
0.0014515
0.00153214
0.00162524
0.00167425
0.00168411
0.00169394
0.0017301
0.00179235
0.00187205
0.00194999
0.00200699
0.00203622
0.00204948
0.00206603
0.00209936
0.00215309
0.00222647
0.00232444
0.00246641
0.00269651
0.00310601
0.000258484
0.000304557
0.000365613
0.000417286
0.000471931
0.000555608
0.000626606
0.000651647
0.000686166
0.000790347
0.000922805
0.000998983
0.00101352
0.00103463
0.00111724
0.00123329
0.00131193
0.00133335
0.0013372
0.00136026
0.00142516
0.00151067
0.001565
0.00157569
0.00157585
0.00159959
0.00165445
0.00172996
0.00180434
0.00185828
0.00188587
0.0018971
0.00190957
0.00193707
0.00198545
0.00205582
0.00215338
0.00229635
0.00252755
0.00293758
0.000269621
0.000307646
0.000361515
0.000408334
0.000462332
0.000547818
0.000619692
0.000640796
0.00066366
0.000756774
0.000886644
0.000966078
0.000977911
0.000986331
0.00105291
0.0011602
0.00123988
0.00125781
0.00125119
0.00126389
0.0013149
0.00139075
0.00144834
0.0014649
0.00146088
0.0014717
0.00151475
0.00158346
0.00165547
0.00170876
0.00173607
0.00174593
0.00175483
0.00177691
0.00181994
0.00188696
0.00198378
0.00212773
0.00236025
0.00277112
0.000277973
0.00030982
0.000358111
0.000398964
0.000449266
0.000535388
0.000610476
0.000629328
0.000639673
0.000718777
0.000844176
0.000928024
0.000938768
0.000934892
0.000983758
0.00107912
0.00115996
0.00117981
0.00116281
0.00116165
0.00120048
0.00126758
0.00132667
0.00135051
0.0013476
0.00134838
0.0013767
0.00143414
0.00150188
0.00155614
0.00158573
0.0015962
0.00160269
0.00161995
0.00165758
0.00172075
0.00181617
0.00196076
0.00219467
0.00260669
0.000283581
0.000310518
0.000354622
0.000389979
0.000433319
0.00051719
0.000597229
0.000616844
0.000615077
0.000676755
0.000794735
0.000883877
0.000896458
0.000881063
0.000910088
0.000991187
0.00107152
0.00109676
0.00107492
0.00105857
0.00108219
0.00113991
0.00119975
0.0012322
0.00123517
0.00123073
0.00124477
0.00128649
0.00134483
0.00139818
0.001432
0.0014465
0.00145338
0.00146722
0.00149958
0.00155824
0.00165145
0.00179617
0.00203143
0.00244482
0.000286675
0.000308886
0.000349612
0.000381504
0.000415786
0.000493119
0.00057831
0.000602465
0.000590837
0.000631557
0.000737777
0.00083195
0.00085021
0.000826565
0.000834518
0.000896786
0.000973044
0.00100763
0.000988386
0.000958296
0.000962981
0.00100815
0.00106716
0.00110877
0.00112092
0.00111675
0.00111988
0.00114485
0.00118902
0.00123681
0.0012731
0.00129323
0.00130385
0.00131735
0.00134612
0.00140036
0.00149048
0.00163429
0.00187023
0.00228484
0.000287287
0.000304718
0.000342119
0.000372939
0.000397578
0.000463954
0.00055189
0.000584167
0.000567399
0.000585392
0.000673814
0.000770171
0.000798728
0.000772092
0.00075982
0.000799363
0.000865284
0.00090833
0.000899859
0.000864119
0.000849496
0.000876648
0.000929877
0.000979247
0.00100283
0.00100377
0.00100131
0.00101176
0.00103954
0.00107704
0.00111215
0.00113734
0.0011539
0.00117041
0.00119838
0.00124948
0.00133634
0.00147839
0.00171439
0.00213007
0.0002849
0.000297701
0.000331358
0.00036285
0.00037962
0.000431749
0.000516942
0.000559171
0.000543945
0.000541485
0.000605867
0.000696988
0.000739
0.000717428
0.000688861
0.000703515
0.00075257
0.000797327
0.000803222
0.00077236
0.000743313
0.000748757
0.000788802
0.000839863
0.000873955
0.000883721
0.000881279
0.000882309
0.000895697
0.000920433
0.000949376
0.000975415
0.000996699
0.00101774
0.00104754
0.00109746
0.00118151
0.00132092
0.00155568
0.00197167
0.000280214
0.000287964
0.000316381
0.00034944
0.000361781
0.000398135
0.000474074
0.000525228
0.000517137
0.000500929
0.00053823
0.000614123
0.000666923
0.00065899
0.000623646
0.000615452
0.000644702
0.000684229
0.000701826
0.000684818
0.000653508
0.000640783
0.000661484
0.000704044
0.000742843
0.000762323
0.000765031
0.000763099
0.000767083
0.000780495
0.000800741
0.00082313
0.00084539
0.000869581
0.000902034
0.000952578
0.00103526
0.0011723
0.00140487
0.00181947
0.000270445
0.000276172
0.000298838
0.000330703
0.000343113
0.000365206
0.000425415
0.000480763
0.000483975
0.000462822
0.000475149
0.000528792
0.000580993
0.00058778
0.000554993
0.00052801
0.000533245
0.000557794
0.000575801
0.000570645
0.000547049
0.000527129
0.000530172
0.00055662
0.000590652
0.000615458
0.000625432
0.000626524
0.00062781
0.000635116
0.00064948
0.000669283
0.00069316
0.00072205
0.000760231
0.000815807
0.000902093
0.00104156
0.0012761
0.00169292
0.000258436
0.000259852
0.000278678
0.00030622
0.000320108
0.00033366
0.000375119
0.000425726
0.000440927
0.000423495
0.000418781
0.000450435
0.000495459
0.000515849
0.000499144
0.000471767
0.000463295
0.000474606
0.0004882
0.000488509
0.000472749
0.000452038
0.000440971
0.000446741
0.000465295
0.000484775
0.000495906
0.000497459
0.000493624
0.000489608
0.000488811
0.00049269
0.000501984
0.000518351
0.000545797
0.000591848
0.000669506
0.00080142
0.00103019
0.00144407
0.000239279
0.000243455
0.000255369
0.000276736
0.000291736
0.000300119
0.000325581
0.00036524
0.000385658
0.000374674
0.000360351
0.000369018
0.000393342
0.000408407
0.000398052
0.000370324
0.00034682
0.000338512
0.000339931
0.000340066
0.000333052
0.000321584
0.000313539
0.000315786
0.000328218
0.000344545
0.000358931
0.000369066
0.000376385
0.000384096
0.000395105
0.000411204
0.000433447
0.000463547
0.000505158
0.00056525
0.000656131
0.000799924
0.00103891
0.00146116
0.000214653
0.000223369
0.000229016
0.000243759
0.000258368
0.000263924
0.000278065
0.000305423
0.000325517
0.000324156
0.000314218
0.000315357
0.000330949
0.00034908
0.00035632
0.000349613
0.000338951
0.00033543
0.000340547
0.000346681
0.000345708
0.000334486
0.000316348
0.000297442
0.00028019
0.000263514
0.00024529
0.000223461
0.00019783
0.000169337
0.000138715
0.000105387
6.72983e-05
2.12841e-05
-3.73006e-05
-0.000115584
-0.000225719
-0.000389601
-0.000649571
-0.0010941
0.000191078
0.000193936
0.0001985
0.000207302
0.00021617
0.000221078
0.000227001
0.000239077
0.000250725
0.000249928
0.000236441
0.000223088
0.000217992
0.000216019
0.000207475
0.00018896
0.000165805
0.000145675
0.000132064
0.000123909
0.00011875
0.000115288
0.0001138
0.000115197
0.000120255
0.000128325
0.000138494
0.000150028
0.000162312
0.000175505
0.000190468
0.000208778
0.000232451
0.000264181
0.000308088
0.000370999
0.000464844
0.000611343
0.000852546
0.00127646
0.000159438
0.000163071
0.000168201
0.000170664
0.00017453
0.000179437
0.000182173
0.000187696
0.000197091
0.000201789
0.000197911
0.000192895
0.000193881
0.000199147
0.000202629
0.000200926
0.000194846
0.000186622
0.000177066
0.000165524
0.000150951
0.000132083
0.000108766
8.19629e-05
5.24002e-05
2.10833e-05
-1.13263e-05
-4.47651e-05
-7.97089e-05
-0.000116598
-0.000155766
-0.000197931
-0.000244524
-0.000298052
-0.000362648
-0.000445251
-0.000557873
-0.000722274
-0.000980429
-0.00142023
0.000126043
0.000125677
0.000122859
0.000122683
0.000123319
0.000119206
0.000114254
0.000111428
0.000107189
9.87307e-05
8.62076e-05
7.0512e-05
5.33097e-05
3.67274e-05
2.1034e-05
4.5174e-06
-1.36971e-05
-3.17591e-05
-4.61279e-05
-5.48522e-05
-5.87148e-05
-5.8888e-05
-5.66688e-05
-5.27182e-05
-4.62337e-05
-3.75361e-05
-2.76848e-05
-1.696e-05
-5.19884e-06
8.05785e-06
2.34419e-05
4.21653e-05
6.60118e-05
9.76251e-05
0.000141121
0.000203394
0.00029644
0.000442032
0.000682174
0.0011048
9.1736e-05
9.09758e-05
9.10847e-05
8.89889e-05
8.334e-05
7.98398e-05
7.76413e-05
7.37366e-05
7.0888e-05
7.02188e-05
6.78572e-05
6.25062e-05
5.76738e-05
5.5287e-05
5.29302e-05
4.77381e-05
3.94147e-05
2.89493e-05
1.60415e-05
-2.99578e-07
-2.03647e-05
-4.42099e-05
-7.07973e-05
-9.93416e-05
-0.000130509
-0.000163914
-0.000198564
-0.000233994
-0.000270032
-0.000306896
-0.000345118
-0.00038592
-0.000431046
-0.000483051
-0.000545929
-0.000626501
-0.000736758
-0.000898516
-0.00115383
-0.00159064
4.34136e-05
4.03173e-05
3.29324e-05
2.30942e-05
1.29806e-05
2.94666e-07
-1.44241e-05
-2.83457e-05
-4.23622e-05
-5.83549e-05
-7.54938e-05
-9.26396e-05
-0.000110239
-0.000128308
-0.000145423
-0.000160499
-0.000173767
-0.000185526
-0.000194661
-0.000199879
-0.00020085
-0.000197712
-0.000191937
-0.000184459
-0.000174775
-0.000163472
-0.000151269
-0.000138364
-0.000124798
-0.000110311
-9.427e-05
-7.52779e-05
-5.14145e-05
-1.99843e-05
2.30826e-05
8.46583e-05
0.000176748
0.000321172
0.00055997
0.000981096
1.55775e-05
1.55104e-05
1.0984e-05
-2.49162e-07
-1.34488e-05
-2.46179e-05
-3.60085e-05
-4.83973e-05
-5.87608e-05
-6.72518e-05
-7.56817e-05
-8.37486e-05
-8.97345e-05
-9.39862e-05
-9.79912e-05
-0.000102487
-0.000107242
-0.000112818
-0.000120736
-0.000131884
-0.000146239
-0.000163598
-0.000183031
-0.000204625
-0.000228702
-0.000254298
-0.000280837
-0.000308113
-0.000336189
-0.000365392
-0.000396452
-0.000430633
-0.00046965
-0.000516092
-0.000574066
-0.000650508
-0.000757425
-0.000916594
-0.00117004
-0.00160581
-4.92722e-05
-5.28424e-05
-6.54581e-05
-8.57209e-05
-0.000107092
-0.000129865
-0.000154862
-0.000179249
-0.000202024
-0.00022494
-0.000246981
-0.000266262
-0.000282834
-0.000297719
-0.000310196
-0.000318944
-0.000323766
-0.000325295
-0.000323379
-0.000317552
-0.000307405
-0.000293182
-0.000276429
-0.000257726
-0.000237173
-0.000215662
-0.0001936
-0.000171294
-0.000149004
-0.000126665
-0.000103715
-7.88899e-05
-5.04127e-05
-1.55733e-05
2.9819e-05
9.27663e-05
0.000185257
0.000328995
0.000565832
0.000983513
0.00658481
0.00667417
0.00697812
0.00717034
0.00716163
0.00695865
0.00663523
0.00627503
0.00593575
0.00564364
0.00540374
0.00520849
0.00504639
0.00490628
0.00477829
0.00465402
0.00453212
0.00441454
0.00430365
0.00419352
0.00408124
0.00396234
0.00384063
0.0037203
0.00360532
0.00350011
0.00339845
0.0033017
0.00319862
0.00310206
0.00299828
0.00289518
0.00279154
0.00266294
0.0025256
0.00236159
0.00218038
0.00200184
0.00182739
0.00163856
0.00145467
0.00128202
0.00111999
0.00102113
0.000944678
0.000876327
0.000744655
0.000470937
-2.3192e-06
-0.000640189
-0.000945418
-0.000918539
-0.00129339
-0.00206907
-0.00270635
-0.00325662
-0.00397831
-0.00477736
-0.00555341
-0.00622587
-0.00665594
-0.0067634
-0.00650012
-0.00597646
-0.00537075
-0.00476651
-0.0042833
-0.00400847
-0.0038626
-0.00383881
-0.00390327
-0.00387847
-0.0037301
-0.00361795
-0.00358598
-0.00354226
-0.00345031
-0.00334945
-0.00326786
-0.00321247
-0.00318031
-0.00316799
-0.00316664
-0.00317308
-0.00318182
-0.00319452
-0.0032083
-0.00322488
-0.00324413
-0.00326348
-0.00328905
-0.00331027
-0.0033412
-0.0033659
-0.00339737
-0.00342887
-0.00345503
-0.00348516
-0.00349565
-0.00349425
0.00525277
0.00533423
0.00579492
0.00624224
0.00650961
0.00655537
0.00640593
0.00613771
0.00583125
0.00554087
0.00529184
0.00509114
0.00493489
0.00481134
0.00470494
0.00459936
0.004487
0.00437105
0.00426015
0.00415218
0.00404463
0.00393064
0.00381171
0.0036912
0.00357565
0.00347187
0.00337234
0.00327705
0.00317361
0.00307619
0.00297095
0.00286759
0.00276441
0.00263528
0.00249941
0.00233774
0.00215855
0.00198305
0.00181052
0.00162299
0.00144063
0.00126897
0.00110692
0.00100482
0.000925218
0.000852092
0.000713675
0.000444771
-1.69122e-05
-0.000655825
-0.000951846
-0.000919915
-0.00130018
-0.0020761
-0.00270585
-0.00325086
-0.00396593
-0.00475192
-0.005517
-0.00618585
-0.00661734
-0.00673108
-0.0064752
-0.00595747
-0.00535894
-0.00475971
-0.00427751
-0.00400408
-0.00385941
-0.00383517
-0.00389979
-0.00387614
-0.00372864
-0.00361672
-0.0035848
-0.00354148
-0.00345024
-0.0033502
-0.00326888
-0.00321314
-0.00318044
-0.00316784
-0.00316632
-0.00317275
-0.00318159
-0.00319441
-0.00320826
-0.00322487
-0.00324413
-0.00326348
-0.00328905
-0.00331027
-0.0033412
-0.0033659
-0.00339736
-0.00342888
-0.00345503
-0.00348517
-0.00349567
-0.00349421
0.00507928
0.00519231
0.00569332
0.0061842
0.00649265
0.00657385
0.00644841
0.00618901
0.00587747
0.00557375
0.00530932
0.00509551
0.00493109
0.00480432
0.00469882
0.00459662
0.00448665
0.00436878
0.00425212
0.00413895
0.00402806
0.00391376
0.00379458
0.00367143
0.0035512
0.00344303
0.00334221
0.00324504
0.00314157
0.00304029
0.00293324
0.00282411
0.00271256
0.00258516
0.00244901
0.00229265
0.00212361
0.00195345
0.00178291
0.00160153
0.00142822
0.00126084
0.00110453
0.000992423
0.000890977
0.000795836
0.000633817
0.000359876
-4.81543e-05
-0.000625459
-0.000943749
-0.000970928
-0.00135493
-0.00208723
-0.00269421
-0.00322948
-0.00392387
-0.0046823
-0.00541817
-0.0060579
-0.00647872
-0.00660709
-0.0063837
-0.00590248
-0.00533332
-0.00475568
-0.0042865
-0.00401532
-0.00386718
-0.00383851
-0.00389923
-0.00387361
-0.00372673
-0.00361607
-0.00358447
-0.00354072
-0.00344978
-0.00334966
-0.00326848
-0.00321317
-0.00318098
-0.00316846
-0.00316701
-0.00317335
-0.00318198
-0.0031946
-0.00320832
-0.00322489
-0.00324413
-0.00326348
-0.00328905
-0.00331027
-0.0033412
-0.0033659
-0.00339737
-0.00342889
-0.00345504
-0.00348522
-0.0034958
-0.00349418
0.00445966
0.00454865
0.0050403
0.0055485
0.00589901
0.00604429
0.00599531
0.00581078
0.00556204
0.00530575
0.00507482
0.00488332
0.00473367
0.00461881
0.00452632
0.00444127
0.00435183
0.00425213
0.00414742
0.00404088
0.00393498
0.00382643
0.00371549
0.00360089
0.00348474
0.00337736
0.00327809
0.0031849
0.00308485
0.00298409
0.00287694
0.00276633
0.00265645
0.00253215
0.00239828
0.00225002
0.00208766
0.00192166
0.00175684
0.00158183
0.00141399
0.00124678
0.00108847
0.000965063
0.00084495
0.000737524
0.000562388
0.000295791
-6.3537e-05
-0.000604643
-0.00095455
-0.00102095
-0.00139177
-0.00208708
-0.00267598
-0.00320421
-0.00387979
-0.00460572
-0.00530362
-0.00591771
-0.00633177
-0.00647663
-0.00628507
-0.00583558
-0.00529563
-0.00474126
-0.00428296
-0.00401354
-0.00386577
-0.0038333
-0.00388803
-0.00386187
-0.00371952
-0.00361118
-0.00357866
-0.00353504
-0.00344557
-0.00334905
-0.00326993
-0.00321504
-0.00318217
-0.00316901
-0.00316689
-0.00317296
-0.00318164
-0.00319442
-0.00320827
-0.00322488
-0.00324413
-0.00326348
-0.00328905
-0.00331027
-0.0033412
-0.00336591
-0.00339737
-0.0034289
-0.00345506
-0.00348528
-0.00349596
-0.00349418
0.00421565
0.00432548
0.0048439
0.00538115
0.00576106
0.00593527
0.00591336
0.00575188
0.00552048
0.0052754
0.00505055
0.0048615
0.00471232
0.0045976
0.0045059
0.00442331
0.00433837
0.00424373
0.00414112
0.00403299
0.0039228
0.00380998
0.00369722
0.00358346
0.00346811
0.00335615
0.0032517
0.00315473
0.00305378
0.00295075
0.00284128
0.00272863
0.00261283
0.00248802
0.00235559
0.00220933
0.00205151
0.00189053
0.00172883
0.00155738
0.00139494
0.00122932
0.00107163
0.000943423
0.000808757
0.000686802
0.000500569
0.000234662
-9.82354e-05
-0.000599543
-0.000955568
-0.00106112
-0.00142941
-0.00209118
-0.00266004
-0.00317666
-0.0038254
-0.00451915
-0.00518464
-0.0057705
-0.00616741
-0.00631876
-0.00615961
-0.00575029
-0.00524648
-0.00472142
-0.00428097
-0.0040172
-0.00386927
-0.0038325
-0.00388102
-0.00385312
-0.0037137
-0.00360753
-0.00357471
-0.00353078
-0.00344374
-0.00334767
-0.00326967
-0.00321556
-0.00318338
-0.00317023
-0.00316813
-0.00317398
-0.00318229
-0.00319473
-0.00320835
-0.00322489
-0.00324413
-0.00326348
-0.00328905
-0.00331028
-0.00334119
-0.00336591
-0.00339738
-0.00342892
-0.00345508
-0.00348535
-0.00349614
-0.00349418
0.00386888
0.00396694
0.0044786
0.00501489
0.00539881
0.00558159
0.00557211
0.00542612
0.00521231
0.00498602
0.0047803
0.00460992
0.00447841
0.00437974
0.00430262
0.00423335
0.00416237
0.00408187
0.00399243
0.00389462
0.00379227
0.00368622
0.00357989
0.00347496
0.00336968
0.0032655
0.00316445
0.00306993
0.0029733
0.00287486
0.00276984
0.00265928
0.00254415
0.00242383
0.002295
0.00215615
0.00200709
0.00184971
0.0016939
0.00152749
0.00136943
0.0012062
0.00104539
0.000911413
0.000760882
0.000626001
0.000434695
0.000164092
-0.000138993
-0.00059421
-0.000958731
-0.0011067
-0.00146976
-0.00209352
-0.00264002
-0.00314269
-0.00376993
-0.00443264
-0.00506159
-0.00561682
-0.00600089
-0.00616496
-0.00604153
-0.00567061
-0.00520046
-0.00470381
-0.00427892
-0.00401749
-0.00386874
-0.00382758
-0.00386899
-0.00383948
-0.00370466
-0.00360123
-0.00356747
-0.00352337
-0.00343678
-0.003346
-0.0032705
-0.00321748
-0.0031848
-0.00317106
-0.00316812
-0.00317357
-0.0031819
-0.00319453
-0.0032083
-0.00322489
-0.00324413
-0.00326348
-0.00328904
-0.00331028
-0.00334119
-0.00336592
-0.00339738
-0.00342894
-0.00345511
-0.00348543
-0.00349633
-0.00349419
0.00365353
0.00375456
0.00426837
0.00480318
0.00518365
0.00536299
0.00535282
0.00521182
0.00500985
0.00480308
0.00462201
0.00447785
0.00437076
0.00429216
0.00422995
0.00417089
0.00410701
0.00403188
0.00394625
0.00385115
0.00375091
0.00364655
0.00354156
0.00343794
0.00333609
0.00323453
0.00313263
0.00303428
0.00293439
0.00283431
0.00272771
0.00261671
0.00249833
0.00237582
0.00224746
0.00211121
0.00196595
0.00181138
0.00165902
0.00149594
0.00134249
0.00118153
0.00101918
0.000881864
0.000720772
0.000575765
0.000378943
0.00010858
-0.000171377
-0.000591626
-0.000963856
-0.00114522
-0.00149982
-0.00208735
-0.00261643
-0.0031076
-0.00370901
-0.00433715
-0.00493233
-0.00546108
-0.00583189
-0.00600172
-0.00590815
-0.00557542
-0.00514084
-0.00467477
-0.00426912
-0.00401404
-0.00386673
-0.00382238
-0.00385789
-0.00382758
-0.00369675
-0.00359584
-0.00356178
-0.00351789
-0.00343569
-0.00334427
-0.00327028
-0.00321792
-0.00318599
-0.00317227
-0.00316945
-0.00317474
-0.00318265
-0.00319486
-0.00320838
-0.00322489
-0.00324412
-0.00326347
-0.00328903
-0.00331028
-0.00334119
-0.00336593
-0.00339739
-0.00342895
-0.00345514
-0.0034855
-0.00349653
-0.00349421
0.00350557
0.003624
0.00415041
0.0046783
0.00503396
0.00517471
0.00512254
0.00494942
0.00473278
0.0045245
0.00435139
0.00422248
0.00413557
0.00407743
0.00403259
0.0039859
0.00392946
0.00385898
0.00377725
0.00368761
0.00359461
0.00349981
0.00340436
0.0033101
0.00321732
0.00312516
0.00303045
0.00293639
0.00284009
0.00274413
0.00264235
0.00253665
0.00242184
0.00230356
0.0021805
0.0020493
0.00191305
0.00176383
0.00161584
0.0014572
0.00130612
0.00114862
0.000982435
0.000840561
0.000671112
0.000512915
0.000316732
4.66667e-05
-0.000220104
-0.00060441
-0.000974946
-0.00118389
-0.00153127
-0.00208539
-0.00259501
-0.00307021
-0.00364441
-0.00424223
-0.00480435
-0.00530491
-0.00566157
-0.00583689
-0.00577459
-0.00548267
-0.00508495
-0.00465028
-0.00426355
-0.00401282
-0.00386556
-0.00381753
-0.00384643
-0.00381415
-0.00368734
-0.00358915
-0.00355436
-0.00351011
-0.00342878
-0.003342
-0.00327065
-0.00321977
-0.00318752
-0.00317322
-0.00316948
-0.00317425
-0.00318218
-0.00319464
-0.00320833
-0.0032249
-0.00324411
-0.00326347
-0.00328903
-0.00331027
-0.00334118
-0.00336593
-0.0033974
-0.00342898
-0.00345518
-0.00348559
-0.00349674
-0.00349424
0.00333489
0.00338903
0.00383871
0.00429815
0.00460995
0.00474074
0.0047136
0.00458939
0.00443039
0.00427811
0.00415248
0.00405854
0.0039927
0.0039441
0.00390262
0.00385785
0.00380421
0.00373875
0.00366437
0.00358413
0.0035018
0.00341752
0.00333122
0.00324354
0.0031552
0.00306692
0.00297465
0.00288125
0.00278361
0.00268676
0.00258425
0.00247912
0.00236514
0.00224677
0.00212496
0.00199468
0.00186201
0.00171678
0.00157253
0.00141629
0.00126741
0.00111496
0.000947035
0.000802601
0.000628991
0.000461459
0.000266956
-2.444e-06
-0.00025861
-0.000609918
-0.000978004
-0.00121381
-0.00155533
-0.00207542
-0.00256544
-0.00302697
-0.00357435
-0.00413983
-0.00466886
-0.00514319
-0.00548662
-0.00566577
-0.00563142
-0.0053781
-0.00501597
-0.0046125
-0.00424681
-0.00400354
-0.00385866
-0.00380845
-0.00383174
-0.00379874
-0.00367671
-0.00358145
-0.00354634
-0.00350279
-0.00342462
-0.0033398
-0.00327017
-0.00321995
-0.00318843
-0.00317431
-0.00317077
-0.00317548
-0.00318298
-0.00319496
-0.00320836
-0.00322485
-0.00324408
-0.00326345
-0.00328901
-0.00331027
-0.00334118
-0.00336594
-0.00339741
-0.003429
-0.00345523
-0.00348567
-0.00349694
-0.00349427
0.00519556
0.00512253
0.00464201
0.00414171
0.00378141
0.00359654
0.00356691
0.00363241
0.00372951
0.00381353
0.00386287
0.00387128
0.00384477
0.00379462
0.00373216
0.00366409
0.00359504
0.00352647
0.00345967
0.00339423
0.00332894
0.00326119
0.00318879
0.00311215
0.00303189
0.00295051
0.00286449
0.00277612
0.00268236
0.0025889
0.00249078
0.00239035
0.0022823
0.00216837
0.00205219
0.00192586
0.00179898
0.00166039
0.00152105
0.00136921
0.00122045
0.00107198
0.000903174
0.000753184
0.000576944
0.000399394
0.000206088
-5.87378e-05
-0.000309661
-0.000632949
-0.00099385
-0.00124789
-0.00157936
-0.00206691
-0.00253763
-0.00298366
-0.0035026
-0.00403751
-0.0045365
-0.00498415
-0.00531404
-0.0054959
-0.00548679
-0.00527274
-0.00494847
-0.00457842
-0.00423501
-0.00399859
-0.00385483
-0.00380191
-0.00381937
-0.00378487
-0.00366669
-0.00357424
-0.00353891
-0.00349491
-0.00341824
-0.00333706
-0.00327025
-0.00322175
-0.00319017
-0.00317534
-0.00317088
-0.00317498
-0.00318248
-0.00319475
-0.00320836
-0.00322489
-0.00324408
-0.00326344
-0.00328899
-0.00331026
-0.00334117
-0.00336594
-0.00339743
-0.00342902
-0.00345528
-0.00348577
-0.00349716
-0.00349431
0.00503195
0.00489183
0.00433031
0.00375825
0.00335195
0.00315606
0.00315072
0.0032644
0.00341805
0.00355478
0.00364636
0.00368414
0.00367362
0.00362835
0.0035646
0.00349422
0.00342477
0.00335895
0.00329808
0.00324161
0.00318724
0.0031316
0.00307081
0.00300441
0.00293179
0.00285642
0.00277534
0.00269083
0.00259974
0.00250753
0.00241146
0.00231254
0.00220822
0.00209689
0.0019839
0.00186025
0.00173651
0.00160219
0.00146632
0.00131911
0.00116981
0.00102513
0.000858722
0.000705545
0.00053016
0.000346861
0.000156068
-0.0001018
-0.000350039
-0.000648848
-0.00099832
-0.00126894
-0.00159442
-0.00205281
-0.0025035
-0.00293368
-0.0034249
-0.00392834
-0.0043969
-0.00481901
-0.00513636
-0.0053201
-0.00533327
-0.00515668
-0.00486925
-0.00453156
-0.00421098
-0.00398335
-0.00384271
-0.00378868
-0.00380121
-0.00376615
-0.00365319
-0.00356403
-0.00352835
-0.00348534
-0.0034122
-0.00333393
-0.00326903
-0.0032214
-0.00319057
-0.00317628
-0.003172
-0.00317614
-0.00318326
-0.003195
-0.0032083
-0.00322477
-0.00324401
-0.0032634
-0.00328897
-0.00331025
-0.00334116
-0.00336594
-0.00339745
-0.00342905
-0.00345533
-0.00348586
-0.00349738
-0.00349437
0.00496718
0.00485242
0.00430802
0.00372842
0.00329182
0.00304734
0.00298649
0.00305289
0.0031768
0.00330248
0.00339769
0.00344878
0.00345539
0.00342629
0.00337483
0.00331274
0.00324844
0.00318636
0.00312863
0.00307566
0.00302602
0.00297718
0.00292469
0.00286702
0.00280247
0.00273384
0.00265927
0.00258039
0.00249467
0.00240611
0.00231418
0.00221884
0.00211943
0.00201215
0.00190332
0.00178421
0.0016646
0.00153596
0.0014041
0.00126325
0.00111527
0.000972315
0.000808519
0.000652082
0.000476446
0.000287528
9.7358e-05
-0.000152286
-0.00039945
-0.000678643
-0.00101379
-0.00129534
-0.00161052
-0.00203843
-0.00246854
-0.00288183
-0.00334585
-0.00381959
-0.00426105
-0.00465833
-0.00496201
-0.00514688
-0.00517985
-0.00503939
-0.00478955
-0.00448594
-0.0041902
-0.00397234
-0.00383429
-0.00377884
-0.00378683
-0.00375106
-0.00364214
-0.0035559
-0.00352045
-0.00347757
-0.00340591
-0.00333089
-0.00326898
-0.00322316
-0.00319249
-0.0031773
-0.00317227
-0.00317573
-0.00318277
-0.00319483
-0.00320834
-0.00322485
-0.00324401
-0.00326339
-0.00328894
-0.00331023
-0.00334115
-0.00336594
-0.00339746
-0.00342908
-0.0034554
-0.00348597
-0.0034976
-0.00349443
0.00483088
0.0047071
0.00414858
0.00355101
0.0030948
0.00283061
0.00275213
0.00280558
0.00292284
0.00304843
0.00314923
0.00321055
0.00323009
0.00321429
0.00317454
0.00312191
0.0030648
0.0030083
0.00295494
0.00290609
0.00286105
0.00281799
0.0027727
0.00272299
0.00266644
0.00260488
0.00253731
0.0024647
0.0023852
0.00230101
0.00221326
0.00212153
0.00202649
0.00192351
0.00181851
0.00170474
0.00158899
0.0014654
0.00133621
0.00120055
0.00105444
0.000912324
0.000752211
0.000594996
0.000422561
0.000232464
4.40866e-05
-0.000194848
-0.000439196
-0.000703208
-0.00102169
-0.00130998
-0.00161794
-0.00201921
-0.00243001
-0.00282579
-0.0032629
-0.00370596
-0.00411953
-0.00449334
-0.00478414
-0.00497
-0.00501998
-0.00491247
-0.00469931
-0.0044293
-0.00415835
-0.00395112
-0.00381681
-0.00376116
-0.00376519
-0.00372919
-0.00362566
-0.00354294
-0.0035073
-0.00346548
-0.00339762
-0.00332645
-0.00326657
-0.00322199
-0.00319224
-0.00317784
-0.00317305
-0.00317665
-0.00318339
-0.00319491
-0.00320816
-0.00322462
-0.00324388
-0.00326331
-0.0032889
-0.00331021
-0.00334114
-0.00336594
-0.00339748
-0.00342911
-0.00345547
-0.00348608
-0.00349782
-0.00349451
0.00466054
0.00453193
0.00396857
0.00336699
0.00290751
0.00264074
0.00256016
0.0026119
0.00272786
0.0028529
0.0029541
0.00301696
0.00303897
0.00302639
0.00299023
0.00294148
0.00288837
0.00283599
0.00278669
0.00274176
0.00270047
0.00266148
0.00262112
0.0025771
0.0025268
0.00247112
0.00240948
0.00234265
0.0022692
0.00218988
0.0021067
0.00201924
0.00192872
0.00183009
0.0017288
0.00162002
0.00150765
0.00138905
0.00126336
0.00113321
0.000991469
0.00085135
0.000695346
0.000537426
0.000368212
0.000177172
-1.16083e-05
-0.000240115
-0.000481876
-0.000735274
-0.00103582
-0.00132517
-0.00162483
-0.00199848
-0.00238824
-0.00276533
-0.00317646
-0.00359204
-0.00398082
-0.00433264
-0.00460903
-0.00479464
-0.00486012
-0.00478332
-0.00460639
-0.00437062
-0.00412614
-0.00393165
-0.00380163
-0.00374603
-0.00374722
-0.00371171
-0.00361275
-0.00353326
-0.00349837
-0.00345737
-0.00339153
-0.00332317
-0.00326651
-0.00322369
-0.00319425
-0.00317909
-0.00317347
-0.00317643
-0.00318307
-0.00319491
-0.00320829
-0.00322477
-0.00324391
-0.0032633
-0.00328887
-0.00331018
-0.00334112
-0.00336593
-0.00339751
-0.00342914
-0.00345555
-0.0034862
-0.00349805
-0.00349459
0.0044867
0.00435675
0.00379179
0.00318889
0.00272822
0.00245996
0.00237726
0.00242636
0.00253959
0.00266242
0.00276235
0.00282509
0.00284796
0.00283697
0.00280278
0.0027564
0.00270609
0.00265704
0.00261143
0.00257027
0.00253276
0.00249766
0.00246178
0.00242281
0.00237809
0.00232776
0.00227165
0.00221029
0.00214281
0.00206899
0.00199081
0.00190785
0.00182181
0.00172834
0.00163116
0.00152774
0.00141962
0.00130633
0.00118495
0.00105908
0.000921719
0.000782906
0.000630885
0.000473036
0.000307865
0.000119916
-6.79703e-05
-0.000285528
-0.000521319
-0.000764908
-0.00104796
-0.00133368
-0.00162568
-0.00197447
-0.00234418
-0.00270382
-0.00308938
-0.0034769
-0.00383944
-0.00417021
-0.00443402
-0.00461893
-0.0046983
-0.00464889
-0.00450549
-0.00430332
-0.0040856
-0.00390438
-0.00377876
-0.00372367
-0.00372217
-0.00368706
-0.00359349
-0.00351755
-0.00348265
-0.00344279
-0.00338071
-0.00331647
-0.0032624
-0.00322132
-0.0031931
-0.00317893
-0.00317384
-0.00317689
-0.00318339
-0.00319472
-0.00320789
-0.00322437
-0.00324369
-0.00326317
-0.0032888
-0.00331014
-0.0033411
-0.00336592
-0.00339753
-0.00342917
-0.00345563
-0.00348633
-0.00349828
-0.00349469
0.00431217
0.00418136
0.00361488
0.00301024
0.00254784
0.00227792
0.00219355
0.00224099
0.00235269
0.00247436
0.00257369
0.00263655
0.00266018
0.00265046
0.00261782
0.00257331
0.00252524
0.00247894
0.00243648
0.00239871
0.00236468
0.00233313
0.00230123
0.00226663
0.00222684
0.00218134
0.00213015
0.00207348
0.0020114
0.00194289
0.00186971
0.00179132
0.00170988
0.00162202
0.00152933
0.00143095
0.00132691
0.00121829
0.00110153
0.000979497
0.00084737
0.00071137
0.000564774
0.000409206
0.000248093
6.55862e-05
-0.000121604
-0.000329234
-0.000557739
-0.000793828
-0.00106149
-0.00134
-0.00162355
-0.00194895
-0.00229686
-0.00263721
-0.00299734
-0.00335986
-0.00369955
-0.00401074
-0.00426122
-0.00444357
-0.00453515
-0.00451098
-0.00439962
-0.00423032
-0.00404022
-0.00387468
-0.00375495
-0.00370118
-0.00369873
-0.00366566
-0.00357751
-0.00350532
-0.00347184
-0.00343371
-0.00337442
-0.00331335
-0.00326199
-0.00322298
-0.00319515
-0.00318033
-0.00317443
-0.00317697
-0.00318332
-0.00319488
-0.00320817
-0.00322462
-0.00324376
-0.00326316
-0.00328875
-0.0033101
-0.00334108
-0.00336591
-0.00339756
-0.00342921
-0.00345572
-0.00348646
-0.00349851
-0.00349481
0.00413839
0.00400611
0.00343728
0.00283046
0.00236631
0.00209514
0.00200994
0.00205689
0.00216827
0.00228983
0.00238927
0.00245256
0.00247691
0.00246814
0.0024366
0.00239335
0.00234685
0.00230249
0.00226247
0.00222738
0.00219625
0.00216762
0.00213903
0.00210806
0.00207251
0.0020312
0.00198431
0.00193188
0.00187457
0.00181116
0.00174289
0.00166925
0.0015922
0.00150972
0.0014216
0.00132793
0.00122849
0.00112472
0.00101318
0.000895544
0.000768841
0.000636238
0.000494697
0.000342352
0.000184544
9.0777e-06
-0.000175604
-0.000374683
-0.000594424
-0.000822833
-0.00107527
-0.00134281
-0.00161638
-0.00192043
-0.00224658
-0.00256983
-0.00290672
-0.00324443
-0.00356065
-0.0038523
-0.00409129
-0.00427097
-0.00437222
-0.00437058
-0.0042889
-0.00415092
-0.0039888
-0.00384031
-0.00372631
-0.00367358
-0.0036701
-0.00363857
-0.00355581
-0.00348705
-0.00345378
-0.00341682
-0.0033611
-0.00330406
-0.00325595
-0.00321884
-0.00319272
-0.0031792
-0.00317405
-0.00317679
-0.00318302
-0.00319427
-0.00320744
-0.00322398
-0.00324338
-0.00326295
-0.00328865
-0.00331003
-0.00334105
-0.00336589
-0.00339758
-0.00342924
-0.00345581
-0.00348661
-0.00349874
-0.00349494
0.0039623
0.00382953
0.00325962
0.00265165
0.00218655
0.00191476
0.00182928
0.00187617
0.0019876
0.00210925
0.00220883
0.00227239
0.00229721
0.00228905
0.00225826
0.00221584
0.00217041
0.0021274
0.0020892
0.00205619
0.00202742
0.00200115
0.00197527
0.00194731
0.00191537
0.00187789
0.00183496
0.00178644
0.00173319
0.00167438
0.00161068
0.00154184
0.00146906
0.00139153
0.0013083
0.00121965
0.0011252
0.0010261
0.000919792
0.000806889
0.000685259
0.000556864
0.000420283
0.000273325
0.000119527
-4.85709e-05
-0.000228396
-0.000419655
-0.000629108
-0.000848938
-0.00108744
-0.00134349
-0.00160576
-0.00189055
-0.00219569
-0.00250001
-0.00281329
-0.00312713
-0.00342336
-0.00369689
-0.00392399
-0.00410015
-0.00420909
-0.00422757
-0.00417346
-0.00406507
-0.00393044
-0.0038006
-0.00369377
-0.00364252
-0.00363947
-0.00361175
-0.00353545
-0.00347104
-0.00343997
-0.00340583
-0.00335389
-0.00330057
-0.00325552
-0.00322038
-0.00319487
-0.00318077
-0.00317481
-0.00317715
-0.00318329
-0.00319471
-0.00320793
-0.00322436
-0.00324352
-0.00326295
-0.00328858
-0.00330996
-0.00334101
-0.00336587
-0.00339761
-0.00342928
-0.00345591
-0.00348677
-0.00349897
-0.00349508
0.00378802
0.00365473
0.00308385
0.0024749
0.00200901
0.00173665
0.00165081
0.00169753
0.00180887
0.0019305
0.00203017
0.00209393
0.00211913
0.00211147
0.00208131
0.00203957
0.001995
0.00195306
0.00191631
0.00188502
0.00185827
0.00183408
0.00181051
0.00178514
0.00175629
0.00172225
0.00168286
0.00163793
0.00158831
0.00153373
0.00147443
0.00141032
0.00134174
0.00126892
0.0011907
0.0011072
0.00101758
0.000923129
0.000822043
0.000714242
0.00059817
0.000474811
0.000343669
0.000202653
5.33736e-05
-0.000107064
-0.000280098
-0.000464006
-0.000662911
-0.000873966
-0.00109935
-0.00134207
-0.00159185
-0.0018583
-0.00214198
-0.00242755
-0.00272069
-0.00301225
-0.00328865
-0.00354415
-0.00375974
-0.00393323
-0.0040479
-0.00408324
-0.00405456
-0.00397379
-0.00386555
-0.00375573
-0.00365764
-0.00360811
-0.00360583
-0.00358182
-0.00351141
-0.00345043
-0.00341986
-0.00338697
-0.00333829
-0.00328872
-0.00324678
-0.00321421
-0.00319068
-0.00317823
-0.00317331
-0.00317608
-0.00318222
-0.00319349
-0.00320674
-0.00322339
-0.00324293
-0.00326261
-0.00328842
-0.00330986
-0.00334097
-0.00336583
-0.00339763
-0.00342932
-0.00345602
-0.00348693
-0.00349919
-0.00349524
0.00361529
0.00348132
0.00290934
0.00229938
0.00183272
0.00155986
0.00147379
0.00152044
0.00163186
0.00175361
0.00185347
0.00191751
0.00194311
0.00193595
0.00190639
0.00186529
0.00182147
0.00178042
0.00174483
0.00171498
0.0016899
0.00166752
0.00164585
0.00162265
0.00159628
0.00156523
0.001529
0.0014875
0.00144125
0.00139053
0.00133525
0.00127549
0.00121112
0.00114272
0.00106921
0.000990678
0.000906023
0.000816477
0.000720655
0.000618345
0.000507962
0.000390025
0.000264536
0.000129885
-1.3138e-05
-0.000166483
-0.000331587
-0.000507712
-0.000696157
-0.000897109
-0.00110951
-0.00133837
-0.00157511
-0.00182379
-0.00208846
-0.00235555
-0.00262814
-0.00289797
-0.00315608
-0.00339597
-0.00359948
-0.00376963
-0.00388894
-0.00393791
-0.0039325
-0.0038774
-0.00379365
-0.003705
-0.00361775
-0.00356959
-0.00356809
-0.00354915
-0.0034859
-0.00342959
-0.00340186
-0.00337292
-0.00332917
-0.00328413
-0.00324581
-0.00321546
-0.00319278
-0.00318004
-0.00317456
-0.00317688
-0.00318292
-0.00319428
-0.0032075
-0.00322395
-0.00324315
-0.00326263
-0.00328833
-0.00330977
-0.00334091
-0.00336579
-0.00339766
-0.00342937
-0.00345612
-0.00348711
-0.00349942
-0.00349541
0.00344451
0.00330983
0.00273668
0.00212566
0.00165825
0.00138496
0.00129876
0.00134547
0.00145704
0.00157896
0.00167904
0.00174332
0.00176924
0.00176247
0.00173338
0.00169283
0.00164964
0.00160935
0.00157471
0.00154606
0.00152237
0.00150158
0.00148159
0.00146031
0.00143611
0.00140771
0.00137434
0.00133597
0.00129279
0.00124543
0.00119373
0.00113805
0.00107785
0.00101375
0.000944828
0.000871242
0.00079175
0.000707094
0.000616541
0.000519594
0.000415293
0.000303317
0.000183959
5.58813e-05
-8.04406e-05
-0.000226491
-0.000382769
-0.000550405
-0.000728361
-0.000918532
-0.00111893
-0.00133311
-0.00155675
-0.0017887
-0.00203421
-0.00228243
-0.00253615
-0.00278696
-0.00302699
-0.00325178
-0.0034436
-0.00360984
-0.00373331
-0.003793
-0.00380789
-0.00377694
-0.00371554
-0.00364809
-0.0035739
-0.00352745
-0.00352678
-0.00351401
-0.00345854
-0.00340637
-0.0033798
-0.00335241
-0.00331162
-0.00326984
-0.00323444
-0.00320678
-0.00318641
-0.00317561
-0.0031714
-0.00317449
-0.0031808
-0.00319224
-0.00320569
-0.00322253
-0.00324227
-0.00326212
-0.00328808
-0.00330961
-0.00334084
-0.00336574
-0.00339768
-0.00342941
-0.00345623
-0.00348729
-0.00349965
-0.00349559
0.00327597
0.00314061
0.00256628
0.00195417
0.00148601
0.00121232
0.00112605
0.00117288
0.00128466
0.00140682
0.00150712
0.00157164
0.00159781
0.00159136
0.00156267
0.00152261
0.00147999
0.00144041
0.0014066
0.001379
0.00135653
0.00133716
0.00131867
0.00129908
0.00127674
0.00125056
0.00121971
0.00118412
0.00114383
0.00109954
0.00105123
0.000999294
0.000943147
0.000883178
0.000818671
0.0007497
0.000675285
0.000595611
0.000510365
0.000418949
0.000320854
0.000214946
0.000102051
-1.92284e-05
-0.000148018
-0.000286276
-0.000433684
-0.000592005
-0.000759943
-0.000938703
-0.00112727
-0.00132669
-0.00153666
-0.00175218
-0.0019795
-0.00221092
-0.00244593
-0.00267873
-0.0029012
-0.00311204
-0.00329369
-0.00345444
-0.00358129
-0.00364965
-0.00368138
-0.00367314
-0.00363185
-0.00358447
-0.00352575
-0.00348212
-0.00348185
-0.00347562
-0.00342841
-0.00338073
-0.00335685
-0.00333418
-0.00329945
-0.0032632
-0.00323213
-0.00320733
-0.00318829
-0.00317759
-0.00317308
-0.00317581
-0.00318201
-0.00319345
-0.00320676
-0.0032233
-0.00324262
-0.00326218
-0.00328799
-0.0033095
-0.00334076
-0.00336569
-0.00339769
-0.00342946
-0.00345634
-0.00348749
-0.00349988
-0.00349579
0.00310961
0.00297373
0.00239832
0.0017852
0.00131631
0.00104222
0.000955863
0.00100282
0.00111484
0.00123726
0.00133782
0.00140259
0.00142903
0.00142287
0.00139451
0.00135487
0.00131276
0.00127382
0.00124078
0.00121412
0.00119273
0.00117461
0.00115748
0.0011394
0.00111874
0.00109452
0.00106594
0.00103292
0.000995392
0.000953992
0.000908786
0.000860209
0.000807829
0.000751788
0.000691562
0.000627046
0.000557641
0.000482983
0.000403096
0.000317213
0.000225217
0.000125772
1.97622e-05
-9.43971e-05
-0.000215605
-0.000345789
-0.000484348
-0.000632852
-0.000790753
-0.000957677
-0.00113457
-0.00131939
-0.0015152
-0.001716
-0.00192563
-0.00214056
-0.00235743
-0.00257403
-0.0027804
-0.00297681
-0.00314974
-0.00330437
-0.00343294
-0.00350899
-0.00355401
-0.0035665
-0.00354381
-0.00351436
-0.00347264
-0.00343413
-0.00343351
-0.00343352
-0.00339585
-0.00335377
-0.00333215
-0.003312
-0.00328021
-0.00324669
-0.00321816
-0.00319592
-0.00317936
-0.00317083
-0.00316792
-0.00317171
-0.00317852
-0.00319036
-0.00320416
-0.00322132
-0.00324133
-0.00326141
-0.00328759
-0.00330925
-0.00334063
-0.0033656
-0.00339769
-0.00342951
-0.00345645
-0.00348769
-0.0035001
-0.00349601
0.00294555
0.00280934
0.00223304
0.00161903
0.00114945
0.000874983
0.00078853
0.000835629
0.000947898
0.00107063
0.00117149
0.00123655
0.00126326
0.00125738
0.00122933
0.00119008
0.00114844
0.00111009
0.00107776
0.00105196
0.00103157
0.0010146
0.000998754
0.000982078
0.00096298
0.000940508
0.000913976
0.000883257
0.000848319
0.000809609
0.000767333
0.00072187
0.00067303
0.000620767
0.000564662
0.000504484
0.000439844
0.000370244
0.00029566
0.000215343
0.00012941
3.65455e-05
-6.26385e-05
-0.000169519
-0.00028308
-0.000404859
-0.000534522
-0.000672922
-0.000820615
-0.000975813
-0.0011409
-0.00131222
-0.00149351
-0.00167997
-0.00187257
-0.00207238
-0.00227245
-0.00247325
-0.00266491
-0.00284668
-0.00301218
-0.00316073
-0.00328852
-0.00337158
-0.00342704
-0.00345753
-0.00345223
-0.00343825
-0.0034142
-0.0033832
-0.00338171
-0.00338778
-0.00336061
-0.00332394
-0.0033047
-0.00328897
-0.00326397
-0.00323701
-0.00321372
-0.00319517
-0.00318063
-0.00317278
-0.0031699
-0.00317354
-0.00318024
-0.003192
-0.00320556
-0.00322231
-0.00324182
-0.00326152
-0.0032875
-0.00330911
-0.00334054
-0.00336554
-0.0033977
-0.00342957
-0.00345656
-0.0034879
-0.00350033
-0.00349623
0.00278426
0.00264791
0.0020709
0.00145613
0.000985973
0.00071116
0.000624626
0.000671857
0.00078438
0.000907421
0.00100861
0.00107399
0.001101
0.00109544
0.00106772
0.00102885
0.000987664
0.000949879
0.000918228
0.000893242
0.000873808
0.000857924
0.000843308
0.000827963
0.00081034
0.000789479
0.000764814
0.000736195
0.000703664
0.000667517
0.000628041
0.000585517
0.000539975
0.000491271
0.000439128
0.000383182
0.000323146
0.000258507
0.000189114
0.000114402
3.43749e-05
-5.19643e-05
-0.000144314
-0.000243699
-0.00034958
-0.000462836
-0.000583614
-0.000712079
-0.000849471
-0.000993485
-0.00114657
-0.00130497
-0.00147168
-0.00164452
-0.0018216
-0.00200651
-0.00219096
-0.00237657
-0.00255524
-0.00272282
-0.00288112
-0.00302465
-0.00314916
-0.00323828
-0.00330225
-0.00334687
-0.00335828
-0.00335815
-0.00335007
-0.00332936
-0.00332836
-0.00333882
-0.00332198
-0.00329241
-0.00327651
-0.00326428
-0.00324298
-0.00321843
-0.00319721
-0.00318098
-0.00316892
-0.00316337
-0.00316238
-0.00316742
-0.00317512
-0.00318765
-0.00320201
-0.00321963
-0.00324004
-0.00326043
-0.0032869
-0.00330874
-0.00334033
-0.00336541
-0.00339767
-0.0034296
-0.00345666
-0.00348811
-0.00350056
-0.00349647
0.00262508
0.00248889
0.00191152
0.00129624
0.000825616
0.000550488
0.000463842
0.000511154
0.000623894
0.000747231
0.000848746
0.000914475
0.000941826
0.000936597
0.000909231
0.000870755
0.000830036
0.000792804
0.000761822
0.000737624
0.000719119
0.00070429
0.000690871
0.000676838
0.000660672
0.000641392
0.000618512
0.00059188
0.000561616
0.000527947
0.000491174
0.000451522
0.000409104
0.000363819
0.000315416
0.000263547
0.000207887
0.000148051
8.37378e-05
1.45604e-05
-5.9667e-05
-0.000139526
-0.000225067
-0.00031699
-0.000415108
-0.000520004
-0.000631841
-0.000750715
-0.000877616
-0.00101071
-0.00115181
-0.001298
-0.0014511
-0.00161031
-0.00177304
-0.00194341
-0.00211348
-0.00228448
-0.00245032
-0.00260501
-0.0027559
-0.00289465
-0.00301484
-0.0031085
-0.00317984
-0.00323546
-0.003262
-0.00327357
-0.00328002
-0.00327196
-0.00327232
-0.00328577
-0.00327991
-0.00325832
-0.00324501
-0.00323698
-0.00322216
-0.00320497
-0.00318989
-0.00317821
-0.00316901
-0.00316487
-0.00316441
-0.00316957
-0.00317724
-0.00318964
-0.00320368
-0.0032208
-0.00324065
-0.00326059
-0.00328682
-0.00330858
-0.00334022
-0.00336533
-0.00339766
-0.00342967
-0.00345678
-0.00348832
-0.00350079
-0.00349671
0.00247125
0.00233547
0.00175808
0.00114255
0.000671624
0.000396236
0.000309455
0.000356796
0.000469712
0.000593324
0.000695169
0.000761248
0.000788947
0.00078406
0.000757044
0.000718946
0.00067866
0.000641933
0.000611549
0.000588056
0.000570381
0.000556511
0.00054419
0.000531372
0.00051655
0.000498733
0.000477489
0.000452677
0.000424487
0.000393112
0.000358887
0.00032197
0.000282522
0.000240434
0.000195522
0.000147482
9.59525e-05
4.06449e-05
-1.88712e-05
-8.27796e-05
-0.00015148
-0.000225176
-0.000304254
-0.000388997
-0.000479606
-0.000576393
-0.000679504
-0.000789204
-0.000905849
-0.00102871
-0.00115819
-0.0012927
-0.00143286
-0.00157877
-0.00172871
-0.00188509
-0.00204215
-0.00219943
-0.00235268
-0.00249639
-0.00263956
-0.0027735
-0.00288857
-0.00298459
-0.00306246
-0.00312564
-0.00316505
-0.00318827
-0.00320661
-0.00321118
-0.00321574
-0.00323155
-0.00323477
-0.00322179
-0.00321288
-0.00320879
-0.00319866
-0.00318411
-0.00317081
-0.00316125
-0.00315446
-0.00315269
-0.00315433
-0.00316123
-0.0031703
-0.00318387
-0.00319907
-0.00321733
-0.00323829
-0.0032591
-0.00328594
-0.00330803
-0.00333989
-0.00336512
-0.00339758
-0.00342969
-0.00345686
-0.00348853
-0.00350102
-0.00349696
0.00231392
0.00217893
0.00160212
0.000986904
0.000516146
0.000240867
0.000154249
0.000201898
0.000315292
0.000439528
0.000542099
0.000608969
0.000637494
0.000633451
0.000607295
0.000570083
0.000530723
0.000494983
0.000465661
0.000443322
0.000426903
0.000414395
0.00040353
0.000392266
0.000379083
0.000363008
0.000343607
0.000320775
0.000294714
0.000265655
0.000233934
0.000199702
0.000163127
0.000124117
8.25669e-05
3.8182e-05
-9.3542e-06
-6.03521e-05
-0.000115198
-0.000174075
-0.000237398
-0.000305234
-0.000378048
-0.000455933
-0.000539286
-0.000628286
-0.000723114
-0.000824072
-0.000931092
-0.00104405
-0.00116254
-0.00128585
-0.00141411
-0.0015474
-0.00168547
-0.00182889
-0.00197361
-0.00211832
-0.00225917
-0.0023933
-0.00252901
-0.00265703
-0.00276732
-0.00286459
-0.00294755
-0.00301633
-0.00306675
-0.00310069
-0.00312851
-0.00314559
-0.00315673
-0.00317453
-0.00318598
-0.00318265
-0.00317824
-0.00317779
-0.00317376
-0.00316681
-0.00316023
-0.00315588
-0.00315275
-0.00315316
-0.00315593
-0.00316332
-0.00317254
-0.00318601
-0.00320087
-0.00321859
-0.00323895
-0.00325927
-0.00328585
-0.00330785
-0.00333974
-0.00336503
-0.00339756
-0.00342976
-0.00345698
-0.00348874
-0.00350125
-0.00349722
0.00216121
0.00202581
0.00144848
0.000832828
0.000361749
8.62745e-05
-4.14967e-07
4.72776e-05
0.00016082
0.000285295
0.000388186
0.000455445
0.000484421
0.000480874
0.000455255
0.000418622
0.0003799
0.000344874
0.000316365
0.00029496
0.000279604
0.000268301
0.000258777
0.000248997
0.000237428
0.000223109
0.000205592
0.0001848
0.000160938
0.00013428
0.00010516
7.37505e-05
4.02022e-05
4.43656e-06
-3.36199e-05
-7.42502e-05
-0.000117711
-0.000164333
-0.000214447
-0.000268255
-0.000326142
-0.000388134
-0.000454702
-0.000525823
-0.000601994
-0.000683323
-0.000769998
-0.000862392
-0.000960032
-0.00106331
-0.00117118
-0.00128359
-0.00140059
-0.00152205
-0.00164906
-0.00178027
-0.00191312
-0.00204581
-0.00217503
-0.00230127
-0.00242907
-0.00254999
-0.00265628
-0.00275308
-0.00283917
-0.0029121
-0.00297021
-0.00301382
-0.0030502
-0.00307728
-0.00309593
-0.00311714
-0.00313477
-0.00313987
-0.00314165
-0.00314569
-0.00314636
-0.00314276
-0.00313836
-0.00313615
-0.00313543
-0.00313829
-0.00314334
-0.00315277
-0.00316376
-0.0031788
-0.00319514
-0.00321429
-0.00323597
-0.00325733
-0.00328465
-0.00330709
-0.00333927
-0.00336474
-0.0033974
-0.00342975
-0.00345704
-0.00348893
-0.00350148
-0.00349748
0.00203663
0.00190258
0.00132651
0.000711938
0.000241801
-3.28572e-05
-0.000118821
-7.04486e-05
4.37605e-05
0.000168897
0.000272449
0.000340362
0.000369981
0.00036706
0.000342045
0.000305999
0.000267855
0.000233406
0.000205482
0.000184675
0.00016993
0.00015925
0.000150358
0.000141229
0.000130334
0.000116734
9.99874e-05
8.00594e-05
5.71677e-05
3.16454e-05
3.82973e-06
-2.60534e-05
-5.78613e-05
-9.1635e-05
-0.000127454
-0.000165578
-0.000206216
-0.000249707
-0.0002963
-0.000346269
-0.000399875
-0.000457236
-0.000518683
-0.000584252
-0.000654404
-0.000729188
-0.000808946
-0.00089373
-0.000983268
-0.00107763
-0.0011759
-0.00127847
-0.00138521
-0.00149671
-0.00161349
-0.00173366
-0.00185567
-0.0019767
-0.00209577
-0.00221517
-0.00233516
-0.00244896
-0.00255189
-0.00264808
-0.00273591
-0.00281182
-0.00287616
-0.00292824
-0.00297177
-0.00300772
-0.00303493
-0.00306017
-0.00308321
-0.00309701
-0.00310487
-0.00311289
-0.00311905
-0.00312245
-0.00312465
-0.00312789
-0.00313136
-0.00313707
-0.00314386
-0.00315423
-0.00316564
-0.00318071
-0.00319678
-0.00321544
-0.00323655
-0.00325743
-0.00328449
-0.00330684
-0.00333907
-0.00336461
-0.00339736
-0.00342981
-0.00345715
-0.00348914
-0.00350172
-0.00349776
0.00178783
0.001654
0.00107909
0.000467744
2.8753e-06
-0.000264698
-0.000342282
-0.000285176
-0.000162744
-3.03884e-05
7.92246e-05
0.000152061
0.000185635
0.000186053
0.000164177
0.000131386
9.68054e-05
6.62755e-05
4.25946e-05
2.6256e-05
1.60801e-05
9.92845e-06
5.41401e-06
4.30037e-07
-6.59135e-06
-1.65855e-05
-2.99716e-05
-4.67122e-05
-6.65392e-05
-8.90144e-05
-0.000113777
-0.000140501
-0.000169067
-0.000199432
-0.000231711
-0.000266093
-0.000302787
-0.000342117
-0.000384261
-0.000429577
-0.000478139
-0.000530268
-0.000586052
-0.000645733
-0.000709612
-0.000777734
-0.000850545
-0.000927693
-0.00100933
-0.001095
-0.00118426
-0.00127754
-0.00137448
-0.00147631
-0.00158285
-0.00169239
-0.0018039
-0.0019144
-0.00202438
-0.00213672
-0.00224868
-0.00235501
-0.00245439
-0.00254866
-0.00263609
-0.00271393
-0.00278218
-0.00284051
-0.00289054
-0.0029334
-0.00296825
-0.00299896
-0.0030269
-0.00304783
-0.00306268
-0.00307601
-0.00308694
-0.00309446
-0.00309971
-0.00310552
-0.00311156
-0.00311986
-0.00312912
-0.00314177
-0.00315526
-0.00317223
-0.00319008
-0.00321039
-0.00323299
-0.00325507
-0.00328298
-0.00330587
-0.00333844
-0.00336422
-0.00339713
-0.00342975
-0.00345718
-0.00348929
-0.00350193
-0.00349802
0.00180988
0.00167923
0.00110668
0.000495241
2.71594e-05
-0.000247028
-0.000334322
-0.000288685
-0.00017783
-5.58828e-05
4.52227e-05
0.0001118
0.000141365
0.00013961
0.000116655
8.30873e-05
4.73803e-05
1.49527e-05
-1.15364e-05
-3.15236e-05
-4.59377e-05
-5.65833e-05
-6.54974e-05
-7.45123e-05
-8.49828e-05
-9.77403e-05
-0.000113144
-0.000131204
-0.000151723
-0.000174398
-0.000198965
-0.000225206
-0.000253059
-0.000282519
-0.000313728
-0.000346825
-0.000382048
-0.000419594
-0.000459681
-0.000502511
-0.000548206
-0.00059696
-0.000648859
-0.000704159
-0.000763007
-0.000825647
-0.000892211
-0.000962723
-0.00103718
-0.00111534
-0.00119707
-0.00128231
-0.00137126
-0.00146417
-0.00156112
-0.00166122
-0.00176319
-0.00186578
-0.00196818
-0.00207164
-0.00217606
-0.00227706
-0.00237213
-0.0024635
-0.00255039
-0.00262917
-0.00270002
-0.00276324
-0.00281848
-0.00286703
-0.00290866
-0.00294464
-0.00297703
-0.0030041
-0.00302503
-0.00304296
-0.00305872
-0.00307214
-0.00308334
-0.00309439
-0.00310474
-0.00311629
-0.00312779
-0.00314184
-0.0031561
-0.00317335
-0.00319111
-0.00321107
-0.00323322
-0.00325491
-0.00328263
-0.00330548
-0.00333813
-0.00336402
-0.00339703
-0.00342978
-0.00345728
-0.00348948
-0.00350217
-0.0034983
-0.00146098
-0.00134306
-0.00078506
-0.000189864
0.000260843
0.000516971
0.000585868
0.000521804
0.000392585
0.000252226
0.000132447
4.67131e-05
-2.76701e-06
-2.20335e-05
-2.14233e-05
-1.15786e-05
-8.90715e-07
5.34934e-06
4.56819e-06
-3.78667e-06
-1.88103e-05
-3.88031e-05
-6.18431e-05
-8.62741e-05
-0.000110885
-0.00013504
-0.000158537
-0.000181591
-0.000204583
-0.000228024
-0.000252357
-0.000277974
-0.000305168
-0.000334119
-0.000364994
-0.00039782
-0.000432741
-0.000469699
-0.000508875
-0.000550264
-0.000594099
-0.000640494
-0.000689561
-0.000741543
-0.000796343
-0.00085438
-0.000915466
-0.000980055
-0.00104817
-0.00111986
-0.00119552
-0.00127434
-0.00135668
-0.0014418
-0.00152969
-0.00162107
-0.00171455
-0.00181026
-0.00190645
-0.00200159
-0.00209843
-0.00219472
-0.00228602
-0.00237417
-0.00245948
-0.00253864
-0.00261127
-0.00267775
-0.00273758
-0.00279116
-0.00283848
-0.00288033
-0.00291791
-0.00295068
-0.00297811
-0.00300199
-0.00302277
-0.00304065
-0.00305567
-0.00306992
-0.00308319
-0.00309753
-0.00311167
-0.00312818
-0.00314472
-0.00316408
-0.0031838
-0.00320556
-0.0032293
-0.00325225
-0.00328088
-0.00330433
-0.00333736
-0.00336353
-0.00339673
-0.00342966
-0.00345728
-0.0034896
-0.00350237
-0.00349855
0.00162599
0.00149558
0.000922876
0.000310915
-0.000158014
-0.000433379
-0.000522011
-0.000477647
-0.000367841
-0.000246666
-0.000146081
-7.98163e-05
-5.03465e-05
-5.19858e-05
-7.46733e-05
-0.000107914
-0.000143342
-0.000175627
-0.000202133
-0.000222249
-0.000236825
-0.000247543
-0.000256356
-0.000265009
-0.000274846
-0.000286665
-0.000300848
-0.000317373
-0.000336069
-0.000356622
-0.000378785
-0.000402337
-0.000427173
-0.000453299
-0.000480738
-0.000509668
-0.000540159
-0.000572529
-0.000606812
-0.000643321
-0.000682058
-0.000723217
-0.000766969
-0.000813318
-0.000862755
-0.000915031
-0.000970756
-0.00102959
-0.0010916
-0.00115689
-0.00122454
-0.00129563
-0.00136945
-0.00144683
-0.00152838
-0.00161164
-0.00169758
-0.00178423
-0.00187087
-0.00196206
-0.00205342
-0.00214022
-0.00222707
-0.00231374
-0.00239559
-0.00247273
-0.00254611
-0.00261435
-0.00267657
-0.00273332
-0.00278476
-0.00283086
-0.00287225
-0.00290931
-0.00294149
-0.00296966
-0.00299463
-0.00301722
-0.00303718
-0.00305606
-0.00307337
-0.00309103
-0.0031077
-0.00312599
-0.00314369
-0.00316367
-0.0031836
-0.00320527
-0.0032288
-0.00325156
-0.00328014
-0.00330367
-0.00333685
-0.00336319
-0.00339654
-0.00342963
-0.00345735
-0.00348976
-0.0035026
-0.00349883
-0.00178106
-0.00165813
-0.00109334
-0.000489922
-3.03111e-05
0.000234839
0.000312323
0.000255951
0.000133399
-1.17175e-06
-0.000115769
-0.000196677
-0.000241469
-0.000255856
-0.000249978
-0.000234457
-0.000217805
-0.00020548
-0.000200219
-0.000202701
-0.000212134
-0.000226867
-0.00024501
-0.000264872
-0.000285219
-0.000305325
-0.000324937
-0.000344154
-0.000363315
-0.000382868
-0.000403246
-0.00042482
-0.000447849
-0.000472553
-0.000499034
-0.000527388
-0.000557603
-0.000589743
-0.000623786
-0.000659795
-0.000697843
-0.000738027
-0.000780514
-0.000825295
-0.000872614
-0.000922379
-0.000974819
-0.00102986
-0.00108752
-0.00114811
-0.00121141
-0.00127816
-0.00134797
-0.00142076
-0.00149644
-0.00157322
-0.00165198
-0.0017326
-0.00181507
-0.00190157
-0.00198732
-0.00206882
-0.00215167
-0.00223614
-0.00231649
-0.00239245
-0.00246605
-0.00253605
-0.00260096
-0.00266113
-0.00271669
-0.00276748
-0.00281375
-0.0028558
-0.00289339
-0.00292712
-0.00295723
-0.00298443
-0.00300851
-0.00303103
-0.0030516
-0.00307221
-0.0030916
-0.00311241
-0.00313242
-0.00315452
-0.00317641
-0.00319986
-0.00322493
-0.0032489
-0.00327837
-0.00330247
-0.00333603
-0.00336265
-0.0033962
-0.00342948
-0.00345732
-0.00348984
-0.00350276
-0.00349905
0.0014531
0.00132161
0.000747562
0.000134528
-0.000334882
-0.000609959
-0.00069754
-0.000651598
-0.000540016
-0.000417137
-0.000315079
-0.000247645
-0.000217335
-0.000218476
-0.000240922
-0.000274029
-0.000309254
-0.000341131
-0.000366961
-0.000386129
-0.000399519
-0.000408888
-0.000416246
-0.000423397
-0.000431691
-0.000441956
-0.00045456
-0.000469494
-0.000486536
-0.000505335
-0.00052559
-0.000547043
-0.000569575
-0.00059311
-0.000617697
-0.000643423
-0.000670438
-0.000698911
-0.000728999
-0.000760893
-0.000794647
-0.000830417
-0.000868225
-0.000908254
-0.000950554
-0.000995263
-0.00104252
-0.00109237
-0.00114503
-0.00120027
-0.0012581
-0.00131819
-0.00138052
-0.00144538
-0.00151289
-0.00158378
-0.00165727
-0.0017324
-0.00180827
-0.00188376
-0.00196165
-0.00204247
-0.00212128
-0.00219741
-0.00227369
-0.00234882
-0.00242051
-0.00248889
-0.00255402
-0.00261527
-0.00267234
-0.00272527
-0.00277401
-0.00281878
-0.00285948
-0.00289645
-0.00292976
-0.00296043
-0.00298829
-0.00301455
-0.00303855
-0.00306223
-0.00308421
-0.00310706
-0.00312859
-0.00315173
-0.00317425
-0.003198
-0.00322318
-0.00324732
-0.00327696
-0.00330135
-0.0033352
-0.00336209
-0.00339586
-0.00342934
-0.00345732
-0.00348996
-0.00350297
-0.00349932
-0.0019491
-0.00182437
-0.00125753
-0.000652246
-0.000191221
7.4751e-05
0.000152468
9.59384e-05
-2.68782e-05
-0.000161575
-0.000276003
-0.000356354
-0.000400148
-0.000413111
-0.000405487
-0.000388042
-0.000369442
-0.000355269
-0.00034832
-0.000349278
-0.000357316
-0.000370715
-0.000387511
-0.000405944
-0.000424726
-0.000443108
-0.00046081
-0.000477951
-0.000494856
-0.00051201
-0.000529823
-0.000548715
-0.000568919
-0.000590681
-0.000614065
-0.000639157
-0.000665946
-0.000694418
-0.000724602
-0.000756418
-0.000790069
-0.000825453
-0.000862857
-0.000902142
-0.000943505
-0.000986976
-0.00103245
-0.0010803
-0.00113007
-0.00118246
-0.00123726
-0.00129473
-0.00135533
-0.00141781
-0.001483
-0.00154948
-0.00161701
-0.00168765
-0.00175955
-0.00183427
-0.00191146
-0.00198507
-0.00205821
-0.0021356
-0.00221176
-0.00228374
-0.00235468
-0.00242454
-0.00249105
-0.00255406
-0.00261386
-0.00267013
-0.00272256
-0.00277137
-0.00281635
-0.00285777
-0.00289559
-0.00293051
-0.00296228
-0.00299213
-0.00301938
-0.00304593
-0.00307045
-0.0030956
-0.00311917
-0.00314414
-0.00316832
-0.00319356
-0.00322008
-0.00324513
-0.00327547
-0.00330032
-0.00333449
-0.00336162
-0.00339556
-0.00342918
-0.00345728
-0.00349002
-0.0035031
-0.00349951
0.00132814
0.00119569
0.00062057
6.66874e-06
-0.000463195
-0.000738189
-0.000825146
-0.000778198
-0.000665468
-0.000541512
-0.000438591
-0.000370598
-0.000340084
-0.000341351
-0.000364149
-0.000397692
-0.000433301
-0.000465389
-0.000491188
-0.000510071
-0.000522944
-0.000531624
-0.00053818
-0.000544482
-0.000551918
-0.00056134
-0.000573117
-0.000587231
-0.000603442
-0.000621364
-0.000640675
-0.000661057
-0.000682381
-0.000704513
-0.00072752
-0.000751441
-0.000776432
-0.000802628
-0.000830163
-0.000859239
-0.000889823
-0.000922147
-0.000956079
-0.000991907
-0.00102956
-0.00106919
-0.00111099
-0.00115478
-0.00120104
-0.00124918
-0.00129948
-0.00135156
-0.00140515
-0.00146127
-0.00151923
-0.00158037
-0.00164438
-0.00170913
-0.00177557
-0.00184164
-0.00190826
-0.00198012
-0.00205255
-0.00212077
-0.00218939
-0.00225998
-0.00232861
-0.00239446
-0.00245871
-0.0025209
-0.00258015
-0.0026364
-0.00268947
-0.00273937
-0.00278585
-0.0028289
-0.0028686
-0.00290591
-0.00294031
-0.00297279
-0.0030027
-0.00303192
-0.00305893
-0.00308625
-0.00311167
-0.00313817
-0.00316354
-0.00318963
-0.00321675
-0.00324238
-0.00327323
-0.00329857
-0.00333317
-0.0033607
-0.00339496
-0.00342887
-0.00345717
-0.00349007
-0.00350326
-0.00349976
-0.00196413
-0.00183949
-0.0012732
-0.000669204
-0.00021026
5.28319e-05
0.00012703
6.66982e-05
-5.98408e-05
-0.000197944
-0.000315355
-0.000398238
-0.000444117
-0.000458825
-0.000452784
-0.000436943
-0.000420117
-0.000407986
-0.00040337
-0.000406911
-0.000417704
-0.000433924
-0.000453504
-0.000474583
-0.000495822
-0.000516423
-0.000536114
-0.000554996
-0.000573431
-0.0005919
-0.000610852
-0.0006307
-0.000651692
-0.000674054
-0.000697813
-0.000723055
-0.000749684
-0.000777734
-0.000807112
-0.000837823
-0.000869937
-0.000903436
-0.000938531
-0.000975062
-0.00101331
-0.00105306
-0.00109452
-0.0011377
-0.00118251
-0.00122954
-0.0012785
-0.00133017
-0.00138408
-0.00143969
-0.00149723
-0.00155517
-0.00161505
-0.00167765
-0.00174235
-0.00181033
-0.00187739
-0.00194215
-0.00201096
-0.00208259
-0.00215117
-0.00221836
-0.00228654
-0.00235362
-0.00241829
-0.00248104
-0.00254176
-0.00259989
-0.00265522
-0.00270764
-0.00275667
-0.00280282
-0.00284589
-0.00288618
-0.00292319
-0.00295819
-0.00299045
-0.0030217
-0.00305045
-0.0030793
-0.00310606
-0.0031337
-0.00316006
-0.00318704
-0.0032149
-0.00324108
-0.00327234
-0.00329796
-0.00333275
-0.00336043
-0.00339479
-0.00342878
-0.00345716
-0.00349011
-0.00350336
-0.00349988
0.00132686
0.00119173
0.000613507
-3.85814e-06
-0.000477241
-0.000755548
-0.000845417
-0.000800919
-0.000690287
-0.000568271
-0.000467331
-0.000401519
-0.000373517
-0.000377693
-0.000403762
-0.000440819
-0.000480024
-0.000515631
-0.000544764
-0.000566745
-0.000582464
-0.000593769
-0.000602768
-0.00061138
-0.000621039
-0.000632642
-0.000646559
-0.000662773
-0.000681026
-0.000700927
-0.000722097
-0.00074419
-0.000767055
-0.000790522
-0.000814628
-0.000839357
-0.000864879
-0.000891287
-0.000918747
-0.000947386
-0.000977187
-0.00100835
-0.00104072
-0.00107461
-0.00110987
-0.00114678
-0.00118537
-0.0012256
-0.0012679
-0.00131156
-0.00135692
-0.00140332
-0.00145068
-0.00150009
-0.00155099
-0.0016053
-0.00166233
-0.0017197
-0.00177819
-0.00183539
-0.00189361
-0.00195893
-0.00202496
-0.00208548
-0.00214696
-0.00221211
-0.0022759
-0.00233715
-0.00239792
-0.00245811
-0.00251633
-0.00257246
-0.00262639
-0.00267791
-0.00272687
-0.00277357
-0.00281755
-0.0028592
-0.00289816
-0.00293551
-0.00297027
-0.00300409
-0.00303543
-0.00306671
-0.00309566
-0.00312519
-0.00315311
-0.00318134
-0.00321021
-0.00323726
-0.00326927
-0.00329556
-0.00333095
-0.00335914
-0.00339394
-0.00342829
-0.00345694
-0.0034901
-0.00350351
-0.00350017
)
;

boundaryField
{
    zeroGradient
    {
        type            zeroGradient;
    }
    inlet
    {
        type            zeroGradient;
    }
    fixedWalls
    {
        type            zeroGradient;
    }
    frontAndBack
    {
        type            empty;
    }
}


// ************************************************************************* //
