/*--------------------------------*- C++ -*----------------------------------*\
| =========                 |                                                 |
| \\      /  F ield         | OpenFOAM: The Open Source CFD Toolbox           |
|  \\    /   O peration     | Version:  2312                                  |
|   \\  /    A nd           | Website:  www.openfoam.com                      |
|    \\/     M anipulation  |                                                 |
\*---------------------------------------------------------------------------*/
FoamFile
{
    version     2.0;
    format      ascii;
    arch        "LSB;label=32;scalar=64";
    class       volScalarField;
    location    "0.15";
    object      p;
}
// * * * * * * * * * * * * * * * * * * * * * * * * * * * * * * * * * * * * * //

dimensions      [0 2 -2 0 0 0 0];

internalField   nonuniform List<scalar> 
5600
(
1.46371e-10
0.000395109
0.000341886
0.000403714
0.000152072
0.000361632
0.000429975
0.000577913
0.000557091
0.000589336
0.000665979
0.000778989
0.000766482
0.000820518
0.000915405
0.00104533
0.00110924
0.00113237
0.00120507
0.00132264
0.00147644
0.00156549
0.00163026
0.00173366
0.0018353
0.00198907
0.00214414
0.00229567
0.00240166
0.00247092
0.00261704
0.00280447
0.00295464
0.00308643
0.0032215
0.00335656
0.00347233
0.00356711
0.00358808
0.00340722
2.81134e-06
0.00039214
0.000343927
0.000405261
0.000159715
0.00035614
0.00043064
0.000576633
0.000556688
0.000586996
0.000667374
0.000777517
0.000766864
0.000816079
0.000914747
0.00104376
0.00110788
0.00113175
0.00120343
0.00132045
0.00147478
0.00156304
0.00162739
0.0017291
0.00182909
0.00198342
0.00213459
0.00228692
0.00239348
0.00245586
0.00259375
0.00276299
0.00288889
0.00299602
0.00311074
0.00321978
0.0032841
0.0032773
0.00315184
0.0028046
6.1656e-06
0.000392837
0.000340745
0.000406696
0.000169796
0.000352604
0.000433451
0.000578435
0.000553722
0.000585873
0.000669928
0.000775226
0.000768891
0.000813337
0.000914698
0.00104403
0.0011061
0.00113225
0.00120088
0.00131978
0.00147308
0.00156
0.00162432
0.00172455
0.00182504
0.00197766
0.00213677
0.00227624
0.00237704
0.00243125
0.00255733
0.00271588
0.00283424
0.00293154
0.00303332
0.00312712
0.00317106
0.00314309
0.00300278
0.00265916
1.14021e-05
0.000391142
0.000339608
0.000409319
0.000183927
0.000346025
0.000438128
0.000577939
0.000551076
0.000583244
0.000673518
0.00077233
0.0007727
0.000809159
0.000915037
0.00104276
0.00110389
0.00113052
0.00119837
0.00131761
0.00146995
0.00155573
0.00161955
0.00171844
0.00181734
0.0019683
0.00212224
0.00225609
0.0023501
0.00239159
0.00250494
0.00265612
0.00277287
0.00286255
0.00294451
0.00301497
0.00303195
0.00296671
0.00278342
0.00239928
1.62451e-05
0.000389739
0.000338485
0.000411386
0.000196597
0.000342787
0.000443338
0.00057753
0.000548535
0.000580139
0.000676682
0.000770668
0.00077424
0.000806318
0.000914739
0.00104125
0.00110135
0.00112857
0.0011947
0.00131447
0.00146594
0.00155034
0.00161154
0.00170918
0.00180693
0.00195276
0.00210513
0.00222752
0.00231002
0.00234586
0.00244897
0.00259345
0.00270708
0.00278561
0.00284922
0.00290114
0.00290047
0.00281694
0.00261702
0.00222483
2.24083e-05
0.000386261
0.000339721
0.000412635
0.000210541
0.000336411
0.000449094
0.000575316
0.000546443
0.000575514
0.00067989
0.000768799
0.000774134
0.000803666
0.000913458
0.00103901
0.00109797
0.0011247
0.00118961
0.00131027
0.00145977
0.00154266
0.00160108
0.00169597
0.00179063
0.00193047
0.00207782
0.00218734
0.00225975
0.00229074
0.00238623
0.00252623
0.00263172
0.00270155
0.00275453
0.00279537
0.002788
0.00270009
0.00249458
0.002093
2.84233e-05
0.000382414
0.000341015
0.000413118
0.000223159
0.000332034
0.00045494
0.000573072
0.000544558
0.000570928
0.000682063
0.000767616
0.000772769
0.00080127
0.000911215
0.00103637
0.00109409
0.00111985
0.00118353
0.00130414
0.00145171
0.00153347
0.00158645
0.00167604
0.00176993
0.00190064
0.00204061
0.00214094
0.00220197
0.00222942
0.00231726
0.00244926
0.00255108
0.00261704
0.00266332
0.00269893
0.00269124
0.00260478
0.00240009
0.00199572
3.58794e-05
0.000376157
0.000344655
0.000412914
0.000236433
0.000324994
0.000460954
0.000569685
0.000542019
0.000566477
0.000683241
0.000766702
0.000769083
0.000798214
0.000907926
0.00103285
0.00108882
0.00111338
0.0011756
0.00129641
0.00144142
0.00152043
0.00156854
0.00165084
0.00174019
0.00186258
0.00199577
0.00208411
0.00213465
0.00215916
0.0022355
0.00236244
0.00246517
0.00253097
0.0025759
0.00260966
0.00260535
0.00252742
0.00233554
0.00195199
4.3398e-05
0.000369112
0.00034877
0.000411988
0.000248154
0.000320313
0.000466689
0.000566906
0.000539086
0.000562138
0.000683114
0.000765273
0.000766385
0.000793926
0.000904173
0.00102859
0.00108286
0.00110557
0.00116586
0.00128592
0.00142792
0.00150383
0.00154652
0.0016179
0.00170306
0.0018182
0.00193784
0.00201636
0.00205833
0.00207712
0.00214081
0.00225858
0.00236568
0.00244347
0.00250541
0.00256551
0.00259955
0.00256246
0.00239198
0.00196912
5.24783e-05
0.000359386
0.000354661
0.000411013
0.00025997
0.000309682
0.000471323
0.000564062
0.00053497
0.000557776
0.00068238
0.000763118
0.000763589
0.000787388
0.000899421
0.00102263
0.00107537
0.00109589
0.00115354
0.00127249
0.00141206
0.00148224
0.00151826
0.00158251
0.00165812
0.00176532
0.00187598
0.0019426
0.0019704
0.00198045
0.00202197
0.00210982
0.00219789
0.00226287
0.00231578
0.00237237
0.00243574
0.00252172
0.00270054
0.00311936
6.19169e-05
0.000348571
0.000361046
0.000409779
0.000269784
0.000304523
0.000474573
0.000562613
0.000530402
0.000553027
0.000680121
0.000760674
0.000759678
0.000780812
0.000893126
0.00101582
0.00106696
0.00108438
0.0011387
0.00125463
0.00139144
0.0014562
0.00148336
0.00153897
0.00160441
0.0017038
0.00180684
0.00186186
0.00188153
0.00188886
0.00192569
0.00201443
0.00212043
0.00220881
0.00227787
0.00234794
0.00243521
0.00255475
0.00275362
0.00313367
7.29157e-05
0.000335169
0.000367785
0.000409788
0.000279197
0.000298866
0.000475443
0.000561487
0.000525073
0.000547942
0.000676885
0.000758528
0.000753325
0.000773312
0.000884301
0.00100733
0.00105649
0.00107033
0.00112078
0.00123248
0.00136744
0.0014256
0.00144114
0.00149147
0.00154781
0.00163379
0.00173182
0.00178352
0.00179468
0.0018023
0.00185056
0.00195394
0.00207007
0.00215488
0.00221215
0.00226987
0.00235501
0.00248922
0.00271746
0.00313603
8.45888e-05
0.000321097
0.000373864
0.000409911
0.000286455
0.000294352
0.000474477
0.000561613
0.000520198
0.000540626
0.000672037
0.000755473
0.000747152
0.000764429
0.000874
0.000997231
0.00104463
0.00105385
0.00109944
0.00120524
0.00133642
0.00139158
0.00139346
0.00143529
0.00148658
0.00155907
0.00165566
0.0017133
0.00172521
0.00173519
0.001788
0.00189032
0.00200252
0.00208321
0.00213698
0.00219304
0.0022829
0.00242994
0.00267315
0.00309699
9.76546e-05
0.000305554
0.000378282
0.00041147
0.000293585
0.000290539
0.000470619
0.000561507
0.000515334
0.000533893
0.000665854
0.000751879
0.000740861
0.000752724
0.000860906
0.000984684
0.00103032
0.00103411
0.00107475
0.00117338
0.00129961
0.00135483
0.00134235
0.00137364
0.00142604
0.0014901
0.00158199
0.00164716
0.00166304
0.00166749
0.00171349
0.00181076
0.00192234
0.00200577
0.00206105
0.00211691
0.0022058
0.00235372
0.00259752
0.00301929
0.00011157
0.000290154
0.000380396
0.000413204
0.000299128
0.000286741
0.000465298
0.00056157
0.000511545
0.000524865
0.000656993
0.000747083
0.000734116
0.000739771
0.000844923
0.000969547
0.00101444
0.00101184
0.00104542
0.00113713
0.00125588
0.00131329
0.00129328
0.00130818
0.00136202
0.0014232
0.0015073
0.00157591
0.00159698
0.00160044
0.00163984
0.00172891
0.00183689
0.00192361
0.00198266
0.00203794
0.002122
0.00226516
0.00250673
0.00292855
0.000126558
0.000274438
0.000378854
0.000416588
0.000305109
0.000283396
0.00045763
0.000560293
0.000508406
0.000514765
0.000646809
0.000740753
0.000726866
0.000725304
0.000825058
0.000950303
0.000995863
0.000986954
0.00101233
0.00109644
0.00120704
0.00126835
0.00124536
0.00124123
0.00129324
0.00135617
0.00143331
0.0015016
0.00152905
0.00153399
0.00156516
0.00164349
0.00174577
0.00183503
0.0018983
0.00195398
0.0020338
0.00217184
0.00241045
0.00283176
0.000142218
0.000259639
0.000373591
0.000420108
0.000310542
0.000279447
0.000448627
0.00055824
0.000506173
0.000503646
0.000633104
0.000732214
0.000718819
0.000709677
0.000802229
0.000926907
0.000974564
0.000960405
0.000974578
0.00105114
0.00115462
0.00121611
0.00119617
0.00117672
0.00121961
0.00128602
0.00135951
0.00142621
0.00145812
0.00146436
0.0014889
0.00155694
0.00165254
0.00174159
0.00180773
0.00186451
0.00194201
0.00207625
0.00231233
0.00273312
0.00015838
0.000245645
0.000363725
0.000424429
0.000317316
0.000275202
0.000437708
0.000554419
0.000504174
0.000491962
0.000616933
0.000721608
0.000709849
0.0006923
0.000775673
0.000898831
0.000949393
0.000931235
0.000934225
0.00100179
0.00109754
0.00115952
0.00114604
0.00111404
0.0011423
0.00121104
0.00128596
0.00135046
0.00138467
0.00139333
0.00141197
0.00146843
0.00155507
0.00164265
0.0017122
0.00177187
0.00184877
0.00197959
0.00221183
0.00263023
0.000174594
0.000233102
0.000350211
0.000427884
0.000324746
0.000270178
0.000424785
0.00054934
0.000502652
0.000479447
0.000597532
0.000708092
0.000699714
0.000673447
0.000745611
0.000866277
0.000920569
0.000900266
0.000891009
0.00094683
0.00103736
0.00109956
0.0010909
0.00105298
0.00106512
0.00113038
0.0012089
0.00127344
0.00131004
0.00132146
0.0013354
0.00137964
0.00145516
0.00153969
0.0016127
0.00167641
0.00175397
0.00188208
0.00211065
0.00252672
0.000190061
0.000222284
0.000333103
0.000429781
0.000333918
0.000265088
0.000409186
0.000542235
0.000501204
0.000466428
0.000575045
0.000691333
0.000688439
0.000653329
0.000711365
0.000828196
0.000888214
0.000867068
0.000845535
0.000887881
0.000971802
0.00103571
0.00103469
0.000994151
0.00098867
0.00104399
0.00112631
0.0011966
0.00123665
0.00124988
0.00125922
0.00129149
0.00135416
0.00143291
0.00150825
0.00157722
0.00165784
0.00178517
0.00201075
0.0024241
0.000204157
0.000213859
0.000313995
0.000428326
0.000344006
0.000260553
0.000390624
0.000532659
0.000500211
0.000453159
0.000548697
0.000670236
0.00067586
0.000632758
0.000673156
0.000783782
0.000851606
0.000833095
0.00079915
0.000824282
0.0009001
0.000968095
0.00097627
0.000936728
0.000915756
0.000955544
0.00103675
0.00111505
0.00116223
0.00117869
0.00118494
0.00120669
0.00125552
0.00132478
0.00139912
0.00147303
0.00155893
0.00168812
0.00191217
0.00232294
0.0002163
0.000208254
0.000293034
0.000422007
0.000355008
0.000258192
0.000368801
0.000518769
0.000499378
0.000440804
0.000518552
0.000643499
0.000661607
0.000613031
0.000631657
0.000731908
0.000809053
0.00079808
0.000754191
0.000759261
0.000822193
0.000892564
0.000914828
0.000882586
0.000849487
0.000868699
0.000940604
0.00102545
0.0010842
0.00110796
0.00111356
0.00112592
0.00116062
0.00121784
0.00128791
0.00136475
0.00145638
0.00158951
0.00181423
0.00222368
0.00022597
0.000205792
0.000271788
0.000409244
0.000365346
0.00025943
0.000344352
0.00049869
0.000498114
0.000431108
0.000485032
0.000608706
0.000644112
0.000595642
0.000589756
0.000672461
0.000757414
0.000760839
0.000712548
0.000696169
0.000740004
0.000808207
0.000845916
0.000828878
0.000791476
0.000789884
0.00084372
0.000927275
0.000996895
0.0010321
0.00104181
0.00104885
0.0010716
0.00111629
0.00117893
0.00125526
0.00135095
0.00148874
0.00171606
0.00212587
0.000232667
0.000206121
0.000251106
0.000389079
0.000373809
0.000265888
0.000318625
0.000470191
0.000494245
0.000425743
0.000450742
0.000565082
0.000619954
0.000580156
0.000551686
0.000608237
0.000693837
0.000716915
0.000674152
0.000639004
0.000659575
0.000717176
0.00076534
0.000769122
0.000739997
0.00072364
0.000754454
0.000825189
0.000898961
0.000945956
0.000964733
0.000972377
0.000987733
0.00102138
0.00107514
0.00114805
0.00124542
0.00138712
0.00161768
0.00202892
0.000236024
0.000208623
0.000232441
0.0003613
0.000378184
0.000278003
0.000294321
0.000432667
0.000484274
0.000424635
0.000419065
0.000513463
0.000585003
0.000562776
0.000520237
0.000545783
0.000619151
0.000660448
0.000634233
0.000589555
0.000585923
0.000626068
0.000675017
0.000696886
0.000685259
0.000667963
0.000679084
0.00072884
0.000795091
0.000848609
0.000877897
0.00089151
0.000905373
0.000932091
0.00097791
0.00104581
0.00114238
0.00128625
0.00151968
0.00193282
0.000235619
0.000211894
0.000216969
0.000328777
0.000375681
0.000292367
0.000274477
0.000389022
0.000464009
0.000423742
0.00039427
0.000459729
0.00053718
0.000537479
0.000494574
0.000491454
0.000542115
0.000589968
0.000584981
0.000544781
0.000522779
0.000541548
0.000581823
0.000613281
0.000619639
0.000612041
0.00061514
0.000644777
0.000694928
0.000745556
0.000782
0.0008038
0.000821102
0.000845706
0.000886362
0.000949382
0.00104355
0.00118771
0.00142286
0.00183767
0.000231281
0.00021413
0.000206109
0.000295006
0.00036252
0.000303848
0.000262733
0.000345539
0.000430603
0.000416033
0.00037758
0.000410285
0.000478473
0.000499827
0.000468054
0.000446749
0.000471221
0.000511413
0.000522442
0.00049634
0.000468178
0.000467858
0.000493539
0.000524688
0.000543091
0.00054747
0.000551755
0.000569812
0.000603971
0.000645401
0.000682536
0.000710594
0.000733553
0.000759917
0.000798691
0.000858408
0.000950088
0.00109359
0.00132961
0.00174575
0.00022328
0.000213622
0.000200524
0.000263253
0.00033705
0.000307276
0.000259615
0.000307115
0.000385616
0.000396747
0.000363997
0.000368905
0.000417702
0.000449196
0.000433868
0.000407776
0.000410467
0.000435432
0.00045045
0.000438765
0.000414452
0.00040288
0.000413213
0.000436413
0.000458265
0.000471782
0.000481208
0.000495137
0.000518667
0.000550006
0.000582959
0.00061288
0.000640056
0.000669376
0.000708394
0.00076634
0.000855787
0.00099783
0.00123356
0.00165035
0.000212618
0.000209059
0.000196614
0.000235741
0.000303189
0.00029944
0.000258906
0.000276422
0.000337044
0.000364463
0.000345371
0.000335467
0.000362251
0.000391253
0.000389489
0.000368326
0.000359048
0.000368392
0.0003795
0.00037672
0.000361456
0.00034783
0.00034712
0.000359736
0.000378376
0.000395678
0.000410002
0.000424625
0.000443596
0.000467929
0.000495469
0.00052366
0.000551966
0.000583171
0.000623126
0.000680599
0.000768648
0.000909166
0.00114377
0.00156
0.000199654
0.000200141
0.000191766
0.000213421
0.00026638
0.000279684
0.000253225
0.000252569
0.000291656
0.000322632
0.00031745
0.000304398
0.0003137
0.000332798
0.000336186
0.000322112
0.000307617
0.000303134
0.000304002
0.000300711
0.000289945
0.00027703
0.000270209
0.00027374
0.000285727
0.000301281
0.000317079
0.000333222
0.000351659
0.000373611
0.000398889
0.000426686
0.000457093
0.000492206
0.000536647
0.000598219
0.000689606
0.00083289
0.00107009
0.00148902
0.000185039
0.000187095
0.000183351
0.00019379
0.000231409
0.000250517
0.000239258
0.000230733
0.000251905
0.000277629
0.000280545
0.000271743
0.000272442
0.000282286
0.000288086
0.00028359
0.000273905
0.000267111
0.000264734
0.000262144
0.000254929
0.00024405
0.000234349
0.000230154
0.00023237
0.000239176
0.000248344
0.00025894
0.000270853
0.00028402
0.00029834
0.000313902
0.000331816
0.000354799
0.000387731
0.000438465
0.000519938
0.00065475
0.000885688
0.00130143
0.000168262
0.000171049
0.000169617
0.000175136
0.000198313
0.000216944
0.000214719
0.000206984
0.000215277
0.000231188
0.000236154
0.00023027
0.000224614
0.000223435
0.000221814
0.00021435
0.000201518
0.000188067
0.000176899
0.00016708
0.000156703
0.000145992
0.000137397
0.000133571
0.00013572
0.000143604
0.000156304
0.0001729
0.000192897
0.000215997
0.000241865
0.000270814
0.000303769
0.000342743
0.000391696
0.000457708
0.000553222
0.000700546
0.000942299
0.00136695
0.000149835
0.000151921
0.000151828
0.00015521
0.000167432
0.000183134
0.000183889
0.000180286
0.000182362
0.000190011
0.000197121
0.000196787
0.000194031
0.000195599
0.000199587
0.000201387
0.000201818
0.000203299
0.000206325
0.000209825
0.000213101
0.00021519
0.000214802
0.000210731
0.000202599
0.000190446
0.000174153
0.000153447
0.000128485
9.97448e-05
6.79095e-05
3.30975e-05
-5.8963e-06
-5.16736e-05
-0.000108717
-0.000184304
-0.000290833
-0.000450575
-0.000706267
-0.00114678
0.000128298
0.000129685
0.000129474
0.000130326
0.00013677
0.000144516
0.000147326
0.000143422
0.000140614
0.000141881
0.000140686
0.000135296
0.000127703
0.000118391
0.00010817
9.74454e-05
8.48886e-05
7.01677e-05
5.53481e-05
4.22419e-05
3.09177e-05
2.13288e-05
1.4661e-05
1.26571e-05
1.62002e-05
2.50859e-05
3.89767e-05
5.75544e-05
8.04276e-05
0.000106775
0.000135819
0.000167516
0.000202907
0.000244286
0.000295838
0.000364647
0.000462982
0.000612937
0.000856944
0.00128338
0.000105827
0.00010686
0.000105597
0.000106364
0.000108211
0.000112119
0.000115281
0.000112628
0.000111866
0.000113612
0.000114496
0.000115787
0.000117379
0.000118202
0.000119696
0.0001228
0.000125846
0.000127416
0.000127883
0.000127457
0.000124905
0.000118543
0.000107512
9.18801e-05
7.16819e-05
4.67952e-05
1.76283e-05
-1.53758e-05
-5.15395e-05
-8.96322e-05
-0.000129554
-0.000171957
-0.000218124
-0.000270375
-0.000332797
-0.000412494
-0.000521683
-0.000682377
-0.000936791
-0.00137304
7.793e-05
7.6461e-05
7.49144e-05
7.12795e-05
6.96216e-05
6.8556e-05
6.46996e-05
6.08339e-05
5.42209e-05
4.67471e-05
4.04372e-05
3.19639e-05
2.0837e-05
9.42574e-06
-2.33893e-06
-1.5537e-05
-2.93998e-05
-4.25515e-05
-5.46919e-05
-6.56652e-05
-7.43052e-05
-7.90698e-05
-7.91165e-05
-7.44734e-05
-6.51853e-05
-5.12318e-05
-3.3067e-05
-1.12097e-05
1.3174e-05
3.90671e-05
6.65532e-05
9.6322e-05
0.00012974
0.000169257
0.00021911
0.000286494
0.000383668
0.000532679
0.000775786
0.00120117
5.4542e-05
5.37958e-05
5.07494e-05
4.80617e-05
4.49894e-05
4.21824e-05
4.08133e-05
3.75779e-05
3.48182e-05
3.40352e-05
3.3053e-05
3.2721e-05
3.41012e-05
3.55921e-05
3.66344e-05
3.83177e-05
4.04031e-05
4.12797e-05
4.01852e-05
3.73451e-05
3.2297e-05
2.36419e-05
1.03274e-05
-7.67919e-06
-3.01286e-05
-5.68669e-05
-8.76349e-05
-0.00012209
-0.000158993
-0.000197221
-0.000236739
-0.000278178
-0.000322915
-0.000373389
-0.000433793
-0.00051123
-0.000617893
-0.000775808
-0.00102725
-0.00146043
1.69453e-05
1.3741e-05
8.30379e-06
2.9798e-07
-7.82979e-06
-1.62908e-05
-2.61797e-05
-3.53919e-05
-4.55693e-05
-5.6706e-05
-6.67772e-05
-7.70037e-05
-8.82928e-05
-9.91325e-05
-0.00010913
-0.000119226
-0.000129147
-0.000137647
-0.000144287
-0.000149293
-0.000152132
-0.000151467
-0.000146391
-0.000136892
-0.000123131
-0.000105284
-8.36547e-05
-5.8718e-05
-3.17694e-05
-3.84998e-06
2.5094e-05
5.57567e-05
8.96326e-05
0.000129257
0.000178917
0.000245783
0.000342132
0.000490059
0.000731891
0.00115585
-3.75531e-07
-2.37579e-06
-8.6724e-06
-1.4776e-05
-2.34011e-05
-3.12014e-05
-3.81873e-05
-4.63233e-05
-5.22693e-05
-5.70242e-05
-6.15258e-05
-6.38551e-05
-6.40242e-05
-6.37235e-05
-6.23761e-05
-5.92096e-05
-5.5081e-05
-5.11966e-05
-4.76508e-05
-4.45982e-05
-4.3165e-05
-4.49176e-05
-5.06182e-05
-6.04004e-05
-7.44693e-05
-9.29071e-05
-0.00011559
-0.000141946
-0.000170594
-0.000200757
-0.000232663
-0.000267013
-0.000305235
-0.000349755
-0.000404813
-0.000477543
-0.000580248
-0.000735024
-0.000984203
-0.00141603
-4.91654e-05
-5.37982e-05
-6.419e-05
-7.73058e-05
-9.254e-05
-0.000108322
-0.00012526
-0.000141421
-0.000157141
-0.000172685
-0.000186161
-0.000198317
-0.000209619
-0.000218913
-0.000225743
-0.000230806
-0.000233715
-0.000233645
-0.000230514
-0.00022474
-0.00021599
-0.000203418
-0.000186547
-0.000165461
-0.000140299
-0.000111299
-7.87319e-05
-4.33706e-05
-6.83372e-06
3.00572e-05
6.71917e-05
0.000105057
0.000145014
0.000189494
0.000242714
0.000311817
0.000409144
0.000556813
0.000797083
0.00121797
0.00315259
0.0033114
0.00378915
0.00420417
0.00442378
0.00441867
0.0042397
0.00397423
0.00369929
0.00346344
0.00328878
0.00317057
0.00308881
0.00301945
0.00294998
0.00287592
0.00280602
0.00274174
0.00268027
0.00261598
0.00255012
0.00248352
0.00241381
0.00234775
0.00228272
0.00222932
0.00217571
0.00212548
0.0020679
0.00201314
0.00196246
0.00190182
0.00185654
0.00177645
0.00168029
0.00157514
0.00145297
0.0012894
0.00109793
0.000977645
0.000832752
0.000746224
0.000753921
0.000696658
0.000699471
0.000527704
-4.75305e-05
-0.000407637
-0.000375696
-0.000545474
-0.0010062
-0.00142876
-0.00183308
-0.00232886
-0.00292071
-0.0035958
-0.00432481
-0.00506661
-0.00571661
-0.00614871
-0.00618308
-0.00569905
-0.00489535
-0.00398237
-0.00318097
-0.0027584
-0.00266064
-0.00258348
-0.00239474
-0.00219513
-0.00203982
-0.00187535
-0.00167646
-0.00147739
-0.00130821
-0.00117201
-0.00105777
-0.000953948
-0.000852519
-0.000750038
-0.000645278
-0.000538416
-0.000428899
-0.000317291
-0.000202066
-8.46135e-05
3.81168e-05
0.000162934
0.000295089
0.00042921
0.000571997
0.000718666
0.000871622
0.00103606
0.00119881
0.00138452
0.00156705
0.00177006
0.00200187
0.00225766
0.00247149
0.00258912
0.00310805
0.00363195
0.00398663
0.00412581
0.00406776
0.00388178
0.00364493
0.00341484
0.00322445
0.00308638
0.00299751
0.00293669
0.00288584
0.00282961
0.00276966
0.00270783
0.00264611
0.00258088
0.00251741
0.00245614
0.00238932
0.00232246
0.00225527
0.002203
0.00215075
0.00210202
0.00204397
0.00198934
0.00193748
0.00187578
0.00183128
0.00174988
0.00165436
0.00155014
0.00143076
0.00126939
0.00108187
0.000968926
0.0008193
0.00073337
0.000738486
0.000670442
0.000674117
0.000502357
-6.941e-05
-0.000419472
-0.000381549
-0.000554033
-0.00101937
-0.00144077
-0.00183944
-0.00232966
-0.00291302
-0.00357833
-0.00430042
-0.00503386
-0.00567501
-0.00610574
-0.00614882
-0.00567402
-0.00487888
-0.00397546
-0.00317682
-0.00275371
-0.00265655
-0.00258202
-0.0023933
-0.00219231
-0.00203635
-0.00187399
-0.00167748
-0.00147926
-0.00130939
-0.00117223
-0.0010574
-0.000953367
-0.000852057
-0.000749792
-0.000645187
-0.000538396
-0.000428897
-0.000317291
-0.000202065
-8.46147e-05
3.81182e-05
0.000162933
0.00029509
0.000429209
0.000571997
0.000718668
0.000871618
0.00103607
0.00119881
0.00138452
0.00156705
0.00177004
0.00200185
0.00225784
0.00234622
0.00248352
0.00303007
0.00358496
0.00397015
0.0041367
0.00409952
0.00392482
0.00368946
0.0034524
0.00324864
0.00309428
0.00299223
0.00292707
0.00287955
0.00283113
0.00277548
0.00271326
0.00264851
0.0025793
0.0025116
0.00244936
0.0023827
0.00231118
0.00223779
0.00217889
0.00212541
0.00207724
0.00201959
0.0019591
0.00190238
0.00183946
0.00178397
0.00169949
0.00160946
0.00150267
0.00138083
0.00123798
0.00107161
0.000960964
0.000823891
0.00072973
0.000716577
0.000625222
0.000577898
0.000413142
-7.17457e-05
-0.000392263
-0.000411802
-0.000612844
-0.00104692
-0.00145167
-0.00184305
-0.00232868
-0.00289932
-0.00353798
-0.00422806
-0.00492347
-0.00552617
-0.00593832
-0.00599512
-0.00556559
-0.00482496
-0.00396437
-0.00319089
-0.00277314
-0.00266714
-0.00258242
-0.00239185
-0.0021931
-0.00203892
-0.00187478
-0.00167675
-0.0014785
-0.00130973
-0.00117341
-0.00105879
-0.000954654
-0.000852918
-0.000750215
-0.000645331
-0.000538423
-0.000428895
-0.000317287
-0.000202061
-8.46116e-05
3.81214e-05
0.000162935
0.000295093
0.00042921
0.000571999
0.000718666
0.00087162
0.00103606
0.00119881
0.00138451
0.00156704
0.00176999
0.00200173
0.00225797
0.00205682
0.00216953
0.00269417
0.00324131
0.00363433
0.00382446
0.00382233
0.00368639
0.00348767
0.00328107
0.00309961
0.00295668
0.00285746
0.00279313
0.00275057
0.00271256
0.00267051
0.00262029
0.00256523
0.00250326
0.00243696
0.00237582
0.00231411
0.00225033
0.00217882
0.00211895
0.00206527
0.00202066
0.00196695
0.00190635
0.00184869
0.00178237
0.00172872
0.00164678
0.00155873
0.00145385
0.00133938
0.00121347
0.00105363
0.000947443
0.000814974
0.000706294
0.000680152
0.000571942
0.000499073
0.000363595
-6.80188e-05
-0.000392449
-0.000452092
-0.000654658
-0.00106402
-0.00146088
-0.00185044
-0.00232531
-0.00287617
-0.00348443
-0.00414387
-0.00480528
-0.00537399
-0.00577163
-0.0058485
-0.00546196
-0.00476469
-0.00394478
-0.0031951
-0.00277814
-0.00266265
-0.0025749
-0.00238533
-0.00218567
-0.00203007
-0.00186782
-0.00167534
-0.00148098
-0.00131291
-0.00117548
-0.00105965
-0.000954494
-0.000852517
-0.000749955
-0.000645239
-0.000538409
-0.00042889
-0.000317282
-0.000202054
-8.46065e-05
3.81265e-05
0.000162938
0.000295096
0.000429212
0.000572001
0.000718666
0.000871621
0.00103606
0.00119881
0.00138449
0.00156703
0.00176993
0.0020016
0.00225813
0.00188953
0.0020126
0.00255319
0.00311906
0.00353244
0.00374389
0.00376252
0.0036448
0.00346037
0.00326415
0.00308898
0.00294887
0.00284849
0.00278219
0.0027389
0.00270381
0.00266749
0.00262256
0.00257032
0.00250921
0.00244091
0.00237364
0.00230883
0.00224549
0.00217461
0.0021095
0.00204937
0.002001
0.00194785
0.00188542
0.00182094
0.00175185
0.00169225
0.00160761
0.00152123
0.00141827
0.00130281
0.00118303
0.00103675
0.000931631
0.000804025
0.000693023
0.000649369
0.000534138
0.000439316
0.000300501
-8.67048e-05
-0.000392203
-0.000477904
-0.000694389
-0.00108732
-0.00147315
-0.00185302
-0.00231463
-0.00284912
-0.0034289
-0.00405442
-0.00467932
-0.00520943
-0.00558069
-0.00566226
-0.00531689
-0.00467764
-0.00391069
-0.00319614
-0.00278948
-0.00266718
-0.00257065
-0.0023803
-0.0021826
-0.00202707
-0.00186563
-0.00167329
-0.00148069
-0.00131444
-0.0011778
-0.00106191
-0.000956398
-0.000853727
-0.00075051
-0.000645399
-0.000538414
-0.000428871
-0.000317263
-0.000202039
-8.45942e-05
3.81366e-05
0.000162946
0.000295103
0.000429215
0.000572006
0.000718666
0.000871624
0.00103605
0.00119881
0.00138447
0.00156701
0.00176988
0.00200145
0.00225828
0.0017451
0.00185817
0.00238939
0.00294822
0.00335719
0.00356701
0.00358651
0.00347082
0.00328942
0.00309726
0.00292787
0.00279496
0.00270201
0.00264171
0.0026031
0.00257252
0.0025416
0.00250355
0.00245689
0.00240225
0.00233867
0.00227415
0.00221004
0.00215172
0.00208853
0.00202823
0.00197016
0.00192065
0.0018719
0.00181313
0.00175295
0.00168281
0.00162262
0.00154323
0.00146127
0.00136359
0.00125156
0.00114488
0.00100912
0.0009036
0.000784281
0.000664916
0.000605246
0.000486104
0.000364711
0.000229648
-0.000102966
-0.00039354
-0.000515447
-0.000741903
-0.00110946
-0.0014807
-0.00185632
-0.00230319
-0.00281868
-0.00336964
-0.0039594
-0.00454902
-0.00504331
-0.00539238
-0.00548958
-0.0051946
-0.00460861
-0.00388745
-0.00320166
-0.00279711
-0.00266402
-0.00256192
-0.00237279
-0.00217507
-0.00201818
-0.00185705
-0.0016706
-0.00148217
-0.00131746
-0.00118026
-0.00106315
-0.000956461
-0.000853409
-0.000750289
-0.000645334
-0.000538408
-0.000428856
-0.000317242
-0.000202017
-8.45764e-05
3.81519e-05
0.000162957
0.000295113
0.000429221
0.000572011
0.000718668
0.000871627
0.00103604
0.0011988
0.00138444
0.00156699
0.00176982
0.0020013
0.00225844
0.00164172
0.00175225
0.00227858
0.00282687
0.00322176
0.00341699
0.00342561
0.00330695
0.00313087
0.00295029
0.00279837
0.00268735
0.00261745
0.00257736
0.00255366
0.00253261
0.00250769
0.00247404
0.00243083
0.00237908
0.00231882
0.00225616
0.00219259
0.00213456
0.0020743
0.00201606
0.00195675
0.00190292
0.00184948
0.00178967
0.00172709
0.00165364
0.00158823
0.00150503
0.00142371
0.00132874
0.00121638
0.00111193
0.000984893
0.000881296
0.000764118
0.000641985
0.00057038
0.000446409
0.000312061
0.000179264
-0.000118689
-0.000401771
-0.000545231
-0.000774914
-0.00112436
-0.00148585
-0.00185547
-0.00228495
-0.00278112
-0.00330428
-0.00385855
-0.00441288
-0.0048741
-0.00520117
-0.00530261
-0.00504293
-0.00450832
-0.00383849
-0.00318989
-0.00279834
-0.00266115
-0.00255346
-0.00236429
-0.00216864
-0.00201276
-0.00185396
-0.0016679
-0.00148194
-0.00131891
-0.00118253
-0.00106522
-0.000958251
-0.000854556
-0.000750772
-0.000645405
-0.000538347
-0.000428795
-0.000317197
-0.000201983
-8.45494e-05
3.81737e-05
0.000162973
0.000295126
0.00042923
0.000572019
0.00071867
0.000871632
0.00103604
0.0011988
0.00138442
0.00156696
0.00176976
0.00200115
0.00225861
0.00162099
0.00175189
0.00229216
0.00283276
0.00320074
0.00335473
0.00331771
0.00316198
0.00296584
0.00278328
0.00263874
0.00253825
0.0024783
0.00244667
0.00242951
0.00241377
0.00239074
0.00235681
0.00231095
0.00225786
0.00219879
0.00214014
0.00208201
0.00202816
0.00197424
0.00192068
0.00186673
0.00181407
0.0017624
0.00170438
0.00164624
0.00157699
0.00151202
0.0014337
0.00135549
0.00126983
0.0011626
0.0010636
0.000947348
0.000844152
0.000730613
0.000607054
0.000520761
0.000396475
0.000251992
0.000111383
-0.000151282
-0.000418408
-0.00057971
-0.000814436
-0.00114715
-0.00149275
-0.00185498
-0.00226779
-0.00274153
-0.00323809
-0.00375648
-0.00427553
-0.00470678
-0.00501043
-0.00511628
-0.00490219
-0.00442631
-0.00380764
-0.00319152
-0.00280497
-0.00265855
-0.00254474
-0.002357
-0.00216201
-0.00200418
-0.00184473
-0.00166451
-0.00148268
-0.00132166
-0.00118499
-0.0010667
-0.000958541
-0.000854365
-0.000750629
-0.000645396
-0.000538356
-0.000428768
-0.000317153
-0.000201939
-8.45129e-05
3.82033e-05
0.000162996
0.000295144
0.000429243
0.00057203
0.000718674
0.000871637
0.00103603
0.0011988
0.00138439
0.00156693
0.00176969
0.002001
0.00225878
0.00155576
0.00161775
0.00207706
0.00254552
0.00286563
0.00300419
0.00298688
0.00287631
0.00273539
0.00260473
0.00250281
0.00243288
0.00239
0.00236389
0.00234493
0.00232626
0.00230277
0.00227192
0.00223234
0.00218741
0.00213797
0.00208847
0.00203839
0.00199015
0.00194005
0.00188927
0.00183644
0.0017834
0.00172946
0.00166866
0.00160918
0.00153908
0.00147219
0.00139274
0.00131124
0.00122815
0.00112394
0.00102513
0.000913015
0.000811709
0.000701515
0.000576063
0.000481369
0.000357203
0.000205761
6.23306e-05
-0.000171495
-0.000429309
-0.000607449
-0.000842401
-0.00115946
-0.00149198
-0.00184657
-0.00224251
-0.00269253
-0.00316288
-0.00364702
-0.00413128
-0.00453376
-0.00481614
-0.00492382
-0.00474462
-0.00431746
-0.00374682
-0.00316785
-0.00279638
-0.00264826
-0.00253092
-0.00234408
-0.00215128
-0.0019961
-0.00184
-0.00166087
-0.00148181
-0.00132259
-0.00118673
-0.00106839
-0.000959966
-0.000855258
-0.000750916
-0.000645307
-0.000538182
-0.000428638
-0.000317066
-0.000201875
-8.44633e-05
3.82426e-05
0.000163026
0.000295168
0.000429259
0.000572043
0.00071868
0.000871644
0.00103602
0.00119879
0.00138436
0.00156689
0.00176963
0.00200084
0.00225895
0.0035301
0.00346401
0.00299124
0.00249831
0.00214486
0.00196675
0.001945
0.00202055
0.00213019
0.00222903
0.00229491
0.00232158
0.0023145
0.00228533
0.00224556
0.00220221
0.00215881
0.002118
0.00207968
0.00204398
0.00200811
0.00197081
0.00193045
0.0018881
0.00184264
0.00179495
0.00174494
0.00169363
0.00164103
0.00158195
0.00152391
0.00145921
0.00139477
0.00132105
0.00124201
0.00116371
0.00106814
0.000973316
0.000866782
0.000766963
0.000659997
0.000534404
0.000430556
0.00030482
0.000152225
2.57291e-06
-0.000211577
-0.000454779
-0.000642259
-0.000873761
-0.00117735
-0.00149562
-0.00183885
-0.00221902
-0.00264379
-0.00308767
-0.00353925
-0.00398807
-0.00436399
-0.00462734
-0.00473359
-0.00458947
-0.00421892
-0.00370318
-0.00316145
-0.00279855
-0.00264386
-0.00252145
-0.00233659
-0.0021456
-0.00198725
-0.00183074
-0.00165695
-0.00148214
-0.00132511
-0.00118931
-0.00106999
-0.000960605
-0.000855318
-0.000750931
-0.000645389
-0.000538227
-0.0004286
-0.00031699
-0.0002018
-8.44003e-05
3.82932e-05
0.000163065
0.000295198
0.000429281
0.00057206
0.000718689
0.000871651
0.00103602
0.00119878
0.00138433
0.00156684
0.00176956
0.00200069
0.00225913
0.00346409
0.00332837
0.0027719
0.00220471
0.00180282
0.00161085
0.00161046
0.00173187
0.00189675
0.00204788
0.00215566
0.00221034
0.00221633
0.00218787
0.00214136
0.00209026
0.00204201
0.0020006
0.00196573
0.00193664
0.00190958
0.00188218
0.00185097
0.00181659
0.0017773
0.00173428
0.00168755
0.00163764
0.00158611
0.00152706
0.00146818
0.00140454
0.00134041
0.00126836
0.0011888
0.00111074
0.001019
0.000926296
0.000823129
0.000722152
0.000619701
0.000496018
0.00038543
0.00026186
0.00011018
-4.3049e-05
-0.00024023
-0.000469242
-0.000666792
-0.000896293
-0.00118609
-0.00149213
-0.00182204
-0.00218625
-0.00258578
-0.0030021
-0.00342398
-0.00383838
-0.00418852
-0.00443468
-0.00453748
-0.00442309
-0.00410179
-0.00363314
-0.00312718
-0.00277986
-0.00262553
-0.00250153
-0.00231855
-0.0021302
-0.00197565
-0.00182237
-0.00165134
-0.00147984
-0.00132499
-0.00119024
-0.00107111
-0.000961432
-0.00085573
-0.000750857
-0.000645033
-0.000537868
-0.000428362
-0.00031684
-0.000201692
-8.43176e-05
3.8358e-05
0.000163115
0.000295237
0.000429309
0.000572082
0.000718701
0.00087166
0.00103601
0.00119877
0.0013843
0.00156679
0.00176949
0.00200053
0.00225931
0.003496
0.00338366
0.00284231
0.00226649
0.00183401
0.00159366
0.00153744
0.00161013
0.00174283
0.00188002
0.00198854
0.00205375
0.00207386
0.00205786
0.00201969
0.00197308
0.00192709
0.00188686
0.00185274
0.00182427
0.00179838
0.00177365
0.00174673
0.00171721
0.00168272
0.00164374
0.00160043
0.0015531
0.00150365
0.00144715
0.00138911
0.0013278
0.00126604
0.00119743
0.00112119
0.00104551
0.000959248
0.000870538
0.000773284
0.000672415
0.000572374
0.000451674
0.000335369
0.000210989
6.08297e-05
-9.4207e-05
-0.00028174
-0.000497005
-0.000697952
-0.000921456
-0.00119567
-0.00148989
-0.00180481
-0.00215346
-0.00252858
-0.00291652
-0.00331027
-0.00369147
-0.00401626
-0.00424789
-0.00434741
-0.00425832
-0.00398699
-0.00357303
-0.00310807
-0.00277387
-0.00261664
-0.00248978
-0.00230989
-0.00212428
-0.0019678
-0.00181448
-0.00164766
-0.00147993
-0.00132732
-0.00119281
-0.0010729
-0.000962339
-0.00085607
-0.000751116
-0.00064526
-0.000537973
-0.000428314
-0.000316722
-0.000201572
-8.42164e-05
3.84387e-05
0.000163177
0.000295285
0.000429344
0.000572108
0.000718716
0.000871671
0.00103601
0.00119876
0.00138427
0.00156672
0.00176942
0.00200038
0.00225948
0.00344761
0.00332536
0.00276902
0.00217462
0.00172224
0.00146197
0.00138741
0.00144557
0.00156919
0.00170351
0.00181504
0.00188845
0.00191989
0.00191565
0.00188727
0.0018477
0.00180605
0.0017682
0.00173527
0.00170773
0.0016835
0.0016617
0.00163926
0.00161466
0.00158575
0.00155155
0.00151289
0.0014692
0.0014229
0.00136985
0.0013137
0.00125455
0.0011946
0.0011291
0.00105583
0.000981508
0.00089926
0.000811902
0.000719018
0.000619173
0.000519453
0.000404501
0.000285444
0.000162389
1.69304e-05
-0.000136974
-0.00031622
-0.000518354
-0.000718715
-0.000939982
-0.00119988
-0.00148299
-0.00178209
-0.00211199
-0.00246449
-0.00282295
-0.00319054
-0.00354151
-0.00383962
-0.00405887
-0.00415452
-0.00408523
-0.00385997
-0.00349468
-0.00306513
-0.00274582
-0.00259021
-0.00246353
-0.00228651
-0.0021042
-0.00195139
-0.00180205
-0.00163862
-0.00147545
-0.00132555
-0.0011925
-0.00107309
-0.000962476
-0.000855861
-0.000750511
-0.000644496
-0.000537335
-0.00042791
-0.000316476
-0.000201401
-8.40863e-05
3.85398e-05
0.000163255
0.000295344
0.000429387
0.00057214
0.000718736
0.000871684
0.00103601
0.00119874
0.00138424
0.00156665
0.00176935
0.00200023
0.00225966
0.00336529
0.00323816
0.0026757
0.00207569
0.00161871
0.00135507
0.00127793
0.00133373
0.00145485
0.00158688
0.00169689
0.00177008
0.00180261
0.00180024
0.00177369
0.0017355
0.00169489
0.00165809
0.00162655
0.00160052
0.00157795
0.00155768
0.00153735
0.00151525
0.00148967
0.00145888
0.00142371
0.00138312
0.0013396
0.00128973
0.00123616
0.00117846
0.00112015
0.00105711
0.000986991
0.000914108
0.000835473
0.000750826
0.000662334
0.000566443
0.000467099
0.000357329
0.000237286
0.0001151
-2.75113e-05
-0.000180435
-0.000353466
-0.000545746
-0.000741518
-0.000957966
-0.00120127
-0.00147132
-0.00175615
-0.00206703
-0.00239861
-0.00272825
-0.00306987
-0.00339364
-0.00366553
-0.00387303
-0.00396732
-0.00391441
-0.00373027
-0.00341671
-0.00302945
-0.00272756
-0.00257319
-0.00244695
-0.00227491
-0.00209664
-0.00194377
-0.00179511
-0.00163572
-0.0014754
-0.00132766
-0.00119503
-0.00107501
-0.000963616
-0.000856686
-0.000751045
-0.000644924
-0.000537529
-0.000427853
-0.000316302
-0.000201218
-8.39311e-05
3.86633e-05
0.000163351
0.000295417
0.000429441
0.00057218
0.000718761
0.000871699
0.00103601
0.00119872
0.00138421
0.00156658
0.00176927
0.00200009
0.00225984
0.0032749
0.00314659
0.00258153
0.00197872
0.00151912
0.00125312
0.00117366
0.00122689
0.00134501
0.00147387
0.00158099
0.00165216
0.00168387
0.00168166
0.00165578
0.00161817
0.00157811
0.00154194
0.00151167
0.00148724
0.00146662
0.00144797
0.00142947
0.00140937
0.00138653
0.00135901
0.00132707
0.00128969
0.00124894
0.00120256
0.00115195
0.00109654
0.0010403
0.00098019
0.000913946
0.000843359
0.000768133
0.000686691
0.000600354
0.000508864
0.000409506
0.000303574
0.000185592
6.40437e-05
-7.34195e-05
-0.000222722
-0.000388371
-0.00057215
-0.000759916
-0.000970283
-0.0012011
-0.00145728
-0.0017288
-0.00201761
-0.00232756
-0.00263103
-0.00294551
-0.00324633
-0.00349225
-0.00368644
-0.00378237
-0.00374231
-0.00359333
-0.00332853
-0.00297904
-0.00269172
-0.00253931
-0.00241473
-0.00224657
-0.00207202
-0.00192244
-0.00177769
-0.00162312
-0.00146763
-0.00132353
-0.00119289
-0.00107382
-0.00096277
-0.000855406
-0.000749677
-0.000643568
-0.000536485
-0.000427206
-0.000315915
-0.000200956
-8.37336e-05
3.88158e-05
0.000163468
0.000295507
0.000429507
0.000572228
0.000718793
0.000871718
0.00103601
0.0011987
0.00138418
0.0015665
0.00176919
0.00199995
0.00226001
0.00317814
0.00304987
0.00248383
0.00187918
0.00141727
0.0011489
0.00106725
0.00111854
0.0012348
0.00136179
0.0014671
0.00153678
0.00156775
0.00156558
0.00154035
0.00150346
0.00146401
0.00142827
0.00139881
0.00137561
0.00135685
0.00134
0.00132336
0.00130495
0.00128423
0.00125916
0.00123002
0.0011953
0.00115712
0.00111352
0.00106605
0.00101345
0.000959274
0.000902099
0.000839069
0.00077126
0.000698367
0.000620476
0.000536243
0.000449278
0.000352144
0.000250036
0.000135801
1.61747e-05
-0.000115522
-0.000261746
-0.000420661
-0.000597492
-0.00077712
-0.000979711
-0.00119748
-0.00143675
-0.00169574
-0.00196366
-0.00225259
-0.00253196
-0.00281915
-0.0030988
-0.00332109
-0.00350104
-0.00359936
-0.00357148
-0.00345232
-0.0032335
-0.00292518
-0.00265803
-0.00251038
-0.00238999
-0.00222943
-0.00206088
-0.00191353
-0.00177093
-0.00161977
-0.00146794
-0.00132545
-0.00119535
-0.00107577
-0.000963944
-0.000856548
-0.000750579
-0.000644252
-0.000536794
-0.00042714
-0.000315664
-0.000200684
-8.35025e-05
3.89994e-05
0.000163611
0.000295615
0.000429588
0.000572286
0.000718832
0.00087174
0.00103601
0.00119868
0.00138415
0.00156641
0.00176911
0.00199981
0.00226019
0.00307973
0.0029509
0.00238346
0.00177706
0.00131327
0.00104305
0.000959771
0.00100975
0.00112502
0.0012512
0.00135582
0.00142487
0.00145542
0.00145311
0.00142809
0.00139153
0.00135242
0.00131683
0.00128766
0.00126511
0.00124761
0.00123236
0.00121731
0.00120037
0.00118109
0.0011579
0.00113107
0.00109892
0.001063
0.00102193
0.000977214
0.00092758
0.000875448
0.000820843
0.000760872
0.000696402
0.000626173
0.000552194
0.000470645
0.0003869
0.000293827
0.000194419
8.48379e-05
-3.26168e-05
-0.000159373
-0.00030054
-0.00045239
-0.000621556
-0.000792311
-0.000983598
-0.00119078
-0.00141423
-0.00165987
-0.00190816
-0.00217359
-0.00243191
-0.00269265
-0.00295249
-0.00315514
-0.00331849
-0.00341993
-0.00340379
-0.00330773
-0.00313204
-0.002865
-0.00261536
-0.00246988
-0.00235234
-0.00219689
-0.00203223
-0.00188766
-0.00174866
-0.00160254
-0.00145599
-0.00131787
-0.00119056
-0.00107276
-0.000961369
-0.00085398
-0.00074812
-0.000642078
-0.000535187
-0.000426147
-0.000315077
-0.000200293
-8.32106e-05
3.92239e-05
0.000163784
0.000295745
0.000429686
0.000572356
0.00071888
0.000871767
0.00103602
0.00119866
0.00138412
0.00156631
0.00176903
0.00199969
0.00226035
0.00297653
0.00284776
0.00228005
0.00167295
0.0012082
0.000936872
0.000852572
0.000901761
0.00101653
0.00114237
0.00124671
0.00131542
0.00134563
0.00134302
0.00131794
0.00128144
0.00124253
0.00120702
0.00117797
0.00115567
0.00113891
0.00112481
0.00111119
0.00109562
0.00107766
0.00105599
0.00103093
0.00100102
0.000967098
0.000928523
0.000886105
0.000839642
0.000789482
0.000737557
0.000680532
0.000619619
0.000552366
0.000481724
0.000403563
0.000322519
0.000234125
0.00013784
3.33899e-05
-8.08359e-05
-0.000201775
-0.000336778
-0.000481319
-0.000642256
-0.000805436
-0.000984835
-0.00118168
-0.00138774
-0.00161842
-0.00184968
-0.00209137
-0.00233058
-0.00256641
-0.00280572
-0.00299221
-0.00313907
-0.00324166
-0.003238
-0.00316149
-0.00302331
-0.00279615
-0.00256723
-0.00242692
-0.00231625
-0.00217134
-0.0020151
-0.00187531
-0.00174041
-0.00159876
-0.00145585
-0.00131978
-0.00119314
-0.00107492
-0.000963332
-0.000855588
-0.000749448
-0.000643049
-0.000535621
-0.000426059
-0.000314719
-0.0001999
-8.2874e-05
3.94911e-05
0.000163991
0.000295902
0.000429804
0.000572439
0.000718938
0.000871799
0.00103604
0.00119863
0.00138409
0.00156621
0.00176894
0.00199958
0.00226052
0.00287253
0.00274366
0.00217581
0.00156845
0.00110328
0.000831369
0.000746379
0.000794862
0.000909025
0.00103436
0.00113837
0.00120683
0.00123687
0.00123409
0.00120892
0.0011724
0.00113357
0.00109817
0.00106923
0.00104709
0.00103074
0.00101749
0.00100505
0.000990881
0.000974149
0.000953758
0.000930016
0.000902069
0.000870177
0.000834064
0.000793927
0.00075025
0.000702498
0.000652951
0.00059895
0.000541299
0.000477493
0.000409933
0.000335865
0.000257534
0.000173712
8.17546e-05
-1.77232e-05
-0.000127054
-0.000243036
-0.000371486
-0.000508624
-0.000660777
-0.000815894
-0.000982167
-0.00116744
-0.00135893
-0.00157354
-0.00178899
-0.0020072
-0.00222799
-0.00244196
-0.00265986
-0.00283362
-0.00296529
-0.00306609
-0.00307608
-0.00301547
-0.00290799
-0.00272049
-0.00251475
-0.00237926
-0.00227293
-0.00213498
-0.00198315
-0.0018456
-0.00171376
-0.00157678
-0.00143924
-0.00130788
-0.00118467
-0.00106874
-0.000958254
-0.000851166
-0.000745536
-0.000639797
-0.000533263
-0.000424592
-0.00031385
-0.000199329
-8.2451e-05
3.98153e-05
0.000164241
0.00029609
0.000429945
0.000572539
0.000719009
0.000871837
0.00103605
0.0011986
0.00138406
0.00156611
0.00176885
0.00199947
0.00226067
0.00276881
0.0026394
0.00207116
0.0014635
0.000998072
0.000725794
0.000640312
0.000688195
0.000801791
0.000926659
0.00103039
0.00109873
0.0011288
0.00112607
0.00110097
0.0010645
0.00102578
0.000990539
0.000961747
0.000939809
0.000923747
0.000911145
0.000899623
0.00088673
0.000871157
0.000852099
0.000829499
0.000803294
0.00077314
0.000739322
0.000701361
0.000660296
0.000615185
0.000567835
0.000516763
0.000462035
0.000402062
0.000337521
0.000267794
0.000192746
0.000113382
2.61746e-05
-6.81888e-05
-0.000172053
-0.000282991
-0.000404233
-0.000533607
-0.000675571
-0.000822779
-0.000977007
-0.00115012
-0.00132819
-0.00152513
-0.00172546
-0.00192196
-0.00212486
-0.00232003
-0.00251596
-0.0026784
-0.00279737
-0.00289358
-0.00291643
-0.00287029
-0.00278773
-0.00263775
-0.00245613
-0.00232526
-0.00222489
-0.00209872
-0.00195775
-0.00182745
-0.0017019
-0.00157091
-0.00143787
-0.00130916
-0.00118705
-0.00107126
-0.000960619
-0.000853234
-0.000747271
-0.000641031
-0.000533797
-0.000424454
-0.000313344
-0.000198768
-8.19692e-05
4.01976e-05
0.000164537
0.000296314
0.000430113
0.000572659
0.000719094
0.000871883
0.00103608
0.00119857
0.00138403
0.00156601
0.00176876
0.00199938
0.00226082
0.00266604
0.00253555
0.00196642
0.00135822
0.000892547
0.000620157
0.00053455
0.000582205
0.000695488
0.000820019
0.000923481
0.0009917
0.00102182
0.00101925
0.000994345
0.000958044
0.000919441
0.000884322
0.000855677
0.000833982
0.000818225
0.000806142
0.000795349
0.000783538
0.000769157
0.000751397
0.000729956
0.000705085
0.000676508
0.000644671
0.000608975
0.000570282
0.00052786
0.000482808
0.000434562
0.000382821
0.000326582
0.000265524
0.000199969
0.000128926
5.35332e-05
-2.85478e-05
-0.000117637
-0.000215386
-0.00032037
-0.00043459
-0.000556111
-0.000688228
-0.000826605
-0.000969292
-0.001129
-0.00129463
-0.00147498
-0.00165958
-0.00183645
-0.00202168
-0.00220067
-0.00237531
-0.00252614
-0.00263597
-0.00272571
-0.00275909
-0.00272721
-0.0026645
-0.00254748
-0.00239121
-0.00226772
-0.00217351
-0.0020573
-0.00192265
-0.0017946
-0.0016715
-0.00154464
-0.0014166
-0.00129262
-0.00117439
-0.0010614
-0.000952607
-0.000846462
-0.000741536
-0.000636426
-0.000530482
-0.000422357
-0.000312088
-0.000197948
-8.13663e-05
4.06583e-05
0.000164891
0.00029658
0.000430314
0.0005728
0.000719196
0.000871938
0.00103611
0.00119855
0.001384
0.00156591
0.00176866
0.0019993
0.00226096
0.00256525
0.00243332
0.00186272
0.00125356
0.000787443
0.000515024
0.000429583
0.000477362
0.000590617
0.000714968
0.000818184
0.000886221
0.000916302
0.000913881
0.000889196
0.000853153
0.000814751
0.000779844
0.000751389
0.000729972
0.000714516
0.000702914
0.000692748
0.000681882
0.000668598
0.000652082
0.000631846
0.000608251
0.000581179
0.000551082
0.000517579
0.000481109
0.000441402
0.000398775
0.000353327
0.000304417
0.000251802
0.000194394
0.000132875
6.61465e-05
-4.94225e-06
-8.16518e-05
-0.000165201
-0.000256435
-0.000355642
-0.000462705
-0.000576408
-0.000698142
-0.000826429
-0.000958965
-0.00110506
-0.001259
-0.0014235
-0.00159165
-0.00175126
-0.00191915
-0.00208403
-0.00223899
-0.00237749
-0.00248111
-0.00256331
-0.00260427
-0.00258684
-0.00253932
-0.00245038
-0.00232072
-0.00220635
-0.00211637
-0.00201091
-0.00188761
-0.00176874
-0.00165385
-0.00153464
-0.00141248
-0.0012922
-0.00117588
-0.00106368
-0.000955063
-0.000848791
-0.000743523
-0.000637807
-0.000531031
-0.000422104
-0.000311377
-0.000197162
-8.06878e-05
4.1197e-05
0.000165309
0.000296895
0.000430551
0.000572968
0.000719317
0.000872005
0.00103615
0.00119852
0.00138397
0.0015658
0.00176856
0.00199923
0.00226109
0.0024665
0.00233314
0.00176074
0.00115024
0.000683412
0.000410856
0.00032566
0.00037379
0.000487289
0.000611704
0.000714823
0.000782703
0.000812675
0.000810298
0.00078581
0.000750077
0.000711999
0.000677392
0.000649196
0.00062806
0.000612952
0.000601824
0.000592293
0.000582248
0.000570007
0.000554676
0.000535747
0.00051344
0.000487813
0.000459321
0.000427816
0.000393553
0.000356358
0.00031632
0.000273513
0.000227583
0.000178357
0.000124819
6.74319e-05
5.28845e-06
-6.10966e-05
-0.000132767
-0.00021065
-0.000295729
-0.000388409
-0.000487869
-0.000593733
-0.000705491
-0.000823464
-0.00094594
-0.00107896
-0.0012211
-0.00137106
-0.00152285
-0.00166669
-0.00181858
-0.00196991
-0.00210761
-0.00223345
-0.00233172
-0.0024076
-0.00245321
-0.00244856
-0.00241402
-0.00234863
-0.00224395
-0.00214014
-0.00205587
-0.00196138
-0.00184793
-0.00173295
-0.0016203
-0.00150464
-0.0013869
-0.00127107
-0.00115877
-0.00104982
-0.000943654
-0.000839261
-0.000735639
-0.000631589
-0.000526548
-0.000419204
-0.000309597
-0.000195995
-7.98379e-05
4.18431e-05
0.000165805
0.000297268
0.000430832
0.000573167
0.000719461
0.000872084
0.0010362
0.0011985
0.00138394
0.0015657
0.00176846
0.00199917
0.00226121
0.00236933
0.00223493
0.0016609
0.00104905
0.0005814
0.000308562
0.000223526
0.000272034
0.000385911
0.000510588
0.000613806
0.000681663
0.00071156
0.000709178
0.000684808
0.000649343
0.000611612
0.000577388
0.000549555
0.000528786
0.000514079
0.000503442
0.00049454
0.000485278
0.000474031
0.00045983
0.000442203
0.000421202
0.00039705
0.000370095
0.000340491
0.000308329
0.000273575
0.000236162
0.000196105
0.000153186
0.000107225
5.75806e-05
4.26165e-06
-5.32672e-05
-0.000114939
-0.000181447
-0.000253612
-0.000332262
-0.000418224
-0.000510373
-0.000608305
-0.000710512
-0.000817559
-0.000930236
-0.00105113
-0.00118154
-0.00131825
-0.00145371
-0.00158356
-0.00172073
-0.00185846
-0.00198181
-0.0020947
-0.00218798
-0.0022592
-0.00230585
-0.00231262
-0.00229019
-0.00224242
-0.00216064
-0.00207054
-0.00199225
-0.00190634
-0.00180394
-0.00169846
-0.00159517
-0.00148858
-0.00137825
-0.0012675
-0.00115827
-0.00105099
-0.000945592
-0.000841389
-0.000737528
-0.000632861
-0.000526933
-0.00041872
-0.000308603
-0.000194922
-7.89071e-05
4.2586e-05
0.000166382
0.000297703
0.000431159
0.000573398
0.000719628
0.000872179
0.00103626
0.00119849
0.00138391
0.0015656
0.00176835
0.00199912
0.00226133
0.00227361
0.00213868
0.00156346
0.00095051
0.000482086
0.000208901
0.000123912
0.000172716
0.000286964
0.00041197
0.000515415
0.00058339
0.000613324
0.000610973
0.000586702
0.000551452
0.000514056
0.000480252
0.000452879
0.000432576
0.000418358
0.000408265
0.000400022
0.000391554
0.000381274
0.000368189
0.00035184
0.000332219
0.000309559
0.000284214
0.00025642
0.000226325
0.000193904
0.000159098
0.000121795
8.18637e-05
3.91586e-05
-6.74613e-06
-5.59249e-05
-0.000108891
-0.000165613
-0.000226925
-0.00029339
-0.000365915
-0.000445264
-0.000529889
-0.000619821
-0.00071267
-0.000809396
-0.000912208
-0.00102179
-0.00114112
-0.00126496
-0.00138491
-0.00150193
-0.00162608
-0.00175081
-0.00186141
-0.00196266
-0.00205057
-0.00211756
-0.00216426
-0.00218024
-0.00216785
-0.00213428
-0.00207315
-0.00199693
-0.00192486
-0.00184839
-0.00175721
-0.00165883
-0.00155877
-0.00145538
-0.00134892
-0.0012422
-0.00113686
-0.00103306
-0.000930602
-0.000828884
-0.000727284
-0.000624834
-0.000521096
-0.000414836
-0.00030613
-0.000193268
-7.77031e-05
4.34969e-05
0.00016708
0.000298229
0.000431556
0.000573681
0.000719833
0.000872298
0.00103634
0.00119848
0.00138389
0.00156551
0.00176825
0.00199908
0.00226143
0.00217919
0.00204421
0.00146835
0.000854663
0.000385656
0.000112133
2.70866e-05
7.60583e-05
0.000190594
0.000315917
0.000419645
0.00048784
0.000517924
0.000515689
0.000491553
0.000456515
0.00041943
0.000386039
0.000359154
0.000339386
0.000325743
0.000316274
0.000308746
0.000301101
0.000291802
0.000279837
0.000264784
0.000246571
0.000225462
0.000201772
0.000175811
0.000147765
0.00011762
8.5376e-05
5.08109e-05
1.39183e-05
-2.55651e-05
-6.77631e-05
-0.000112891
-0.000161322
-0.00021315
-0.000269292
-0.000330126
-0.000396683
-0.000469263
-0.000546702
-0.000628586
-0.000712372
-0.000799341
-0.000892216
-0.000991684
-0.00110042
-0.00121168
-0.00131698
-0.00142222
-0.00153493
-0.00164632
-0.00174555
-0.00183685
-0.00191832
-0.00198229
-0.00202825
-0.00205018
-0.00204762
-0.00202594
-0.00198077
-0.00191883
-0.00185518
-0.00178694
-0.00170542
-0.0016162
-0.00152547
-0.00143186
-0.00133404
-0.00123384
-0.00113293
-0.00103192
-0.000931048
-0.000830037
-0.000728482
-0.000625561
-0.000521018
-0.000413937
-0.000304753
-0.00019185
-7.64808e-05
4.44739e-05
0.000167838
0.000298799
0.000431983
0.000573983
0.000720051
0.000872424
0.00103642
0.00119848
0.00138386
0.00156543
0.00176814
0.00199905
0.00226152
0.00208808
0.0019533
0.00137719
0.000763128
0.000293779
2.00389e-05
-6.50406e-05
-1.59253e-05
9.88797e-05
0.000224533
0.000328602
0.000397111
0.000427464
0.000425458
0.00040154
0.00036675
0.000329976
0.000296984
0.000270579
0.000251367
0.000238333
0.000229529
0.000222726
0.000215902
0.000207539
0.000196653
0.000182828
0.000165982
0.000146388
0.000124332
0.000100185
7.41101e-05
4.6191e-05
1.63903e-05
-1.54762e-05
-4.94394e-05
-8.57712e-05
-0.000124425
-0.000165702
-0.000209764
-0.000256924
-0.000308033
-0.000363499
-0.000424433
-0.00049069
-0.000561261
-0.000635208
-0.000710223
-0.000788113
-0.000871645
-0.000962036
-0.00106093
-0.00115951
-0.00125155
-0.0013469
-0.00144892
-0.00154777
-0.00163687
-0.00171931
-0.00179452
-0.00185512
-0.00189953
-0.00192586
-0.00193108
-0.00191807
-0.00188658
-0.00183842
-0.00178307
-0.00172254
-0.00165155
-0.00157124
-0.00148597
-0.00139588
-0.00130157
-0.00120502
-0.00110777
-0.00101028
-0.00091265
-0.000814609
-0.00071585
-0.000615642
-0.000513701
-0.000408902
-0.000301398
-0.000189529
-7.47737e-05
4.57672e-05
0.000168829
0.000299548
0.000432549
0.000574389
0.000720346
0.000872605
0.00103653
0.0011985
0.00138385
0.00156536
0.00176805
0.00199903
0.0022616
0.00199352
0.0018592
0.00128327
0.000669255
0.000199935
-7.37261e-05
-0.000158617
-0.000109177
6.08155e-06
0.000132286
0.000236977
0.000306152
0.000337194
0.000335885
0.000312677
0.000278621
0.000242631
0.000210486
0.000185007
0.000166801
0.000154838
0.000147164
0.000141537
0.000135955
0.000128902
0.000119434
0.000107122
9.19066e-05
7.40374e-05
5.38102e-05
3.16e-05
7.57838e-06
-1.81028e-05
-4.55119e-05
-7.47367e-05
-0.000105862
-0.000139061
-0.000174259
-0.000211741
-0.000251523
-0.000294163
-0.000340358
-0.000390757
-0.000446403
-0.000506655
-0.00057075
-0.00063695
-0.000703536
-0.000773053
-0.000847954
-0.000930554
-0.00101988
-0.00110568
-0.00118655
-0.0012733
-0.0013652
-0.00145232
-0.0015319
-0.00160698
-0.00167573
-0.0017325
-0.0017762
-0.00180507
-0.0018162
-0.00181163
-0.00179102
-0.00175431
-0.00170845
-0.00165612
-0.00159375
-0.00152208
-0.00144512
-0.00136448
-0.00127946
-0.00119055
-0.00109898
-0.00100546
-0.000910376
-0.000813757
-0.00071554
-0.000615212
-0.000512734
-0.000407327
-0.0002995
-0.000187696
-7.32129e-05
4.70126e-05
0.000169793
0.000300273
0.000433089
0.000574772
0.000720619
0.000872767
0.00103663
0.00119851
0.00138382
0.00156528
0.00176795
0.00199901
0.00226168
0.00190305
0.00176854
0.00119224
0.000577816
0.000108143
-0.000165785
-0.000250822
-0.000201396
-8.60306e-05
4.03756e-05
0.000145338
0.000214832
0.000246229
0.000245297
0.000222492
0.000188873
0.000153375
0.000121795
9.6976e-05
7.95311e-05
6.84333e-05
6.17251e-05
5.71584e-05
5.27445e-05
4.69676e-05
3.89082e-05
2.8126e-05
1.45878e-05
-1.48472e-06
-1.97679e-05
-3.9903e-05
-6.16967e-05
-8.49815e-05
-0.000109834
-0.000136262
-0.000164393
-0.000194265
-0.000225859
-0.000259356
-0.000294772
-0.000332812
-0.000374072
-0.000419558
-0.000469911
-0.000524342
-0.000581894
-0.000640146
-0.000698728
-0.000760379
-0.000827583
-0.000902953
-0.0009821
-0.00105575
-0.00112751
-0.0012065
-0.00128819
-0.00136453
-0.001436
-0.00150417
-0.00156653
-0.00161955
-0.00166154
-0.00169131
-0.00170716
-0.00170864
-0.00169604
-0.00166986
-0.00163301
-0.00158792
-0.0015341
-0.00147164
-0.00140186
-0.00132583
-0.00124432
-0.00115889
-0.0010708
-0.00098076
-0.000889087
-0.000795758
-0.000700723
-0.000603478
-0.000503907
-0.000401024
-0.00029509
-0.00018453
-7.08504e-05
4.88118e-05
0.000171173
0.00030132
0.000433881
0.000575346
0.000721036
0.000873035
0.00103681
0.00119857
0.00138383
0.00156524
0.00176786
0.001999
0.00226174
0.00183417
0.00170099
0.00112585
0.000512443
4.37036e-05
-0.000229349
-0.000313543
-0.000263283
-0.000147094
-1.98811e-05
8.58588e-05
0.000156094
0.00018819
0.000187915
0.000165734
0.000132717
9.78169e-05
6.68359e-05
4.26256e-05
2.57879e-05
1.52964e-05
9.17598e-06
5.18519e-06
1.33106e-06
-3.88595e-06
-1.13696e-05
-2.15433e-05
-3.43985e-05
-4.97167e-05
-6.71173e-05
-8.62707e-05
-0.000106915
-0.000128922
-0.000152302
-0.000177035
-0.00020323
-0.000230787
-0.000259781
-0.000290217
-0.000322359
-0.000356945
-0.00039468
-0.000436716
-0.000482983
-0.000532549
-0.000583781
-0.000634608
-0.000686473
-0.000742229
-0.00080413
-0.00087237
-0.000940376
-0.00100394
-0.00106966
-0.0011413
-0.00121275
-0.00127996
-0.00134445
-0.00140629
-0.00146313
-0.00151243
-0.00155275
-0.00158322
-0.00160194
-0.00160831
-0.00160286
-0.00158507
-0.00155611
-0.00151873
-0.00147289
-0.00141783
-0.00135553
-0.00128786
-0.00121533
-0.00113789
-0.00105626
-0.000971122
-0.000882915
-0.000791808
-0.000697981
-0.000601169
-0.000501535
-0.000398442
-0.00029248
-0.000182167
-6.88777e-05
5.03777e-05
0.000172382
0.000302227
0.000434553
0.000575823
0.000721371
0.00087324
0.00103693
0.00119861
0.00138381
0.00156518
0.00176778
0.00199899
0.00226179
0.00164651
0.00151349
0.000939458
0.00032916
-0.00013447
-0.000400624
-0.000476633
-0.000417832
-0.000293602
-0.000159344
-4.77089e-05
2.72869e-05
6.31678e-05
6.60551e-05
4.68199e-05
1.68644e-05
-1.46683e-05
-4.19188e-05
-6.20759e-05
-7.46354e-05
-8.07541e-05
-8.25511e-05
-8.23763e-05
-8.23141e-05
-8.3886e-05
-8.80112e-05
-9.50674e-05
-0.000105012
-0.000117544
-0.00013223
-0.00014871
-0.000166667
-0.000185986
-0.00020657
-0.000228395
-0.000251374
-0.000275371
-0.000300407
-0.000326526
-0.00035436
-0.000384723
-0.000418706
-0.000456997
-0.000498927
-0.000543172
-0.000587395
-0.000631095
-0.000676596
-0.000726625
-0.000783772
-0.000844507
-0.000901335
-0.000956508
-0.0010169
-0.00108057
-0.0011423
-0.00120167
-0.00125973
-0.00131536
-0.00136666
-0.00141211
-0.00145053
-0.00148074
-0.00150138
-0.00151174
-0.00151144
-0.00150027
-0.00147906
-0.00144885
-0.0014099
-0.00136263
-0.00130784
-0.00124598
-0.0011776
-0.00110383
-0.0010258
-0.000944199
-0.000859496
-0.000771853
-0.000681423
-0.000587892
-0.000491315
-0.000390861
-0.000286929
-0.000178044
-6.57484e-05
5.27788e-05
0.00017423
0.000303634
0.000435618
0.000576602
0.000721937
0.000873616
0.00103717
0.00119872
0.00138384
0.00156516
0.00176771
0.00199899
0.00226183
0.00171737
0.00158776
0.0010163
0.000406107
-6.05367e-05
-0.000333092
-0.000418567
-0.000370953
-0.000257996
-0.00013384
-3.04277e-05
3.85604e-05
7.06503e-05
7.1562e-05
5.14357e-05
2.08907e-05
-1.15902e-05
-4.05683e-05
-6.33865e-05
-7.94595e-05
-8.97113e-05
-9.59161e-05
-0.000100085
-0.000104008
-0.000109003
-0.000115887
-0.00012497
-0.00013628
-0.000149569
-0.000164575
-0.000181004
-0.0001987
-0.00021757
-0.00023752
-0.000258597
-0.000280634
-0.000303679
-0.000327594
-0.000352571
-0.00037907
-0.000407562
-0.000439094
-0.000473671
-0.000511048
-0.000550173
-0.000589321
-0.000629176
-0.000670817
-0.000716201
-0.000766739
-0.000818263
-0.000867987
-0.000919063
-0.000972973
-0.00102795
-0.00108251
-0.00113577
-0.00118745
-0.00123715
-0.00128353
-0.00132514
-0.00136096
-0.00139009
-0.00141139
-0.00142388
-0.00142721
-0.00142118
-0.00140573
-0.00138144
-0.00134893
-0.00130827
-0.00125986
-0.00120476
-0.00114381
-0.00107736
-0.00100574
-0.000929382
-0.000848727
-0.000763988
-0.000675456
-0.000583026
-0.000487015
-0.000386906
-0.000283361
-0.000174986
-6.32495e-05
5.47482e-05
0.000175745
0.000304771
0.000436457
0.000577198
0.000722353
0.000873876
0.00103733
0.00119878
0.00138383
0.00156511
0.00176764
0.00199897
0.00226185
-0.00151086
-0.00139109
-0.00083118
-0.000234054
0.000218612
0.000476727
0.000547659
0.000485703
0.000358695
0.000220669
0.000103362
2.02555e-05
-2.64303e-05
-4.27256e-05
-3.89684e-05
-2.5803e-05
-1.16207e-05
-1.69164e-06
1.42026e-06
-2.80626e-06
-1.34612e-05
-2.87989e-05
-4.69054e-05
-6.61003e-05
-8.51988e-05
-0.000103522
-0.000120853
-0.00013734
-0.000153316
-0.000169265
-0.000185532
-0.000202481
-0.000220277
-0.000239118
-0.000259135
-0.000280439
-0.000303306
-0.000327702
-0.00035387
-0.00038149
-0.000410311
-0.000440068
-0.000470233
-0.000501705
-0.00053485
-0.000570722
-0.00061001
-0.000650664
-0.000692395
-0.000734355
-0.000776397
-0.000822978
-0.000872487
-0.000919245
-0.000965787
-0.00101505
-0.00106354
-0.00110948
-0.00115403
-0.00119636
-0.00123474
-0.00126843
-0.00129676
-0.00131866
-0.00133325
-0.00134005
-0.00133861
-0.0013287
-0.00131053
-0.00128428
-0.00125009
-0.0012083
-0.00115933
-0.00110353
-0.0010414
-0.000973724
-0.000901122
-0.000824109
-0.000742925
-0.000657849
-0.000568718
-0.00047574
-0.000378241
-0.000276764
-0.000169939
-5.93539e-05
5.77634e-05
0.000178075
0.000306552
0.000437807
0.000578193
0.000723075
0.000874368
0.00103765
0.00119896
0.0013839
0.00156513
0.0017676
0.00199898
0.00226188
0.0016347
0.00150546
0.000933987
0.000323412
-0.000143967
-0.000417605
-0.000504336
-0.000457921
-0.000345941
-0.000222484
-0.000119517
-5.07678e-05
-1.87039e-05
-1.76184e-05
-3.74294e-05
-6.76109e-05
-9.97841e-05
-0.000128604
-0.000151427
-0.000167628
-0.000178044
-0.00018436
-0.000188493
-0.000192168
-0.000196651
-0.000202747
-0.000210785
-0.000220792
-0.000232534
-0.000245732
-0.000260122
-0.000275507
-0.000291821
-0.00030895
-0.000326898
-0.000345498
-0.000364666
-0.000384309
-0.000404417
-0.000425506
-0.000448069
-0.000473086
-0.000501017
-0.000531233
-0.000562816
-0.000593827
-0.000624201
-0.000656266
-0.00069171
-0.000732116
-0.000774071
-0.000811045
-0.000847618
-0.000891465
-0.000936933
-0.00097757
-0.00101745
-0.00105932
-0.00109966
-0.00113653
-0.00117061
-0.00120142
-0.0012276
-0.00124831
-0.00126295
-0.00127091
-0.00127166
-0.00126488
-0.00125048
-0.00122852
-0.00119908
-0.00116231
-0.00111855
-0.00106826
-0.00101184
-0.000949625
-0.000881875
-0.000808924
-0.000730954
-0.000648281
-0.000560869
-0.000469115
-0.000372575
-0.000271966
-0.000165976
-5.61697e-05
6.02593e-05
0.000179992
0.000307992
0.000438868
0.000578948
0.000723599
0.000874702
0.00103785
0.00119904
0.00138391
0.00156509
0.00176754
0.00199895
0.00226187
-0.00173135
-0.00160676
-0.00104025
-0.000435066
2.63506e-05
0.000293352
0.000372746
0.000318365
0.000197911
6.55672e-05
-4.66601e-05
-0.00012504
-0.000167133
-0.000178641
-0.000169709
-0.000150961
-0.000130914
-0.000115012
-0.000105973
-0.000104449
-0.000109636
-0.000119864
-0.000133233
-0.000148041
-0.000163031
-0.000177462
-0.000191042
-0.000203871
-0.00021623
-0.000228557
-0.000241212
-0.000254557
-0.000268774
-0.000284024
-0.000300386
-0.000317854
-0.000336532
-0.000356379
-0.000377618
-0.00040026
-0.000424383
-0.000449856
-0.000476198
-0.000503115
-0.000530107
-0.000557659
-0.000586796
-0.00061882
-0.000654392
-0.000691564
-0.000727597
-0.000760652
-0.000794106
-0.000834272
-0.000877104
-0.000914322
-0.000949106
-0.000986993
-0.00102484
-0.00105899
-0.00109035
-0.00111944
-0.0011449
-0.00116572
-0.00118143
-0.00119147
-0.00119527
-0.00119241
-0.00118259
-0.00116568
-0.0011416
-0.00111036
-0.00107211
-0.00102701
-0.000975306
-0.000917373
-0.000853597
-0.000784397
-0.000709989
-0.000630686
-0.000546411
-0.000457483
-0.000363366
-0.000264732
-0.000160304
-5.17241e-05
6.37303e-05
0.000182686
0.00031006
0.000440438
0.000580113
0.000724447
0.000875289
0.00103823
0.00119927
0.00138402
0.00156513
0.00176753
0.00199896
0.00226189
0.00155148
0.00142134
0.000848738
0.000237276
-0.000230436
-0.00050368
-0.000589291
-0.000541249
-0.000427447
-0.000302235
-0.000197735
-0.000127749
-9.47719e-05
-9.31212e-05
-0.000112629
-0.000142624
-0.000174541
-0.000202901
-0.000224996
-0.000240218
-0.00024943
-0.000254385
-0.000257058
-0.000259237
-0.000262249
-0.000266908
-0.000273565
-0.000282177
-0.000292514
-0.000304181
-0.0003169
-0.000330353
-0.00034445
-0.000359067
-0.000374223
-0.000389976
-0.000406292
-0.000423318
-0.00044083
-0.000459014
-0.000477837
-0.000497652
-0.000519071
-0.000542254
-0.000567767
-0.000594687
-0.000622066
-0.00064909
-0.000675086
-0.000702588
-0.000733347
-0.000767077
-0.000801737
-0.000832788
-0.000862084
-0.00089577
-0.000931238
-0.00096312
-0.000992952
-0.00102292
-0.00105131
-0.00107654
-0.00109858
-0.00111709
-0.00113126
-0.00114048
-0.00114426
-0.00114216
-0.00113383
-0.00111902
-0.00109759
-0.00106946
-0.00103465
-0.000993277
-0.000945492
-0.000891532
-0.000831575
-0.000765848
-0.000694462
-0.000617701
-0.000535528
-0.000448356
-0.000355763
-0.00025846
-0.000155208
-4.76594e-05
6.69126e-05
0.000185137
0.00031191
0.000441803
0.000581086
0.000725119
0.000875725
0.00103849
0.0011994
0.00138404
0.0015651
0.00176746
0.0019989
0.00226183
-0.00181631
-0.00168989
-0.00112132
-0.00051425
-5.13845e-05
0.000216484
0.000296165
0.000241682
0.000121018
-1.14019e-05
-0.000123412
-0.000201193
-0.00024225
-0.000252302
-0.000241597
-0.000220904
-0.000198892
-0.000181139
-0.000170418
-0.000167382
-0.000171191
-0.000180109
-0.000192174
-0.000205612
-0.000219124
-0.000231923
-0.000243715
-0.000254589
-0.000264848
-0.000274952
-0.000285266
-0.000296167
-0.000307817
-0.000320421
-0.000334029
-0.000348686
-0.000364461
-0.000381297
-0.000399432
-0.000418732
-0.000439311
-0.00046078
-0.000482695
-0.000504938
-0.000527012
-0.000549896
-0.000574169
-0.000600699
-0.000630218
-0.000660185
-0.000689459
-0.000717277
-0.000743761
-0.000774925
-0.000810462
-0.000841587
-0.000868842
-0.000898843
-0.0009301
-0.000958353
-0.000984099
-0.00100846
-0.00103043
-0.00104896
-0.00106371
-0.00107425
-0.00108002
-0.00108051
-0.00107534
-0.00106417
-0.00104675
-0.00102289
-0.000992482
-0.000955478
-0.000911933
-0.000862005
-0.000805876
-0.000743749
-0.000675688
-0.000601962
-0.000522515
-0.000437722
-0.000347123
-0.000251513
-0.000149669
-4.32616e-05
7.03836e-05
0.000187846
0.000313989
0.000443382
0.000582268
0.000725986
0.00087633
0.0010389
0.00119964
0.00138417
0.00156516
0.00176747
0.00199893
0.00226186
0.00150496
0.00137388
0.00080025
0.000187954
-0.000280183
-0.000553322
-0.000638294
-0.000589237
-0.000474281
-0.000347984
-0.000242609
-0.00017204
-0.000138829
-0.000137268
-0.000157095
-0.000187501
-0.000219783
-0.000248341
-0.000270406
-0.000285355
-0.000294078
-0.00029838
-0.000300296
-0.000301677
-0.000303889
-0.000307784
-0.0003137
-0.00032161
-0.000331249
-0.000342214
-0.00035417
-0.000366781
-0.000379945
-0.000393497
-0.000407463
-0.000421814
-0.000436556
-0.00045175
-0.000467224
-0.000483176
-0.000499501
-0.000516724
-0.000535276
-0.000555411
-0.000577581
-0.00060063
-0.00062396
-0.0006464
-0.000667403
-0.000689754
-0.000714475
-0.000742324
-0.000771993
-0.00079671
-0.000818127
-0.000844962
-0.00087464
-0.000899992
-0.000922833
-0.00094659
-0.000969551
-0.000989816
-0.00100757
-0.0010228
-0.00103478
-0.00104292
-0.00104682
-0.00104607
-0.00104026
-0.00102907
-0.0010122
-0.00098941
-0.000960572
-0.000925385
-0.000883972
-0.000836458
-0.000782803
-0.000723113
-0.000657462
-0.000586066
-0.000508806
-0.000426038
-0.000337311
-0.000243377
-0.000143017
-3.79155e-05
7.46016e-05
0.000191115
0.000316466
0.000445207
0.00058356
0.000726861
0.000876899
0.00103924
0.00119981
0.00138421
0.00156512
0.00176737
0.0019988
0.00226171
-0.00177159
-0.00164515
-0.00107697
-0.000471037
-1.00894e-05
0.000255073
0.000331417
0.00027332
0.000149127
1.3492e-05
-0.000101318
-0.00018146
-0.000224448
-0.000236109
-0.00022685
-0.000207626
-0.000187243
-0.000171377
-0.000162827
-0.00016222
-0.000168637
-0.000180237
-0.000194952
-0.000210918
-0.000226786
-0.000241725
-0.000255452
-0.000268037
-0.000279823
-0.000291254
-0.000302748
-0.000314677
-0.000327201
-0.000340525
-0.000354635
-0.000369655
-0.000385544
-0.000402374
-0.000420251
-0.000439031
-0.0004588
-0.000478914
-0.000499101
-0.000518904
-0.00053825
-0.000558426
-0.000579967
-0.00060426
-0.000630733
-0.000656399
-0.000680477
-0.000702142
-0.000724692
-0.000753674
-0.000783266
-0.000806445
-0.000828861
-0.000855067
-0.000880669
-0.000903145
-0.000924337
-0.000944608
-0.00096269
-0.000977984
-0.000990294
-0.0009992
-0.0010042
-0.00100483
-0.00100073
-0.000991621
-0.000977303
-0.000957305
-0.000931203
-0.000899081
-0.00086078
-0.000816175
-0.000765251
-0.000708131
-0.000644827
-0.000575523
-0.000500102
-0.000418924
-0.000331543
-0.000238736
-0.000139311
-3.49744e-05
7.69184e-05
0.000192926
0.000317871
0.00044629
0.000584385
0.000727479
0.000877337
0.00103954
0.0012
0.00138431
0.00156518
0.00176741
0.00199884
0.00226175
0.00156364
0.00143005
0.000853433
0.000237798
-0.000233732
-0.00051006
-0.000597819
-0.000551088
-0.000438106
-0.000313622
-0.000210094
-0.000141561
-0.000110702
-0.000111876
-0.000134794
-0.000168539
-0.000204261
-0.000236194
-0.000261477
-0.000279426
-0.00029092
-0.000297768
-0.000302059
-0.000305704
-0.000310104
-0.000316145
-0.000324173
-0.00033419
-0.000345882
-0.000358875
-0.00037277
-0.000387234
-0.000402111
-0.00041722
-0.00043259
-0.000448082
-0.000463756
-0.000479485
-0.000495202
-0.000511004
-0.000526834
-0.00054342
-0.000561093
-0.000580532
-0.00060178
-0.000623476
-0.000644845
-0.000664023
-0.000681519
-0.000700497
-0.000722178
-0.000747848
-0.00077345
-0.000791718
-0.000808254
-0.000831726
-0.000856598
-0.000876166
-0.000893884
-0.000912945
-0.000931183
-0.00094694
-0.000960628
-0.000972179
-0.000980643
-0.000985622
-0.00098707
-0.000984726
-0.000978244
-0.000967202
-0.000951112
-0.000929785
-0.000903168
-0.000871119
-0.000833413
-0.000789922
-0.000740559
-0.000685316
-0.000624081
-0.000556951
-0.00048373
-0.000404715
-0.000319407
-0.000228536
-0.00013088
-2.81291e-05
8.23703e-05
0.000197178
0.000321108
0.000448686
0.000586097
0.000728656
0.000878101
0.00103999
0.00120022
0.00138435
0.00156511
0.00176724
0.00199862
0.00226148
)
;

boundaryField
{
    zeroGradient
    {
        type            zeroGradient;
    }
    inlet
    {
        type            zeroGradient;
    }
    fixedWalls
    {
        type            zeroGradient;
    }
    frontAndBack
    {
        type            empty;
    }
}


// ************************************************************************* //
