/*--------------------------------*- C++ -*----------------------------------*\
| =========                 |                                                 |
| \\      /  F ield         | OpenFOAM: The Open Source CFD Toolbox           |
|  \\    /   O peration     | Version:  2312                                  |
|   \\  /    A nd           | Website:  www.openfoam.com                      |
|    \\/     M anipulation  |                                                 |
\*---------------------------------------------------------------------------*/
FoamFile
{
    version     2.0;
    format      ascii;
    arch        "LSB;label=32;scalar=64";
    class       volScalarField;
    location    "0.45";
    object      p;
}
// * * * * * * * * * * * * * * * * * * * * * * * * * * * * * * * * * * * * * //

dimensions      [0 2 -2 0 0 0 0];

internalField   nonuniform List<scalar> 
5600
(
3.30054e-10
0.000470374
0.000301309
0.000448173
0.000377494
0.000540364
0.000525354
0.000664669
0.000694982
0.00085818
0.000889675
0.00102064
0.001103
0.00123116
0.00135348
0.00147584
0.00159265
0.00174769
0.00189705
0.00204568
0.00221236
0.00237347
0.00256178
0.00275894
0.00295818
0.00317116
0.00339199
0.00362325
0.00385632
0.00410551
0.00436418
0.00464068
0.00493158
0.00523202
0.00553021
0.00581794
0.00610321
0.00638471
0.00659894
0.0065699
2.51352e-06
0.000467582
0.000303456
0.000445277
0.000379846
0.000536499
0.000527451
0.00066014
0.000697981
0.000847262
0.000891285
0.00101554
0.0011032
0.00122612
0.00135217
0.00147033
0.00158919
0.0017425
0.00189244
0.002042
0.00220097
0.00236811
0.00255292
0.00274586
0.00294284
0.00314983
0.0033679
0.00359636
0.00383154
0.00407163
0.0043161
0.00456114
0.0048013
0.00503816
0.00527186
0.0054914
0.00566994
0.00576544
0.00570723
0.00537129
4.80218e-06
0.000465992
0.000304695
0.000443819
0.000380625
0.000534857
0.000527955
0.000658495
0.000698621
0.000843182
0.000891076
0.00101363
0.00110267
0.00122395
0.00135074
0.00146775
0.00158665
0.00174009
0.00188902
0.00203739
0.00219517
0.00236257
0.00254527
0.00273734
0.00293241
0.00313821
0.0033527
0.00357628
0.00380101
0.00403058
0.00426158
0.00448937
0.00470965
0.00492583
0.0051366
0.00532937
0.0054768
0.00554318
0.00546762
0.00514291
8.61293e-06
0.000461978
0.000307454
0.00043984
0.000383714
0.000529914
0.000530561
0.000651865
0.000701534
0.000833653
0.000892884
0.00100704
0.0011031
0.00121743
0.00134899
0.00146198
0.00158203
0.00173529
0.00188283
0.00203056
0.00218549
0.00235086
0.0025327
0.0027202
0.00291204
0.00311191
0.0033228
0.0035404
0.00375674
0.00396567
0.00416653
0.00436505
0.0045641
0.0047583
0.00493415
0.00507348
0.00515212
0.00513757
0.00497814
0.00458058
1.2109e-05
0.000458293
0.000309708
0.000436907
0.000385381
0.000526282
0.000531475
0.000648991
0.000702744
0.000827725
0.00089205
0.00100346
0.00110196
0.00121387
0.00134578
0.00145733
0.00157688
0.00172949
0.00187563
0.00202195
0.00217439
0.00233899
0.00251727
0.00270203
0.00288916
0.00308283
0.00328461
0.00349042
0.00369234
0.00388463
0.00406658
0.00424606
0.00442594
0.00459771
0.00474564
0.00485261
0.00489884
0.00485803
0.00468497
0.00429233
1.6902e-05
0.000452311
0.000313565
0.000431715
0.000389596
0.000519568
0.00053541
0.000641361
0.000705193
0.000818474
0.000893149
0.000997164
0.00109933
0.00120969
0.00134114
0.00145084
0.00156922
0.00172168
0.00186606
0.00201046
0.00216038
0.00232178
0.00249698
0.00267717
0.00285831
0.00304382
0.00323481
0.00342535
0.00360643
0.00377658
0.00394439
0.00411339
0.00427881
0.0044299
0.00455355
0.00463488
0.00465582
0.0045901
0.00439338
0.00397882
2.16901e-05
0.000446067
0.000317052
0.000427142
0.000392366
0.000513775
0.000536314
0.000635428
0.00070609
0.000811638
0.000890304
0.000993206
0.00109549
0.0012046
0.00133543
0.00144347
0.00156035
0.00171237
0.0018544
0.00199662
0.00214318
0.00230082
0.0024715
0.0026456
0.00281874
0.00299281
0.00316887
0.00334009
0.00350275
0.00365997
0.00381747
0.00397421
0.00412363
0.00425589
0.00436071
0.0044258
0.00443514
0.00436334
0.00416512
0.00374966
2.78243e-05
0.000437294
0.000322251
0.000420472
0.000397671
0.000505057
0.000541289
0.000627713
0.00070626
0.000803972
0.000886225
0.000989541
0.00109055
0.00119756
0.00132788
0.00143479
0.00154919
0.00170077
0.00183981
0.00197923
0.002122
0.0022747
0.00243943
0.00260538
0.00276732
0.00292649
0.00308458
0.00323792
0.00338815
0.00353602
0.0036827
0.0038255
0.00395895
0.00407537
0.00416638
0.00422215
0.00422832
0.00416144
0.00397771
0.00358831
3.42363e-05
0.00042767
0.000327189
0.000414213
0.000401487
0.000496935
0.000541415
0.000620695
0.000705088
0.000798722
0.000880871
0.000983831
0.00108462
0.00118988
0.00131929
0.00142437
0.00153593
0.00168641
0.00182252
0.00195771
0.00209672
0.00224271
0.00240091
0.00255583
0.00270118
0.00283922
0.00298113
0.00312501
0.00326581
0.00340059
0.00353184
0.00366026
0.00378455
0.00390046
0.0040015
0.00407741
0.00411108
0.00407169
0.00389849
0.00346833
4.20903e-05
0.000415262
0.000333603
0.000406056
0.00040739
0.000486952
0.00054457
0.000612337
0.00070053
0.000793518
0.0008747
0.000976078
0.00107794
0.00118056
0.00130892
0.0014117
0.00152008
0.00166843
0.00180235
0.00193086
0.0020654
0.00220221
0.00234928
0.0024896
0.00261838
0.00274557
0.00287889
0.00301163
0.00313716
0.00325028
0.00335178
0.00344283
0.00352743
0.00361186
0.00369864
0.00377847
0.0038497
0.00393948
0.00411963
0.00452895
5.04696e-05
0.00040141
0.000339958
0.00039845
0.000411533
0.000477338
0.000543085
0.000608955
0.000695173
0.000787018
0.00086719
0.00096783
0.00106934
0.00116969
0.00129606
0.00139708
0.00150117
0.00164666
0.0017783
0.00189825
0.00202593
0.00215151
0.00228146
0.00240909
0.00253067
0.00264995
0.00277116
0.00288859
0.00299735
0.00309531
0.00318706
0.00327926
0.00337769
0.00348093
0.0035777
0.00366253
0.003745
0.00385368
0.00404256
0.00441269
6.03824e-05
0.00038457
0.000346675
0.000390418
0.000416178
0.000469916
0.000536442
0.000604648
0.000689372
0.000778974
0.000858711
0.000958134
0.00105891
0.00115717
0.00128018
0.00137997
0.00147909
0.00161996
0.00174876
0.00185791
0.00197286
0.0020874
0.0022051
0.00232491
0.00243916
0.00254837
0.00265634
0.00276108
0.00285966
0.00295334
0.00304879
0.00314895
0.00324616
0.00333193
0.0034047
0.00347337
0.00355643
0.00368445
0.00390778
0.00432162
7.09192e-05
0.00036625
0.000353267
0.000382388
0.0004164
0.000465971
0.000529392
0.000598309
0.000682982
0.000771018
0.000848866
0.000946499
0.00104639
0.0011423
0.00126146
0.00135915
0.0014533
0.00158721
0.0017111
0.00180781
0.00190706
0.00201589
0.00212731
0.0022374
0.00233935
0.0024347
0.00253127
0.00263223
0.00273761
0.00284133
0.00293827
0.00302514
0.00310077
0.00316644
0.00322737
0.00329479
0.00338623
0.00352777
0.0037635
0.00417983
8.29616e-05
0.000344457
0.000358135
0.000379276
0.000413313
0.00046165
0.000522505
0.000589442
0.000673698
0.000761725
0.000837662
0.000932873
0.00103152
0.00112477
0.0012396
0.0013336
0.00142232
0.00154726
0.00166164
0.00174879
0.00183702
0.00193937
0.00204541
0.00214698
0.00224203
0.00233157
0.00242215
0.00251374
0.00260649
0.00269998
0.0027903
0.00287087
0.00293886
0.00299705
0.0030535
0.00311996
0.00321265
0.0033557
0.00359111
0.00400478
9.55089e-05
0.000323669
0.000359854
0.000375476
0.000408045
0.000456388
0.000516526
0.000581076
0.000662884
0.000750278
0.0008243
0.000916958
0.0010142
0.00110415
0.00121379
0.00130272
0.00138362
0.0014994
0.00160368
0.00168386
0.00176471
0.00185777
0.00195609
0.00204736
0.00213278
0.00221531
0.00230461
0.00240112
0.00249647
0.0025814
0.00265361
0.00271522
0.00276953
0.00282039
0.00287367
0.00293896
0.00303096
0.0031732
0.00340783
0.00382124
0.000108992
0.000302268
0.000355689
0.000372765
0.000403967
0.000450464
0.000509193
0.000571777
0.000650309
0.000736057
0.000808157
0.000897887
0.000993696
0.00107963
0.00118236
0.00126558
0.00133693
0.00144431
0.00154199
0.00161371
0.00168657
0.00176949
0.00185917
0.00194349
0.00202514
0.00210836
0.00219874
0.00229101
0.00237479
0.00244402
0.00249991
0.00254801
0.00259297
0.00263861
0.0026895
0.00275397
0.00284571
0.00298785
0.00322237
0.00363558
0.000122677
0.000282606
0.00034717
0.000369014
0.000399314
0.000443736
0.000500574
0.000561284
0.000636796
0.000720282
0.000789432
0.000874885
0.000969121
0.00105058
0.00114436
0.00122221
0.00128523
0.00138218
0.00147527
0.00153913
0.0016027
0.00167715
0.00176028
0.00184083
0.00191808
0.00199665
0.00207985
0.00216333
0.00223671
0.00229495
0.00234007
0.00237897
0.00241708
0.00245848
0.00250709
0.00257035
0.00266125
0.00280265
0.0030365
0.00344941
0.000136346
0.000263425
0.000333876
0.000363831
0.000394426
0.000436715
0.000491299
0.000549481
0.00062103
0.000701844
0.000767662
0.000847788
0.0009394
0.00101577
0.00109948
0.00117211
0.00122981
0.00131468
0.00140193
0.00146052
0.00151415
0.00158007
0.00165571
0.00173226
0.00180644
0.00188085
0.001956
0.00202887
0.00209181
0.00214093
0.00217826
0.00221032
0.00224292
0.00228034
0.00232643
0.00238805
0.00247772
0.00261801
0.00285095
0.00326333
0.000149876
0.000246638
0.000314901
0.000356192
0.000388778
0.000428921
0.000480877
0.000536321
0.000603418
0.000680697
0.000742612
0.000816085
0.000903612
0.000974664
0.00104875
0.00111489
0.00116921
0.00124408
0.00132231
0.00137659
0.0014219
0.00147913
0.00154723
0.00161879
0.00168957
0.00175922
0.00182654
0.00188876
0.00194153
0.00198244
0.00201366
0.00204048
0.00206854
0.00210217
0.00214562
0.00220548
0.00229397
0.00243326
0.00266539
0.00307728
0.000160104
0.00023248
0.000296438
0.000343832
0.000380357
0.000419711
0.000469172
0.00052175
0.000583761
0.000656482
0.000713812
0.000779385
0.000861298
0.00092731
0.000993721
0.00105225
0.00110121
0.00116884
0.00123753
0.00128653
0.00132515
0.00137423
0.0014355
0.001501
0.0015673
0.00163151
0.0016918
0.00174459
0.00178763
0.00182044
0.00184601
0.00186881
0.00189362
0.00192436
0.00196546
0.00202358
0.00211087
0.00224929
0.0024808
0.00289239
0.000167111
0.000222606
0.000277268
0.000325451
0.000368096
0.000408683
0.000455933
0.000505331
0.000561743
0.000628962
0.00068143
0.000737531
0.000812597
0.000873994
0.000933634
0.000985801
0.0010259
0.0010862
0.00114831
0.00119094
0.00122324
0.00126486
0.00132065
0.00138094
0.00144149
0.00149897
0.00155185
0.0015964
0.00163094
0.00165622
0.00167619
0.00169537
0.00171783
0.0017468
0.00178628
0.00184296
0.00192901
0.00206649
0.00229737
0.00270872
0.000171073
0.000212721
0.00025902
0.00030542
0.000351329
0.000393929
0.000439813
0.000486352
0.000537115
0.000597947
0.000645449
0.000691902
0.00075881
0.000814555
0.000866679
0.000914278
0.000945445
0.000995561
0.00105295
0.00109098
0.00111709
0.00115102
0.00120193
0.00125912
0.00131441
0.00136379
0.00140754
0.00144386
0.00147112
0.00149023
0.00150519
0.00152091
0.00154121
0.001569
0.00160762
0.00166346
0.00174856
0.00188513
0.0021153
0.00252636
0.000171549
0.00020301
0.000242099
0.000284599
0.000329532
0.000373914
0.000419423
0.000463811
0.000509501
0.000563374
0.000605886
0.000642824
0.000700065
0.000750228
0.000792803
0.000835404
0.000860795
0.000898248
0.000950132
0.000986623
0.00100853
0.00103482
0.00107992
0.00113485
0.00118568
0.0012267
0.00125995
0.00128725
0.00130792
0.00132246
0.00133377
0.00134658
0.00136477
0.00139136
0.0014294
0.00148491
0.00156955
0.00170548
0.00193499
0.00234569
0.000168545
0.000192333
0.000224896
0.00026312
0.000305158
0.000348601
0.000393784
0.000436564
0.000477805
0.000524842
0.000562255
0.000590579
0.000636938
0.000681158
0.000713711
0.000748731
0.000770771
0.00079655
0.000840191
0.00087679
0.000898347
0.000919231
0.000956777
0.00100698
0.00105329
0.001087
0.00111013
0.00112797
0.00114211
0.00115308
0.00116217
0.00117303
0.00118937
0.00121461
0.00125203
0.00130742
0.00139202
0.00152771
0.00175679
0.00216721
0.000161766
0.000180322
0.00020718
0.000241004
0.000279281
0.000318837
0.000361865
0.000403404
0.000440952
0.000481443
0.000514103
0.000535081
0.000569681
0.000607402
0.000631372
0.000655543
0.000674101
0.000691377
0.000724931
0.000760831
0.000785655
0.000805124
0.000834656
0.000876025
0.000915383
0.000942629
0.000957877
0.00096756
0.000975537
0.000983165
0.000990856
0.00100075
0.00101591
0.00103987
0.00107642
0.00113149
0.00121616
0.00135195
0.00158103
0.00199144
0.000151414
0.000165972
0.000188091
0.000217172
0.000251608
0.000286614
0.000324467
0.000363325
0.000397873
0.000432277
0.000460266
0.000475855
0.000499063
0.000528855
0.000546197
0.000559487
0.00057205
0.000583224
0.00060705
0.000640178
0.000669061
0.000690505
0.000713159
0.000742847
0.000772299
0.000792936
0.000802816
0.000806882
0.000809876
0.000814211
0.000820425
0.000829668
0.000844162
0.000867148
0.000902737
0.000957206
0.00104173
0.00117763
0.00140683
0.00181735
0.000137397
0.000148922
0.00016706
0.000191355
0.00022147
0.000252089
0.000283966
0.000317208
0.000348002
0.000376673
0.000399432
0.00041117
0.000424887
0.000445435
0.000457757
0.000462636
0.000467887
0.00047397
0.000489734
0.00051772
0.000548342
0.000572393
0.000590519
0.000608895
0.000627132
0.000640698
0.000646834
0.0006478
0.00064758
0.000649141
0.000653739
0.000662235
0.000676236
0.000698529
0.000733344
0.000787268
0.000871725
0.00100796
0.00123775
0.00164895
0.000119436
0.000128431
0.000143134
0.000162913
0.000188082
0.00021419
0.000240629
0.000267313
0.000292849
0.000315993
0.000332566
0.000340077
0.00034631
0.000357116
0.000364037
0.00036336
0.000361423
0.000361238
0.000368829
0.000389097
0.000417067
0.000442201
0.000458938
0.000470176
0.000478985
0.00048529
0.00048771
0.000486754
0.000484745
0.000484224
0.000486939
0.000494059
0.000507082
0.000528484
0.000562382
0.000615485
0.000699433
0.000835586
0.00106566
0.00147742
9.83209e-05
0.000104628
0.000115906
0.000131093
0.000151073
0.000172232
0.000193497
0.00021351
0.000232559
0.000250654
0.000262172
0.000265767
0.000267348
0.000271155
0.0002735
0.000270033
0.000264093
0.000259072
0.000259247
0.000269585
0.000289428
0.000311298
0.000327151
0.000335418
0.000338507
0.000338693
0.000336854
0.00033361
0.00033023
0.000328343
0.000329506
0.000335047
0.000346626
0.000366722
0.000399394
0.000451345
0.000534234
0.000669405
0.000898564
0.00130941
7.18891e-05
7.65416e-05
8.50219e-05
9.62274e-05
0.000111337
0.000127159
0.00014285
0.000156451
0.000167464
0.000178553
0.000184092
0.00018131
0.000175677
0.000170481
0.000164963
0.000155675
0.000144509
0.00013513
0.000130872
0.000135301
0.000148696
0.000166103
0.000180592
0.00018848
0.000189867
0.000186658
0.0001809
0.000174393
0.000168845
0.000165893
0.000166972
0.000173388
0.000186655
0.000209039
0.000244346
0.000299111
0.000384907
0.00052307
0.000755284
0.00116927
4.44065e-05
4.33242e-05
4.78614e-05
5.55766e-05
6.73845e-05
7.8805e-05
8.9447e-05
9.82705e-05
0.000103872
0.000109809
0.000114131
0.000111296
0.000105289
9.90574e-05
9.28623e-05
8.30784e-05
6.95883e-05
5.47253e-05
4.0797e-05
2.98949e-05
2.38385e-05
2.43541e-05
3.14393e-05
4.13328e-05
4.81483e-05
4.81666e-05
4.10025e-05
2.85755e-05
1.37848e-05
-6.24435e-07
-1.22792e-05
-1.919e-05
-1.92547e-05
-9.75069e-06
1.35214e-05
5.74122e-05
0.000133815
0.000264385
0.000491219
0.000902623
7.50501e-06
8.53605e-06
1.11165e-05
1.40902e-05
1.87675e-05
2.3229e-05
2.63562e-05
2.85321e-05
2.70342e-05
2.30592e-05
1.83745e-05
7.49185e-06
-8.73514e-06
-2.60473e-05
-4.24937e-05
-5.96983e-05
-7.78711e-05
-9.36207e-05
-0.000103528
-0.000105636
-0.000101119
-9.38132e-05
-8.79941e-05
-8.63665e-05
-8.97371e-05
-9.71594e-05
-0.000106531
-0.000115431
-0.000121774
-0.000124139
-0.000121618
-0.000113423
-9.83547e-05
-7.42304e-05
-3.71504e-05
1.96462e-05
0.000108032
0.000249662
0.000486511
0.000906572
-3.75867e-05
-3.2033e-05
-2.83078e-05
-2.78704e-05
-2.8592e-05
-3.02249e-05
-3.22934e-05
-3.26914e-05
-3.36643e-05
-3.65794e-05
-3.92052e-05
-4.43947e-05
-5.41232e-05
-6.53769e-05
-7.61104e-05
-8.69812e-05
-9.98638e-05
-0.000113922
-0.000127978
-0.000141325
-0.000154731
-0.000168809
-0.000184027
-0.00020046
-0.000218485
-0.000238587
-0.000261263
-0.000286658
-0.000314814
-0.000345799
-0.000380025
-0.000418347
-0.000462321
-0.000514456
-0.000578895
-0.000662566
-0.000777559
-0.000945843
-0.00120985
-0.00165819
-7.54724e-05
-7.70823e-05
-8.03067e-05
-8.5594e-05
-9.17243e-05
-9.84558e-05
-0.000106786
-0.000116691
-0.000128417
-0.000144014
-0.000161509
-0.000181274
-0.00020442
-0.000229305
-0.000253404
-0.000274612
-0.000292192
-0.000304789
-0.000311504
-0.000313723
-0.000314825
-0.000318028
-0.000324741
-0.000334308
-0.000344867
-0.000354563
-0.00036213
-0.000366871
-0.000368335
-0.000366114
-0.000359633
-0.000348035
-0.000329916
-0.000302955
-0.000263212
-0.000203948
-0.000113304
3.03771e-05
0.000269072
0.000690718
-0.0001245
-0.000126419
-0.000129793
-0.000134816
-0.000140781
-0.000147414
-0.000155079
-0.000164057
-0.000173092
-0.000183456
-0.00019504
-0.000206696
-0.000219646
-0.000234875
-0.000251269
-0.000268005
-0.000285922
-0.000305774
-0.000327297
-0.000349852
-0.000373403
-0.000398447
-0.000425421
-0.000454479
-0.000485592
-0.000518639
-0.000553526
-0.000590259
-0.000628881
-0.000669562
-0.000712691
-0.00075908
-0.000810165
-0.000868373
-0.000937729
-0.00102504
-0.00114216
-0.00131076
-0.00157279
-0.0020162
-0.000176531
-0.000181781
-0.000190975
-0.000203644
-0.000218592
-0.000235356
-0.000253607
-0.000274034
-0.00029579
-0.000319593
-0.000345313
-0.000371449
-0.000397847
-0.0004234
-0.000445813
-0.000463248
-0.000475029
-0.000482576
-0.000488583
-0.000495598
-0.00050492
-0.000516455
-0.000529045
-0.000541208
-0.000551722
-0.00055988
-0.000565286
-0.000567731
-0.000567037
-0.00056298
-0.000555133
-0.000542698
-0.000524248
-0.000497367
-0.000458017
-0.000399387
-0.000309602
-0.000167023
7.02982e-05
0.000490297
-0.000228467
-0.00023279
-0.000239742
-0.000249198
-0.000260336
-0.000272701
-0.000286032
-0.000300539
-0.000315278
-0.000331366
-0.000348529
-0.000365496
-0.00038395
-0.000403678
-0.000423522
-0.00044423
-0.000466468
-0.000490299
-0.000515207
-0.000541372
-0.000569116
-0.000598556
-0.000629494
-0.000661876
-0.000695702
-0.000730991
-0.000767661
-0.000805567
-0.00084466
-0.000885151
-0.000927597
-0.00097297
-0.0010228
-0.00107952
-0.00114713
-0.0012324
-0.0013472
-0.00151322
-0.00177245
-0.00221289
-0.000294664
-0.000302977
-0.000317134
-0.000336242
-0.00035874
-0.000384
-0.000410762
-0.000438671
-0.000467343
-0.000495774
-0.000523025
-0.00054875
-0.00057109
-0.000588505
-0.000601547
-0.000611576
-0.000620167
-0.000629034
-0.000639433
-0.00065141
-0.000663946
-0.000675944
-0.000686637
-0.000695565
-0.000702483
-0.000707238
-0.000709723
-0.000709884
-0.000707625
-0.000702684
-0.000694501
-0.000682107
-0.000663944
-0.000637539
-0.000598855
-0.000541101
-0.000452413
-0.000311143
-7.53303e-05
0.000342982
-0.000338862
-0.000343234
-0.00035243
-0.000366217
-0.00038303
-0.0004021
-0.00042212
-0.000442078
-0.000461561
-0.000481303
-0.000500548
-0.000519569
-0.000539433
-0.000559326
-0.000579062
-0.000599367
-0.000620247
-0.000641079
-0.000661672
-0.000682577
-0.000704264
-0.000726776
-0.000750083
-0.000774413
-0.00080008
-0.000827271
-0.000856029
-0.000886317
-0.000918218
-0.000952024
-0.000988327
-0.00102807
-0.00107276
-0.00112482
-0.00118829
-0.00126999
-0.00138185
-0.00154557
-0.00180321
-0.00224285
-0.000422206
-0.000431721
-0.00044986
-0.000475474
-0.000505971
-0.000539786
-0.000574342
-0.000607297
-0.000638012
-0.000665307
-0.00068729
-0.000705946
-0.000721451
-0.000732526
-0.00074138
-0.000749166
-0.000755398
-0.000759619
-0.000762607
-0.000765125
-0.00076694
-0.000767463
-0.000766426
-0.000764013
-0.00076044
-0.000755715
-0.000749674
-0.00074215
-0.000733022
-0.000722069
-0.000708785
-0.000692198
-0.000670721
-0.000641842
-0.000601527
-0.000543022
-0.000454541
-0.000314534
-8.11922e-05
0.000333209
0.00633081
0.00639914
0.00667089
0.00684013
0.00683075
0.0066486
0.0063521
0.00601025
0.00567424
0.00537215
0.00511504
0.00490337
0.00472996
0.00458422
0.00445538
0.00433474
0.0042161
0.004096
0.00397289
0.00384684
0.00371867
0.00358978
0.00346147
0.00333478
0.00321035
0.00308817
0.00296809
0.0028494
0.00273157
0.00261361
0.00249482
0.00237449
0.00225214
0.00212745
0.00199999
0.00186961
0.00173548
0.00159839
0.00145636
0.00130992
0.00115771
0.000998911
0.000835339
0.000659151
0.000474177
0.000268745
3.67834e-05
-0.000230669
-0.000519819
-0.000811664
-0.00112553
-0.00146412
-0.00186706
-0.00236688
-0.00295115
-0.00356286
-0.00420593
-0.00494684
-0.00576158
-0.00652449
-0.00710143
-0.00743761
-0.00746088
-0.00720602
-0.00683404
-0.00636056
-0.00596728
-0.00576622
-0.00556586
-0.00540795
-0.00546384
-0.00554475
-0.00553786
-0.00558796
-0.0057289
-0.00584611
-0.00591684
-0.00600236
-0.00610189
-0.00620056
-0.00628829
-0.00635496
-0.0064161
-0.00646838
-0.00650579
-0.00654896
-0.00659536
-0.00662517
-0.00665386
-0.0066925
-0.00673878
-0.00679217
-0.00685356
-0.00692418
-0.0069978
-0.00707902
-0.00716631
-0.00725849
-0.00735514
-0.00745004
0.00499791
0.00506975
0.00551946
0.00595778
0.00622008
0.00626705
0.00612363
0.00586176
0.00555762
0.00526455
0.00500931
0.00480049
0.00463461
0.00450051
0.00438475
0.00427611
0.00416694
0.00405352
0.00393463
0.00381114
0.00368464
0.00355716
0.00343028
0.00330509
0.00318214
0.00306129
0.00294239
0.00282468
0.00270769
0.00259045
0.00247225
0.0023524
0.0022304
0.00210593
0.00197862
0.00184837
0.00171443
0.00157763
0.00143587
0.0012898
0.00113785
0.000979209
0.000815814
0.000639349
0.000454437
0.000248894
1.77773e-05
-0.000248717
-0.000536343
-0.000826326
-0.00113991
-0.00147796
-0.00187795
-0.0023746
-0.0029556
-0.00356101
-0.00419623
-0.00492892
-0.00573592
-0.00649204
-0.00706361
-0.00740307
-0.00743241
-0.00718181
-0.00681724
-0.00634775
-0.00595446
-0.00575799
-0.00556021
-0.00540056
-0.00545733
-0.00554034
-0.0055327
-0.00558262
-0.00572513
-0.00584314
-0.00591373
-0.00599954
-0.00609986
-0.00619914
-0.00628715
-0.006354
-0.00641543
-0.00646804
-0.0065056
-0.00654888
-0.00659538
-0.00662525
-0.00665396
-0.00669259
-0.00673885
-0.00679223
-0.0068536
-0.00692419
-0.00699778
-0.00707899
-0.00716629
-0.0072585
-0.00735514
-0.00745004
0.00480391
0.00490712
0.00539873
0.00588202
0.00618528
0.00626507
0.00614212
0.00588715
0.00557933
0.00527684
0.00501068
0.004792
0.00461918
0.00448155
0.00436497
0.00425692
0.00414862
0.00403549
0.00391604
0.00379108
0.0036626
0.00353298
0.00340425
0.00327766
0.0031538
0.00303241
0.00291319
0.00279526
0.00267811
0.00256061
0.00244229
0.00232219
0.00220015
0.00207555
0.0019483
0.0018179
0.00168373
0.00154625
0.00140386
0.00125723
0.00110454
0.000945331
0.000780079
0.000602983
0.000415833
0.000209496
-2.04725e-05
-0.000282112
-0.000565381
-0.000854906
-0.00116934
-0.00151088
-0.00190819
-0.00239427
-0.00296196
-0.00355642
-0.00417935
-0.00488929
-0.0056647
-0.00639189
-0.00694817
-0.00728969
-0.00734
-0.00711916
-0.00677908
-0.00633171
-0.0059545
-0.00576155
-0.00556525
-0.00540827
-0.00546261
-0.00554247
-0.00553532
-0.00558484
-0.00572469
-0.00584159
-0.00591273
-0.00599854
-0.00609788
-0.00619661
-0.00628481
-0.00635196
-0.00641358
-0.00646631
-0.00650411
-0.00654763
-0.00659439
-0.00662451
-0.00665345
-0.00669229
-0.00673869
-0.00679213
-0.00685357
-0.00692422
-0.00699787
-0.00707909
-0.00716635
-0.00725853
-0.00735523
-0.00745014
0.00420542
0.00428849
0.00477586
0.00528116
0.00562938
0.00577228
0.00572072
0.00553353
0.00528222
0.00502313
0.00478896
0.00459334
0.00443779
0.00431493
0.00421269
0.00411916
0.00402518
0.00392537
0.0038176
0.00370222
0.00358122
0.00345732
0.00333317
0.00321053
0.00309045
0.00297273
0.0028571
0.00274244
0.00262818
0.00251306
0.00239668
0.0022781
0.00215734
0.00203372
0.00190726
0.00177766
0.00164417
0.00150747
0.0013656
0.00121958
0.00106718
0.00090798
0.000742345
0.000564673
0.00037666
0.000169874
-5.80468e-05
-0.000315208
-0.000595703
-0.000885229
-0.00119997
-0.00154362
-0.00193701
-0.00241018
-0.00296534
-0.00354787
-0.00415427
-0.00483845
-0.00558207
-0.00628228
-0.00681962
-0.00716159
-0.00723592
-0.00704207
-0.00672759
-0.00630505
-0.00593821
-0.00574996
-0.00556172
-0.00540648
-0.00545686
-0.005536
-0.00552969
-0.00557888
-0.00571806
-0.00583431
-0.0059055
-0.00599196
-0.00609192
-0.00619087
-0.00627918
-0.00634665
-0.00640897
-0.00646268
-0.00650122
-0.00654517
-0.00659233
-0.00662298
-0.00665245
-0.00669163
-0.00673824
-0.00679184
-0.00685335
-0.00692406
-0.00699772
-0.00707901
-0.00716635
-0.00725861
-0.00735535
-0.00745022
0.00393618
0.00403786
0.00455037
0.00508383
0.0054611
0.00563258
0.00560726
0.00544192
0.00520709
0.00495933
0.00473238
0.00454104
0.0043881
0.00426746
0.00416798
0.00407787
0.00398767
0.00389145
0.00378662
0.0036732
0.00355314
0.0034293
0.00330471
0.00318151
0.00306105
0.00294326
0.00282782
0.00271341
0.00259931
0.00248411
0.00236741
0.00224836
0.00212699
0.00200291
0.00187594
0.00174606
0.00161221
0.00147535
0.00133299
0.00118671
0.00103342
0.000873761
0.000706566
0.000528003
0.000338793
0.000131194
-9.53953e-05
-0.00035027
-0.000627437
-0.000916388
-0.00123057
-0.00157496
-0.00196499
-0.00242622
-0.00296756
-0.00353662
-0.00412558
-0.00478394
-0.00549497
-0.00616442
-0.00668097
-0.00701928
-0.00711235
-0.0069493
-0.00666547
-0.00627152
-0.00592382
-0.00574303
-0.00556198
-0.00541153
-0.0054577
-0.00553349
-0.00552935
-0.00557853
-0.00571393
-0.00582821
-0.00590007
-0.00598692
-0.0060859
-0.00618402
-0.00627229
-0.0063401
-0.00640295
-0.00645741
-0.00649672
-0.00654118
-0.00658888
-0.00662025
-0.00665046
-0.00669025
-0.0067373
-0.00679118
-0.00685289
-0.00692378
-0.00699764
-0.00707906
-0.00716643
-0.00725871
-0.00735561
-0.00745046
0.00360811
0.00370174
0.0042102
0.00474492
0.00512846
0.00531063
0.0052993
0.00514985
0.00493185
0.00470137
0.00449182
0.00431769
0.00418149
0.00407675
0.00399201
0.00391526
0.00383703
0.00375146
0.00365617
0.00355134
0.00343916
0.00332261
0.00320482
0.00308791
0.00297328
0.00286086
0.00275027
0.00264023
0.00252994
0.00241812
0.00230425
0.00218773
0.00206846
0.0019465
0.00182128
0.00169331
0.00156081
0.00142542
0.00128418
0.00113883
0.000986372
0.000826987
0.000660167
0.00048145
0.000292611
8.50716e-05
-0.000139677
-0.00039081
-0.000664001
-0.000951641
-0.0012647
-0.00160813
-0.00199523
-0.00244343
-0.00296894
-0.00352367
-0.00409449
-0.00472697
-0.00540424
-0.0060434
-0.00653997
-0.00687402
-0.00698823
-0.00685698
-0.00660292
-0.0062393
-0.00590796
-0.00573252
-0.00555966
-0.00541281
-0.00545359
-0.00552691
-0.00552426
-0.00557282
-0.00570604
-0.00581901
-0.00589101
-0.00597839
-0.00607745
-0.00617534
-0.00626362
-0.00633173
-0.00639525
-0.00645093
-0.00649138
-0.0065365
-0.00658477
-0.006617
-0.0066481
-0.00668856
-0.00673609
-0.00679032
-0.00685225
-0.0069233
-0.00699727
-0.00707885
-0.00716638
-0.0072588
-0.00735581
-0.00745061
0.0033764
0.00346982
0.00397737
0.0045077
0.00488484
0.00506088
0.0050467
0.00490062
0.00469335
0.00448019
0.00429299
0.00414383
0.00403265
0.00395023
0.0038834
0.0038198
0.0037507
0.00367148
0.00358091
0.0034803
0.00337252
0.00326081
0.00314804
0.00303605
0.00292572
0.00281686
0.00270884
0.00260063
0.0024914
0.00238038
0.00226692
0.00215083
0.00203168
0.00191003
0.00178491
0.00165719
0.00152462
0.00138915
0.00124766
0.00110207
0.000949244
0.000789104
0.000621789
0.000441853
0.000252861
4.45268e-05
-0.000178727
-0.000427371
-0.000697758
-0.000983908
-0.00129598
-0.00163736
-0.00202124
-0.00245687
-0.00296564
-0.00350594
-0.00405895
-0.0046649
-0.00530895
-0.00591848
-0.00639566
-0.00672503
-0.00685643
-0.00675519
-0.00653174
-0.00619815
-0.00588636
-0.00571888
-0.00555491
-0.0054133
-0.00544981
-0.00552059
-0.00552071
-0.00556969
-0.00569976
-0.0058109
-0.00588343
-0.00597124
-0.00606966
-0.00616689
-0.00625513
-0.00632347
-0.00638751
-0.00644425
-0.00648575
-0.00653148
-0.00658036
-0.00661344
-0.00664544
-0.00668663
-0.0067347
-0.00678931
-0.0068515
-0.0069228
-0.00699702
-0.00707879
-0.00716643
-0.00725892
-0.00735615
-0.00745093
0.00323927
0.0033545
0.00387729
0.00440078
0.00475191
0.00488786
0.00483071
0.00465253
0.00443126
0.00422083
0.00404726
0.00391811
0.0038285
0.00376511
0.00371266
0.0036588
0.00359606
0.00352145
0.00343518
0.00333972
0.00323836
0.00313426
0.00302965
0.00292582
0.00282294
0.00272063
0.00261795
0.00251418
0.00240855
0.0023008
0.00219023
0.00207704
0.00196055
0.00184155
0.00171883
0.00159338
0.00146299
0.00132905
0.00118938
0.00104474
0.000893593
0.000733877
0.000567722
0.000388119
0.000200137
-7.0191e-06
-0.000228481
-0.000473198
-0.000740144
-0.00102306
-0.00133314
-0.00167061
-0.0020499
-0.00247324
-0.00296361
-0.00348866
-0.00402279
-0.00460183
-0.005213
-0.00579326
-0.00625181
-0.00657448
-0.00672139
-0.00665096
-0.00645883
-0.0061571
-0.00586532
-0.00570533
-0.00555038
-0.005414
-0.005446
-0.00551439
-0.0055164
-0.00556464
-0.00569157
-0.00580116
-0.00587401
-0.00596225
-0.00606024
-0.00615692
-0.00624519
-0.00631393
-0.00637866
-0.00643661
-0.00647934
-0.0065258
-0.00657534
-0.00660943
-0.00664248
-0.00668448
-0.00673314
-0.00678819
-0.00685068
-0.00692219
-0.00699656
-0.00707854
-0.00716638
-0.00725899
-0.00735636
-0.0074511
0.00304486
0.00309814
0.00354841
0.00400835
0.00431943
0.00444702
0.00441401
0.00428259
0.00411677
0.00395964
0.00383108
0.0037354
0.00366613
0.00361161
0.00356083
0.00350656
0.00344484
0.00337454
0.00329617
0.00321152
0.0031224
0.00303064
0.00293722
0.00284287
0.00274746
0.00265086
0.00255241
0.00245194
0.00234897
0.00224359
0.00213523
0.0020241
0.00190955
0.00179218
0.00167095
0.00154658
0.00141737
0.00128394
0.00114499
0.00100027
0.000849792
0.000689707
0.000523803
0.000343864
0.000156032
-5.03767e-05
-0.00027102
-0.000512292
-0.000776848
-0.00105667
-0.00136475
-0.00169807
-0.00207187
-0.00248419
-0.00295572
-0.00346429
-0.00398013
-0.00453263
-0.00511162
-0.00566335
-0.00610342
-0.00641933
-0.00657972
-0.00653875
-0.0063781
-0.006108
-0.00583739
-0.00568668
-0.0055417
-0.00541172
-0.00543986
-0.0055055
-0.0055102
-0.00555882
-0.00568296
-0.00579097
-0.00586416
-0.00595289
-0.00605063
-0.00614686
-0.00623521
-0.00630424
-0.00636953
-0.00642875
-0.00647279
-0.00651999
-0.00657023
-0.00660532
-0.00663939
-0.00668222
-0.0067315
-0.00678699
-0.00684978
-0.00692156
-0.00699623
-0.00707841
-0.0071664
-0.00725912
-0.00735673
-0.00745148
0.00492097
0.00483916
0.00434977
0.00384236
0.00347729
0.00328992
0.00325876
0.00332241
0.00341646
0.00349669
0.00354184
0.00354652
0.00351611
0.00346189
0.00339476
0.0033225
0.00324937
0.00317725
0.00310594
0.00303449
0.00296138
0.00288557
0.00280621
0.00272315
0.00263628
0.00254589
0.00245212
0.00235539
0.00225585
0.00215373
0.00204879
0.00194092
0.00182972
0.00171519
0.00159688
0.00147471
0.00134804
0.00121633
0.00107944
0.00093592
0.000787094
0.000628376
0.000463487
0.000285117
9.80317e-05
-0.000105717
-0.000324827
-0.000561769
-0.000822721
-0.00109859
-0.00140255
-0.00173081
-0.00209695
-0.00249823
-0.00295021
-0.00344062
-0.00393808
-0.00446401
-0.00501111
-0.0055346
-0.00595712
-0.00626559
-0.00643704
-0.00642435
-0.00629508
-0.00605747
-0.00580925
-0.00566843
-0.00553359
-0.00541005
-0.00543427
-0.00549746
-0.00550492
-0.00555324
-0.005674
-0.00578032
-0.00585402
-0.00594328
-0.00604037
-0.00613587
-0.0062242
-0.00629368
-0.00635968
-0.00642015
-0.00646549
-0.00651349
-0.00656446
-0.00660068
-0.00663594
-0.00667969
-0.00672964
-0.00678565
-0.00684881
-0.00692085
-0.00699572
-0.00707814
-0.00716635
-0.00725916
-0.00735694
-0.00745168
0.0047325
0.00458878
0.00402515
0.00345236
0.00304574
0.00284881
0.00284061
0.00294985
0.00309818
0.00323013
0.00331792
0.00335309
0.0033397
0.00329074
0.00322163
0.00314535
0.00306996
0.00299918
0.00293337
0.00287094
0.00280913
0.00274545
0.00267789
0.00260539
0.00252752
0.0024444
0.00235659
0.00226469
0.00216943
0.00207111
0.00196993
0.00186552
0.00175779
0.00164633
0.00153099
0.00141127
0.00128696
0.00115712
0.00102196
0.000879691
0.000731928
0.000574573
0.000410273
0.00023346
4.67688e-05
-0.00015454
-0.000372202
-0.000605563
-0.000862722
-0.00113521
-0.00143424
-0.00175758
-0.00211515
-0.00250546
-0.00293902
-0.00340979
-0.00388892
-0.00438912
-0.00490501
-0.00540127
-0.00580679
-0.00610757
-0.0062881
-0.0063018
-0.00620364
-0.00599883
-0.0057739
-0.00564414
-0.00552033
-0.00540449
-0.00542556
-0.00548632
-0.00549674
-0.00554532
-0.00566331
-0.00576832
-0.0058424
-0.00593206
-0.00602888
-0.00612393
-0.00621244
-0.00628236
-0.00634897
-0.00641088
-0.00645775
-0.00650665
-0.00655845
-0.00659584
-0.00663228
-0.00667698
-0.00672767
-0.0067842
-0.00684771
-0.00692008
-0.00699528
-0.00707792
-0.00716633
-0.00725927
-0.00735734
-0.00745211
0.00467419
0.00455541
0.00400642
0.00342269
0.00298247
0.00273462
0.00266998
0.00273214
0.0028515
0.00297308
0.0030648
0.00311324
0.00311699
0.00308406
0.00302707
0.00295866
0.00288832
0.00282148
0.00275997
0.00270306
0.00264843
0.00259311
0.00253458
0.00247101
0.00240162
0.00232604
0.00224484
0.00215845
0.00206797
0.0019737
0.00187623
0.00177522
0.00167075
0.00156241
0.00145003
0.00133322
0.00121144
0.00108423
0.000951058
0.000811055
0.000664537
0.000509409
0.000346139
0.000171634
-1.38086e-05
-0.000212441
-0.000427193
-0.000657279
-0.000909014
-0.0011779
-0.00147041
-0.00178752
-0.00213572
-0.00251372
-0.00292961
-0.00337934
-0.00383947
-0.00431506
-0.0048004
-0.00526986
-0.00565898
-0.00595198
-0.0061396
-0.00617767
-0.00610992
-0.00593803
-0.00573726
-0.00561953
-0.0055072
-0.00539931
-0.0054173
-0.00547574
-0.00548934
-0.00553817
-0.00565291
-0.00575625
-0.0058308
-0.00592098
-0.00601734
-0.00611162
-0.00620013
-0.00627057
-0.00633792
-0.00640117
-0.00644955
-0.00649934
-0.00655194
-0.00659058
-0.00662835
-0.00667407
-0.0067255
-0.00678263
-0.00684658
-0.00691925
-0.00699471
-0.00707764
-0.00716631
-0.00725936
-0.00735757
-0.00745234
0.00452312
0.00439493
0.00383175
0.00323045
0.00277142
0.00250508
0.00242438
0.0024751
0.00258895
0.00271097
0.00280839
0.00286688
0.00288361
0.00286444
0.00282017
0.00276224
0.0026999
0.00263898
0.00258214
0.00252953
0.00247971
0.00243018
0.00237859
0.00232278
0.00226154
0.00219404
0.00212038
0.00204081
0.00195624
0.00186722
0.0017743
0.00167757
0.0015769
0.00147238
0.00136341
0.00125008
0.00113129
0.00100715
0.000876617
0.000739478
0.000595192
0.000442644
0.000281524
0.000109473
-7.34731e-05
-0.000269597
-0.000480437
-0.00070731
-0.00095322
-0.00121772
-0.00150372
-0.0018131
-0.00215213
-0.00251677
-0.00291565
-0.00334426
-0.0037842
-0.00423649
-0.00469229
-0.00513544
-0.00550891
-0.00579413
-0.00598712
-0.00604711
-0.00600836
-0.00586928
-0.0056935
-0.00558882
-0.00548869
-0.00538986
-0.00540571
-0.00546209
-0.00547898
-0.00552819
-0.00564005
-0.0057423
-0.0058174
-0.005908
-0.00600406
-0.00609778
-0.00618653
-0.00625758
-0.00632562
-0.00639039
-0.00644049
-0.00649129
-0.00654482
-0.00658483
-0.00662397
-0.0066708
-0.00672309
-0.00678084
-0.00684522
-0.00691829
-0.00699412
-0.00707732
-0.00716621
-0.00725945
-0.00735797
-0.00745282
0.00434477
0.00421339
0.00364619
0.00304111
0.00257897
0.00231021
0.00222762
0.00227679
0.00238943
0.00251079
0.00260841
0.00266815
0.00268729
0.00267154
0.00263135
0.00257774
0.00251962
0.00246269
0.00240966
0.00236086
0.00231512
0.00227023
0.00222391
0.00217407
0.00211924
0.00205846
0.00199136
0.00191815
0.00183929
0.0017556
0.00166731
0.00157499
0.0014782
0.0013775
0.00127203
0.00116222
0.00104672
0.000925758
0.000798258
0.000663884
0.000522334
0.000372071
0.000213669
4.38575e-05
-0.000135967
-0.000329504
-0.000536208
-0.000759095
-0.000999634
-0.00125806
-0.00153789
-0.00183803
-0.00216708
-0.00251833
-0.00289963
-0.00330804
-0.00372665
-0.00415661
-0.00458487
-0.0050021
-0.00536061
-0.00563819
-0.005835
-0.00591466
-0.0059033
-0.0057967
-0.00564668
-0.00555608
-0.00546883
-0.00537969
-0.00539382
-0.00544817
-0.00546845
-0.00551847
-0.00562753
-0.00572839
-0.00580389
-0.00589491
-0.00599074
-0.00608382
-0.00617265
-0.00624431
-0.00631309
-0.00637932
-0.00643118
-0.00648304
-0.00653746
-0.00657888
-0.0066195
-0.00666746
-0.00672059
-0.00677902
-0.00684392
-0.00691734
-0.00699349
-0.00707702
-0.00716622
-0.00725955
-0.00735821
-0.00745308
0.0041615
0.00402937
0.00346054
0.00285364
0.00238954
0.00211864
0.00203381
0.0020808
0.00219155
0.00231154
0.00240845
0.00246826
0.00248825
0.00247409
0.00243613
0.00238531
0.0023304
0.00227703
0.0022278
0.0021831
0.00214167
0.00210143
0.00206004
0.00201553
0.00196627
0.00191138
0.00185023
0.00178301
0.00170989
0.00163172
0.0015486
0.00146116
0.00136895
0.0012725
0.00117117
0.00106516
0.000953612
0.000836066
0.000712296
0.000580965
0.00044294
0.000295448
0.00014047
-2.63573e-05
-0.00020257
-0.000392422
-0.000594931
-0.000812502
-0.0010478
-0.00129875
-0.00157201
-0.0018622
-0.0021801
-0.00251833
-0.00288125
-0.00327015
-0.00366692
-0.00407424
-0.00447745
-0.00486878
-0.00521257
-0.0054832
-0.00568207
-0.00577936
-0.0057936
-0.00571794
-0.00559384
-0.00551812
-0.00544423
-0.00536562
-0.00537903
-0.00543176
-0.00545557
-0.00550631
-0.00561242
-0.00571239
-0.00578866
-0.00588017
-0.00597574
-0.00606809
-0.00615712
-0.00622961
-0.00629917
-0.00636697
-0.0064207
-0.00647367
-0.00652912
-0.0065721
-0.00661431
-0.00666353
-0.00671764
-0.00677681
-0.00684223
-0.00691614
-0.00699273
-0.00707654
-0.00716601
-0.00725958
-0.0073586
-0.00745361
0.00397512
0.00384232
0.00327226
0.00266386
0.00219813
0.00192559
0.0018392
0.00188488
0.00199463
0.00211402
0.00221077
0.0022709
0.00229174
0.00227899
0.00224292
0.00219443
0.00214223
0.0020919
0.002046
0.00200493
0.00196739
0.00193131
0.00189431
0.00185445
0.00181008
0.0017603
0.00170444
0.00164258
0.00157483
0.00150188
0.00142389
0.00134131
0.0012539
0.00116181
0.0010649
0.000962846
0.000855483
0.00074163
0.000621805
0.000493999
0.000359717
0.000215763
6.43433e-05
-9.85798e-05
-0.000271146
-0.000456299
-0.000654593
-0.000866048
-0.00109572
-0.00133889
-0.00160421
-0.00188481
-0.00218996
-0.00251543
-0.00285977
-0.00322937
-0.00360491
-0.00398943
-0.00437
-0.00473646
-0.00506512
-0.00532952
-0.00552906
-0.00564163
-0.00567951
-0.00563352
-0.00553573
-0.00547596
-0.00541608
-0.00534877
-0.00536245
-0.00541387
-0.00544103
-0.00549297
-0.00559696
-0.0056961
-0.00577279
-0.00586453
-0.00596011
-0.00605211
-0.00614134
-0.00621458
-0.00628487
-0.00635425
-0.00641005
-0.0064643
-0.00652077
-0.00656533
-0.00660919
-0.00665966
-0.00671473
-0.0067747
-0.00684073
-0.00691504
-0.00699201
-0.00707623
-0.00716607
-0.00725975
-0.00735886
-0.0074539
0.00378902
0.00365568
0.00308439
0.00247462
0.00200764
0.00173404
0.00164689
0.0016921
0.00180168
0.00192115
0.00201822
0.00207891
0.00210056
0.00208886
0.00205412
0.00200723
0.0019569
0.00190871
0.00186527
0.00182693
0.00179244
0.00175969
0.00172631
0.0016903
0.00165008
0.00160465
0.00155343
0.00149632
0.00143347
0.00136534
0.00129224
0.00121436
0.0011317
0.00104409
0.000951658
0.000853823
0.000750754
0.000641032
0.000525269
0.00040158
0.000271155
0.000131515
-1.61832e-05
-0.000174393
-0.000343002
-0.000522782
-0.000716218
-0.000921326
-0.00114423
-0.00137984
-0.00163549
-0.00190682
-0.0021982
-0.00251038
-0.00283712
-0.00318654
-0.0035424
-0.0039038
-0.00426348
-0.00460688
-0.00491987
-0.00517888
-0.00537779
-0.00550268
-0.00556241
-0.00554432
-0.00547227
-0.00542929
-0.00538386
-0.00532842
-0.00534351
-0.00539413
-0.0054249
-0.00547814
-0.00557935
-0.00567779
-0.00575547
-0.00584778
-0.00594336
-0.00603452
-0.00612386
-0.00619815
-0.00626931
-0.00634026
-0.00639809
-0.00645355
-0.00651113
-0.00655744
-0.00660309
-0.00665499
-0.00671119
-0.006772
-0.00683866
-0.00691355
-0.00699103
-0.00707556
-0.00716571
-0.00725966
-0.00735921
-0.00745446
0.00360271
0.00346883
0.00289651
0.00228568
0.00181781
0.00154354
0.00145598
0.00150104
0.00161067
0.00173036
0.00182779
0.00188897
0.00191125
0.00190033
0.00186654
0.00182079
0.00177183
0.00172526
0.00168372
0.00164757
0.0016156
0.00158564
0.00155538
0.00152273
0.00148615
0.00144459
0.00139747
0.00134462
0.00128621
0.00122254
0.001154
0.00108069
0.00100267
0.000919664
0.000831756
0.00073845
0.000639772
0.000534628
0.000423126
0.000304059
0.0001778
4.29835e-05
-0.000100454
-0.000253555
-0.00041739
-0.000591594
-0.000779051
-0.000977817
-0.00119267
-0.00142073
-0.00166571
-0.0019272
-0.00220491
-0.00250258
-0.00281308
-0.00314164
-0.00347884
-0.00381786
-0.00415658
-0.00447996
-0.00477646
-0.00503006
-0.00522847
-0.00536251
-0.00544217
-0.00545019
-0.00540305
-0.00537744
-0.00534715
-0.00530404
-0.0053218
-0.00537243
-0.00540625
-0.00546074
-0.00556013
-0.00565862
-0.00573719
-0.00582939
-0.00592512
-0.00601617
-0.00610584
-0.00618108
-0.006253
-0.00632557
-0.00638581
-0.00644285
-0.00650159
-0.00654965
-0.00659716
-0.00665046
-0.00670775
-0.00676951
-0.00683689
-0.00691228
-0.00699023
-0.00707525
-0.00716582
-0.00725994
-0.0073595
-0.00745477
0.0034165
0.00328217
0.00270899
0.0020973
0.00162874
0.00135399
0.00126618
0.00131119
0.00142095
0.00154088
0.00163867
0.00170032
0.00172316
0.00171291
0.00167992
0.0016351
0.00158726
0.00154201
0.00150202
0.00146769
0.0014378
0.00141022
0.00138259
0.00135285
0.00131939
0.00128121
0.0012377
0.00118872
0.00113432
0.00107484
0.00101053
0.000941638
0.000868061
0.000789665
0.00070627
0.00061761
0.000523453
0.00042307
0.000316154
0.000201908
8.03146e-05
-4.95188e-05
-0.000187934
-0.000335777
-0.000493888
-0.000662349
-0.000842884
-0.00103504
-0.00124117
-0.00146104
-0.00169523
-0.00194569
-0.00221047
-0.00249238
-0.00278777
-0.00309554
-0.00341439
-0.00373267
-0.00405049
-0.0043567
-0.00463628
-0.00488384
-0.00508245
-0.00522248
-0.00531966
-0.00535245
-0.00532868
-0.00532057
-0.00530605
-0.00527554
-0.00529702
-0.00534841
-0.00538567
-0.00544204
-0.00553945
-0.00563742
-0.00571717
-0.00581008
-0.00590607
-0.00599657
-0.0060863
-0.00616281
-0.00623569
-0.00630986
-0.00637229
-0.00643068
-0.0064906
-0.00654061
-0.00659012
-0.00664501
-0.00670355
-0.00676627
-0.00683438
-0.00691041
-0.00698895
-0.00707432
-0.00716524
-0.00725965
-0.00735979
-0.00745535
0.00323149
0.00309675
0.00252277
0.0019103
0.00144113
0.00116597
0.00107796
0.00112296
0.00123285
0.00135303
0.00145115
0.00151321
0.00153655
0.00152688
0.00149456
0.00145054
0.00140361
0.00135946
0.00132074
0.00128791
0.00125975
0.00123417
0.00120876
0.00118149
0.00115071
0.00111548
0.00107513
0.0010296
0.000978837
0.000923229
0.000862915
0.0007982
0.000728915
0.000654977
0.000576085
0.000492014
0.000402499
0.000306889
0.000204867
9.55546e-05
-2.09199e-05
-0.000145611
-0.000278414
-0.000420726
-0.000572499
-0.000734825
-0.000907917
-0.00109275
-0.00129001
-0.00150058
-0.00172444
-0.00196252
-0.00221506
-0.00248075
-0.00276096
-0.00304961
-0.00334926
-0.00364912
-0.00394603
-0.00423662
-0.00450063
-0.00474011
-0.00494008
-0.005084
-0.005195
-0.00525131
-0.00524935
-0.0052582
-0.00526037
-0.00524248
-0.00526854
-0.0053223
-0.00536312
-0.0054205
-0.0055163
-0.0056148
-0.00569611
-0.00578896
-0.00588523
-0.00597577
-0.00606589
-0.00614362
-0.00621731
-0.00629302
-0.00635812
-0.0064184
-0.00647962
-0.00653156
-0.00658314
-0.00663961
-0.00669942
-0.00676327
-0.00683228
-0.00690894
-0.00698806
-0.00707402
-0.00716541
-0.00726008
-0.00736008
-0.00745569
0.00304778
0.0029127
0.00233799
0.00172481
0.00125507
0.000979535
0.000891349
0.000936351
0.00104637
0.00116678
0.00126521
0.00132765
0.00135143
0.00134227
0.00131052
0.00126717
0.00122102
0.00117778
0.00114013
0.00110857
0.00108187
0.00105798
0.00103446
0.00100932
0.000980871
0.000948219
0.000910685
0.000868211
0.000820743
0.000768637
0.000712042
0.000651197
0.000586034
0.00051633
0.000441916
0.000362318
0.000277549
0.000186677
8.9783e-05
-1.44772e-05
-0.000125507
-0.000244801
-0.000371666
-0.000507937
-0.000653102
-0.000808518
-0.000974112
-0.00115068
-0.00133923
-0.00153955
-0.00175323
-0.00197838
-0.00221849
-0.0024685
-0.00273287
-0.00300435
-0.00328418
-0.0035674
-0.00384419
-0.00411956
-0.00437032
-0.00459969
-0.00480099
-0.00494826
-0.00506914
-0.00514726
-0.00516591
-0.0051906
-0.00520978
-0.00520504
-0.00523646
-0.00529336
-0.00533789
-0.0053971
-0.00549163
-0.0055901
-0.00567294
-0.00576645
-0.00586346
-0.00595391
-0.00604404
-0.00612317
-0.00619803
-0.00627529
-0.0063429
-0.0064048
-0.0064673
-0.00652134
-0.00657515
-0.00663336
-0.00669454
-0.00675944
-0.00682925
-0.00690664
-0.0069864
-0.00707277
-0.00716457
-0.00725955
-0.00736033
-0.00745623
0.00286539
0.00273002
0.0021547
0.0015409
0.00107068
0.000794825
0.000706488
0.000751499
0.000861644
0.000982268
0.00108097
0.00114376
0.00116794
0.00115924
0.001128
0.00108523
0.00103974
0.000997287
0.000960553
0.000930075
0.000904632
0.00088219
0.000860331
0.000837038
0.000810666
0.000780269
0.000745253
0.000705489
0.000661026
0.000612081
0.000558938
0.000501662
0.0004404
0.000374719
0.00030467
0.000229482
0.000149428
6.335e-05
-2.83905e-05
-0.000127361
-0.000232841
-0.000346358
-0.000467179
-0.00059688
-0.000735308
-0.000883176
-0.00104121
-0.00120886
-0.00138859
-0.00157818
-0.00178134
-0.00199379
-0.00222069
-0.00245631
-0.00270398
-0.00295992
-0.00322029
-0.00348756
-0.00374628
-0.00400551
-0.00424589
-0.00446383
-0.00466494
-0.00481675
-0.00494318
-0.00504052
-0.00507944
-0.00511787
-0.00515432
-0.0051634
-0.00519992
-0.0052613
-0.00531084
-0.00537134
-0.0054643
-0.00556344
-0.00564847
-0.00574234
-0.00583983
-0.00593063
-0.00602111
-0.00610175
-0.00617759
-0.00625625
-0.00632662
-0.00639071
-0.00645465
-0.00651077
-0.00656687
-0.00662687
-0.00668954
-0.00675579
-0.00682673
-0.00690492
-0.00698539
-0.00707246
-0.00716479
-0.00726012
-0.00736061
-0.00745661
0.00268465
0.00254901
0.00197313
0.0013588
0.000888176
0.000612065
0.00052362
0.000568655
0.000678918
0.000799736
0.000898698
0.0009618
0.000986349
0.000978065
0.000947297
0.000905052
0.000860166
0.000818394
0.000782471
0.000752936
0.000728616
0.000707453
0.000687076
0.000665416
0.000640895
0.000612502
0.000579746
0.000542417
0.000500681
0.000454628
0.000404665
0.000350721
0.000293108
0.000231268
0.000165387
9.45515e-05
1.90915e-05
-6.21437e-05
-0.000148817
-0.000242307
-0.000342233
-0.000449645
-0.000564392
-0.000687129
-0.000818687
-0.000958619
-0.00110882
-0.00126738
-0.00143777
-0.00161684
-0.00180872
-0.00200919
-0.00222215
-0.00244433
-0.00267534
-0.0029163
-0.00315875
-0.00340966
-0.00365286
-0.00389541
-0.00412661
-0.00433391
-0.004532
-0.00468916
-0.00481889
-0.00493159
-0.00499023
-0.00504099
-0.00509362
-0.00511724
-0.00515959
-0.00522592
-0.00528081
-0.00534321
-0.00543528
-0.00553489
-0.00562171
-0.00571619
-0.00581492
-0.00590631
-0.00599688
-0.00607903
-0.00615621
-0.00623638
-0.00630946
-0.00637563
-0.00644101
-0.00649933
-0.00655788
-0.00661978
-0.00668393
-0.0067513
-0.00682311
-0.0069021
-0.00698329
-0.00707083
-0.00716363
-0.00725933
-0.0073607
-0.00745707
0.00250608
0.00237015
0.00179372
0.00117888
0.000707894
0.000431583
0.000343085
0.000388179
0.000498579
0.000619585
0.000718783
0.000782166
0.000807053
0.000799154
0.000768829
0.000727069
0.000682737
0.000641582
0.000606388
0.000577689
0.000554372
0.000534351
0.000515308
0.000495121
0.000472269
0.00044569
0.000414974
0.000379866
0.000340613
0.000297245
0.000250218
0.000199425
0.000145209
8.70614e-05
2.51125e-05
-4.14406e-05
-0.00011248
-0.000188864
-0.000270587
-0.000358509
-0.000452865
-0.000554019
-0.000662581
-0.000778272
-0.000902719
-0.00103469
-0.00117665
-0.00132626
-0.00148683
-0.00165569
-0.00183579
-0.00202478
-0.00222365
-0.00243277
-0.00264793
-0.00287394
-0.0031005
-0.00333457
-0.00356463
-0.00379066
-0.00401255
-0.00421119
-0.00440307
-0.00456577
-0.00469793
-0.00482098
-0.00489894
-0.00496086
-0.0050277
-0.00506707
-0.00511514
-0.00518637
-0.0052482
-0.00531312
-0.00540369
-0.00550391
-0.00559323
-0.00568841
-0.00578805
-0.00588045
-0.00597136
-0.00605514
-0.00613364
-0.00621503
-0.00629094
-0.00635961
-0.0064266
-0.00648713
-0.00654817
-0.0066121
-0.00667795
-0.00674694
-0.00682011
-0.00690008
-0.00698213
-0.00707049
-0.00716388
-0.00725999
-0.00736108
-0.00745749
0.00233027
0.00219404
0.00161704
0.00100169
0.000530357
0.000253883
0.000165386
0.000210591
0.000321171
0.000442388
0.00054183
0.000605487
0.000630698
0.000623166
0.00059327
0.000551987
0.000508198
0.000467643
0.000433141
0.000405226
0.000382833
0.000363873
0.000346057
0.000327244
0.000305927
0.000281038
0.000252186
0.000219143
0.00018216
0.000141305
9.69882e-05
4.91752e-05
-1.87509e-06
-5.65065e-05
-0.000114742
-0.000177153
-0.000243914
-0.000315544
-0.000392397
-0.00047485
-0.000563605
-0.000658567
-0.000760782
-0.00086954
-0.000986608
-0.00111075
-0.00124411
-0.00138497
-0.00153544
-0.00169434
-0.00186265
-0.00204028
-0.00222569
-0.00242158
-0.00262232
-0.00283301
-0.00304542
-0.00326297
-0.00348064
-0.00369209
-0.00390341
-0.00409557
-0.00427984
-0.00444596
-0.0045815
-0.00471044
-0.00480563
-0.00487885
-0.00495734
-0.00501222
-0.00506741
-0.0051434
-0.00521238
-0.00528059
-0.00537049
-0.00547125
-0.00556285
-0.00565864
-0.00575961
-0.00585359
-0.00594484
-0.00603015
-0.00611019
-0.00619289
-0.0062716
-0.00634286
-0.00641151
-0.00647425
-0.00653786
-0.00660386
-0.00667134
-0.0067416
-0.00681576
-0.00689664
-0.00697949
-0.00706841
-0.00716234
-0.00725892
-0.00736091
-0.0074578
0.00215629
0.00201987
0.0014424
0.000826599
0.000354959
7.83447e-05
-1.01286e-05
3.52147e-05
0.000146003
0.000267458
0.00036716
0.000431095
0.000456619
0.000449441
0.000419954
0.000379136
0.000335879
0.00029592
0.00026209
0.000234937
0.00021342
0.000195469
0.000178809
0.000161308
0.000141451
0.000118186
9.11065e-05
6.00345e-05
2.51973e-05
-1.32608e-05
-5.50013e-05
-9.99577e-05
-0.000147983
-0.000199247
-0.000253919
-0.000312353
-0.000374949
-0.000441986
-0.000514043
-0.000591226
-0.0006744
-0.000763342
-0.000859113
-0.000961093
-0.00107066
-0.00118708
-0.00131172
-0.00144386
-0.0015843
-0.00173317
-0.00189005
-0.00205618
-0.002229
-0.00241155
-0.00259907
-0.00279469
-0.00299387
-0.00319594
-0.00340089
-0.00359978
-0.00379946
-0.00398602
-0.00416273
-0.00432945
-0.00446917
-0.00460116
-0.00471059
-0.00479498
-0.0048825
-0.0049528
-0.00501601
-0.00509595
-0.0051727
-0.00524561
-0.00533485
-0.00543585
-0.00553016
-0.00562683
-0.00572881
-0.00582479
-0.00591681
-0.00600377
-0.0060855
-0.00616932
-0.00625075
-0.00632495
-0.00639549
-0.00646054
-0.0065269
-0.00659519
-0.00666457
-0.00673656
-0.00681223
-0.00689428
-0.00697814
-0.007068
-0.0071626
-0.00725961
-0.00736139
-0.00745827
0.00198833
0.00185196
0.00127423
0.0006581
0.000186194
-9.05727e-05
-0.000179062
-0.000133619
-2.26537e-05
9.90164e-05
0.000198952
0.000263134
0.000288923
0.000282039
0.000252891
0.000212468
0.000169667
0.000130229
9.69872e-05
7.05046e-05
4.97477e-05
3.26787e-05
1.70258e-05
6.88433e-07
-1.78697e-05
-3.9669e-05
-6.5148e-05
-9.44263e-05
-0.00012731
-0.00016357
-0.000202928
-0.000245234
-0.000290432
-0.000338586
-0.000389943
-0.000444728
-0.000503415
-0.000566202
-0.000633692
-0.000705952
-0.000783739
-0.000866966
-0.000956441
-0.0010519
-0.00115416
-0.00126309
-0.00137927
-0.00150283
-0.00163369
-0.00177266
-0.00191876
-0.00207349
-0.00223463
-0.00240413
-0.00257934
-0.00276078
-0.0029473
-0.00313556
-0.00332773
-0.00351587
-0.00370377
-0.00388441
-0.00405453
-0.0042189
-0.0043625
-0.00449591
-0.0046155
-0.00471126
-0.00480623
-0.00488981
-0.00496225
-0.00504625
-0.0051301
-0.00520852
-0.00529804
-0.0053993
-0.00549609
-0.00559361
-0.00569645
-0.00579478
-0.00588797
-0.00597651
-0.00605998
-0.00614484
-0.00622883
-0.00630606
-0.0063786
-0.00644578
-0.00651475
-0.00658534
-0.0066566
-0.00673011
-0.006807
-0.00689013
-0.00697489
-0.00706543
-0.00716063
-0.00725824
-0.00736091
-0.00745835
0.00181731
0.00168098
0.00110299
0.000486648
1.46959e-05
-0.000261917
-0.000350051
-0.000304097
-0.000192518
-7.01751e-05
3.04664e-05
9.53778e-05
0.00012192
0.000115824
8.75084e-05
4.79763e-05
6.12852e-06
-3.22861e-05
-6.44414e-05
-8.97662e-05
-0.000109298
-0.000125054
-0.000139308
-0.000154137
-0.000171088
-0.000191163
-0.000214823
-0.000242155
-0.00027298
-0.000307017
-0.000344004
-0.000383736
-0.000426181
-0.000471349
-0.000519486
-0.000570769
-0.000625657
-0.000684356
-0.000747406
-0.000814943
-0.000887544
-0.000965294
-0.00104873
-0.00113791
-0.00123323
-0.00133491
-0.00144311
-0.00155831
-0.00168017
-0.00180952
-0.00194555
-0.0020893
-0.00223944
-0.00239669
-0.00256007
-0.00272862
-0.00290269
-0.00307863
-0.00325833
-0.00343642
-0.00361346
-0.00378725
-0.00395186
-0.00411226
-0.00425848
-0.00439324
-0.00451952
-0.004626
-0.00472734
-0.00482199
-0.00490462
-0.00499272
-0.00508287
-0.0051678
-0.00525878
-0.00536029
-0.00545969
-0.00555858
-0.00566202
-0.00576275
-0.00585781
-0.00594838
-0.00603388
-0.0061197
-0.00620607
-0.00628674
-0.00636164
-0.00643106
-0.00650278
-0.00657585
-0.00664916
-0.00672444
-0.00680292
-0.00688735
-0.00697326
-0.00706486
-0.00716083
-0.0072589
-0.00736147
-0.00745887
0.00164846
0.00151131
0.000932354
0.000315247
-0.000157171
-0.000433958
-0.00052202
-0.000475836
-0.000363948
-0.000241264
-0.000140268
-7.49876e-05
-4.80597e-05
-5.37363e-05
-8.15819e-05
-0.000120572
-0.000161794
-0.000199485
-0.000230818
-0.000255213
-0.000273709
-0.000288312
-0.000301294
-0.000314712
-0.000330119
-0.000348499
-0.000370323
-0.000395666
-0.000424353
-0.000456079
-0.000490574
-0.000527611
-0.000567147
-0.000609188
-0.000653946
-0.000701613
-0.000752571
-0.000807084
-0.000865581
-0.000928304
-0.000995655
-0.00106786
-0.00114525
-0.00122806
-0.00131648
-0.00141084
-0.00151119
-0.001618
-0.00173105
-0.00185087
-0.00197709
-0.00211015
-0.00224958
-0.00239523
-0.00254704
-0.00270367
-0.0028656
-0.00303022
-0.00319801
-0.00336632
-0.00353361
-0.00369963
-0.00385924
-0.00401476
-0.00416147
-0.00429751
-0.0044272
-0.00454228
-0.00464974
-0.0047527
-0.00484492
-0.00493791
-0.00503331
-0.00512438
-0.00521772
-0.00531963
-0.00542122
-0.00552158
-0.00562541
-0.00572828
-0.00582543
-0.00591809
-0.00600568
-0.00609239
-0.00618083
-0.006265
-0.00634254
-0.00641414
-0.00648847
-0.00656414
-0.00663965
-0.00671673
-0.0067967
-0.00688242
-0.00696938
-0.00706178
-0.00715844
-0.00725721
-0.00736064
-0.00745865
0.00151077
0.00137515
0.000797435
0.000181302
-0.00029032
-0.000566425
-0.000653858
-0.000607044
-0.000494515
-0.000371191
-0.000269575
-0.000203709
-0.000176236
-0.000181403
-0.000208765
-0.000247277
-0.000288017
-0.000325211
-0.000356035
-0.000379911
-0.000397891
-0.000411979
-0.000424451
-0.000437352
-0.000452221
-0.00047002
-0.000491205
-0.000515824
-0.000543681
-0.000574441
-0.000607802
-0.000643517
-0.000681507
-0.000721778
-0.000764504
-0.00080989
-0.000858256
-0.000909896
-0.000965158
-0.00102434
-0.00108774
-0.00115564
-0.00122825
-0.00130586
-0.0013886
-0.00147678
-0.00157044
-0.00166996
-0.00177527
-0.00188667
-0.00200409
-0.00212763
-0.00225727
-0.0023926
-0.00253378
-0.0026797
-0.00283057
-0.00298472
-0.00314182
-0.00330061
-0.00345911
-0.00361741
-0.00377204
-0.00392305
-0.00406894
-0.00420615
-0.00433791
-0.00445971
-0.00457302
-0.00468247
-0.00478355
-0.00488208
-0.00498209
-0.0050793
-0.00517635
-0.00527921
-0.00538307
-0.00548546
-0.00558982
-0.00569455
-0.00579391
-0.00588905
-0.00597932
-0.00606693
-0.00615681
-0.00624449
-0.00632504
-0.00639877
-0.00647559
-0.00655384
-0.00663153
-0.00671041
-0.00679198
-0.00687913
-0.00696735
-0.00706093
-0.00715846
-0.00725775
-0.00736121
-0.00745919
0.00124426
0.00110883
0.000532187
-8.08485e-05
-0.00054731
-0.000816395
-0.000895444
-0.000839831
-0.000718979
-0.000588327
-0.00048056
-0.000409715
-0.000378279
-0.000380137
-0.000404426
-0.000439759
-0.000477017
-0.000510362
-0.000537006
-0.000556463
-0.000569919
-0.000579524
-0.000587675
-0.000596496
-0.000607562
-0.000621828
-0.000639711
-0.000661208
-0.000686045
-0.000713832
-0.000744193
-0.000776852
-0.000811673
-0.000848663
-0.000887951
-0.00092975
-0.000974316
-0.00102195
-0.00107295
-0.00112763
-0.00118624
-0.00124906
-0.00131627
-0.00138814
-0.00146477
-0.00154642
-0.00163319
-0.00172532
-0.00182288
-0.00192603
-0.00203483
-0.00214925
-0.00226939
-0.00239483
-0.00252573
-0.00266132
-0.00280158
-0.00294551
-0.00309257
-0.00324194
-0.00339217
-0.0035427
-0.00369173
-0.00383807
-0.00398127
-0.00411844
-0.00425072
-0.0043765
-0.00449459
-0.00460894
-0.00471699
-0.00482122
-0.00492551
-0.00502795
-0.00512921
-0.0052335
-0.00533941
-0.00544408
-0.00554909
-0.00565555
-0.00575712
-0.00585479
-0.00594839
-0.00603743
-0.00612838
-0.00621952
-0.00630374
-0.00637992
-0.00645919
-0.00654026
-0.00662053
-0.00670148
-0.00678479
-0.00687346
-0.00696289
-0.00705739
-0.0071557
-0.00725576
-0.00736004
-0.00745864
0.00125361
0.00112175
0.000547861
-6.50042e-05
-0.000534595
-0.000810399
-0.000899438
-0.00085568
-0.000746823
-0.000626975
-0.000528051
-0.000463729
-0.000436488
-0.000440631
-0.000466049
-0.000502177
-0.000540571
-0.000575836
-0.000605338
-0.000628531
-0.000646363
-0.000660647
-0.000673419
-0.000686501
-0.00070124
-0.000718476
-0.000738583
-0.0007616
-0.000787341
-0.000815539
-0.000845926
-0.000878323
-0.000912644
-0.000948936
-0.000987318
-0.00102801
-0.00107125
-0.00111732
-0.00116644
-0.00121889
-0.00127485
-0.00133455
-0.00139815
-0.00146587
-0.00153786
-0.00161433
-0.00169544
-0.00178135
-0.00187225
-0.00196819
-0.00206938
-0.00217569
-0.00228735
-0.002404
-0.00252581
-0.00265219
-0.00278312
-0.00291786
-0.00305596
-0.0031967
-0.00333914
-0.00348247
-0.00362568
-0.00376747
-0.00390731
-0.00404363
-0.00417583
-0.0043039
-0.00442584
-0.00454405
-0.00465763
-0.00476705
-0.00487545
-0.00498207
-0.00508749
-0.00519372
-0.00530119
-0.00540839
-0.00551406
-0.00562174
-0.00572537
-0.00582486
-0.00592181
-0.00601283
-0.00610398
-0.00619767
-0.00628567
-0.00636418
-0.00644542
-0.00652896
-0.00661157
-0.00669435
-0.00677926
-0.00686945
-0.00696027
-0.00705606
-0.00715535
-0.00725604
-0.00736052
-0.00745915
-0.00202785
-0.00191177
-0.00135568
-0.000762418
-0.000313614
-5.93346e-05
7.76729e-06
-5.80917e-05
-0.000189164
-0.000331495
-0.000453394
-0.000541413
-0.000593351
-0.000615266
-0.000617487
-0.000610644
-0.000603099
-0.000600126
-0.000604292
-0.000616145
-0.000634786
-0.000658521
-0.000685458
-0.000713968
-0.000742894
-0.000771616
-0.00079997
-0.000828148
-0.000856546
-0.000885665
-0.00091598
-0.000947909
-0.00098176
-0.00101776
-0.00105606
-0.00109677
-0.00113995
-0.00118571
-0.00123413
-0.00128535
-0.00133953
-0.00139685
-0.00145755
-0.0015218
-0.00158986
-0.00166189
-0.00173814
-0.00181872
-0.00190389
-0.00199366
-0.00208828
-0.00218763
-0.00229193
-0.00240092
-0.00251473
-0.00263297
-0.00275558
-0.00288207
-0.00301203
-0.00314497
-0.00328011
-0.00341689
-0.00355434
-0.00369172
-0.00382805
-0.00396269
-0.00409442
-0.00422339
-0.00434818
-0.00446939
-0.00458742
-0.00470145
-0.00481409
-0.00492481
-0.00503425
-0.00514367
-0.0052529
-0.00536301
-0.00547043
-0.00557932
-0.00568571
-0.00578719
-0.00588757
-0.00598222
-0.00607414
-0.00616984
-0.00626234
-0.00634416
-0.00642761
-0.00651392
-0.00659944
-0.00668456
-0.00677137
-0.00686326
-0.00695541
-0.00705225
-0.00715237
-0.00725384
-0.00735907
-0.00745828
0.00103864
0.000907159
0.000333263
-0.000280028
-0.000750457
-0.00102752
-0.00111804
-0.00107573
-0.000968089
-0.00084917
-0.000750906
-0.000687022
-0.000659988
-0.000664117
-0.000689361
-0.00072526
-0.000763485
-0.000798743
-0.000828414
-0.000851912
-0.000870094
-0.000884669
-0.000897573
-0.000910554
-0.000924913
-0.000941466
-0.000960579
-0.000982297
-0.00100644
-0.00103277
-0.001061
-0.00109097
-0.00112257
-0.00115581
-0.00119077
-0.00122762
-0.00126654
-0.00130775
-0.00135148
-0.00139793
-0.00144731
-0.00149978
-0.00155555
-0.00161475
-0.00167758
-0.00174415
-0.00181469
-0.00188924
-0.00196807
-0.00205115
-0.00213875
-0.00223077
-0.00232744
-0.00242858
-0.00253429
-0.00264434
-0.00275861
-0.00287688
-0.00299868
-0.00312381
-0.00325148
-0.00338144
-0.00351269
-0.00364489
-0.00377697
-0.00390853
-0.00403861
-0.00416673
-0.00429257
-0.00441516
-0.00453577
-0.00465288
-0.00476832
-0.00488217
-0.00499403
-0.0051062
-0.00521659
-0.00532822
-0.00543741
-0.00554639
-0.00565473
-0.00575779
-0.00585982
-0.00595801
-0.00605085
-0.00614684
-0.00624287
-0.00632794
-0.00641299
-0.00650126
-0.00658923
-0.00667631
-0.00676472
-0.0068582
-0.00695189
-0.00705014
-0.00715141
-0.00725367
-0.00735928
-0.00745864
-0.00237963
-0.00225842
-0.00169541
-0.00109382
-0.000636027
-0.000372675
-0.000296961
-0.000355119
-0.000479525
-0.000616071
-0.000732794
-0.000815999
-0.00086327
-0.000880328
-0.000877303
-0.000864807
-0.000851328
-0.000842312
-0.00084048
-0.000846516
-0.000859629
-0.000878192
-0.000900333
-0.000924398
-0.000949178
-0.000973984
-0.000998577
-0.00102307
-0.00104781
-0.00107322
-0.00109978
-0.00112785
-0.00115777
-0.00118973
-0.00122389
-0.00126033
-0.00129911
-0.00134028
-0.00138389
-0.00143
-0.00147875
-0.00153024
-0.00158463
-0.00164206
-0.00170273
-0.00176675
-0.00183436
-0.00190562
-0.00198076
-0.00205984
-0.00214304
-0.00223037
-0.00232194
-0.00241773
-0.00251775
-0.00262196
-0.00273017
-0.00284233
-0.00295802
-0.00307717
-0.00319912
-0.00332375
-0.00345024
-0.00357827
-0.00370714
-0.00383619
-0.0039651
-0.00409272
-0.00421951
-0.00434383
-0.00446682
-0.00458736
-0.00470587
-0.00482352
-0.00493846
-0.00505403
-0.00516722
-0.00528082
-0.00539318
-0.00550346
-0.00561403
-0.00572026
-0.00582404
-0.00592631
-0.00602235
-0.00611892
-0.00621822
-0.00630784
-0.00639542
-0.00648586
-0.00657674
-0.00666645
-0.00675683
-0.00685203
-0.00694707
-0.0070464
-0.0071485
-0.00725147
-0.00735772
-0.00745756
0.00083675
0.000704034
0.000128683
-0.000485773
-0.000956753
-0.00123358
-0.00132309
-0.00127923
-0.00116986
-0.00104927
-0.000949576
-0.000884568
-0.000856747
-0.00086045
-0.000885549
-0.000921425
-0.000959567
-0.000994541
-0.00102367
-0.00104636
-0.0010635
-0.00107686
-0.00108845
-0.00110005
-0.00111302
-0.00112818
-0.00114591
-0.00116622
-0.00118891
-0.00121368
-0.00124024
-0.00126834
-0.00129787
-0.00132878
-0.00136115
-0.00139511
-0.00143081
-0.00146847
-0.00150827
-0.00155041
-0.00159505
-0.00164234
-0.00169244
-0.00174546
-0.00180154
-0.00186081
-0.00192341
-0.00198944
-0.00205906
-0.00213234
-0.00220943
-0.0022904
-0.00237535
-0.00246431
-0.0025573
-0.0026543
-0.00275523
-0.00286002
-0.00296845
-0.00308036
-0.00319541
-0.0033133
-0.00343363
-0.00355592
-0.00367982
-0.00380455
-0.00393003
-0.00405515
-0.00418016
-0.00430389
-0.00442663
-0.00454802
-0.00466742
-0.00478643
-0.00490278
-0.0050195
-0.00513412
-0.00524821
-0.00536194
-0.00547262
-0.00558353
-0.00569194
-0.00579622
-0.00590042
-0.00599958
-0.00609614
-0.00619652
-0.00628986
-0.00637971
-0.00647145
-0.00656454
-0.00665645
-0.00674852
-0.00684538
-0.00694225
-0.00704315
-0.00714661
-0.00725059
-0.00735745
-0.00745763
-0.00257392
-0.00245087
-0.0018858
-0.00128233
-0.000823143
-0.000559019
-0.000483153
-0.000541573
-0.00066636
-0.000803149
-0.000919814
-0.00100257
-0.00104894
-0.00106465
-0.00105996
-0.00104561
-0.00103025
-0.00101947
-0.00101604
-0.00102066
-0.0010325
-0.00104987
-0.00107081
-0.00109361
-0.001117
-0.00114026
-0.00116313
-0.00118573
-0.0012084
-0.0012316
-0.00125579
-0.00128138
-0.00130869
-0.00133792
-0.00136921
-0.00140263
-0.00143821
-0.00147597
-0.00151593
-0.00155814
-0.00160267
-0.00164962
-0.00169911
-0.00175126
-0.00180621
-0.0018641
-0.00192507
-0.00198924
-0.00205676
-0.00212772
-0.00220225
-0.00228041
-0.00236228
-0.00244791
-0.00253736
-0.00263059
-0.00272762
-0.00282833
-0.00293268
-0.00304043
-0.00315151
-0.00326553
-0.00338233
-0.00350141
-0.00362258
-0.0037452
-0.00386905
-0.00399344
-0.00411819
-0.00424269
-0.00436656
-0.00448987
-0.00461159
-0.00473294
-0.00485219
-0.00497127
-0.00508881
-0.00520519
-0.00532112
-0.00543412
-0.00554645
-0.00565793
-0.0057645
-0.00587068
-0.00597406
-0.00607258
-0.00617403
-0.00627148
-0.00636491
-0.00645831
-0.00655353
-0.006648
-0.0067419
-0.00684019
-0.00693821
-0.00704006
-0.00714423
-0.00724874
-0.00735606
-0.00745655
0.000688023
0.000554238
-2.2293e-05
-0.000637712
-0.00110922
-0.00138602
-0.00147494
-0.0014301
-0.00131959
-0.00119795
-0.00109742
-0.00103191
-0.00100397
-0.0010079
-0.00103346
-0.0010699
-0.00110856
-0.00114388
-0.00117312
-0.00119565
-0.00121239
-0.00122517
-0.00123606
-0.00124692
-0.00125914
-0.00127358
-0.00129062
-0.00131026
-0.00133228
-0.00135635
-0.00138214
-0.00140936
-0.00143786
-0.00146759
-0.00149857
-0.00153093
-0.00156482
-0.00160041
-0.00163789
-0.00167742
-0.00171915
-0.0017632
-0.00180968
-0.00185871
-0.00191038
-0.00196479
-0.00202204
-0.00208224
-0.00214548
-0.00221186
-0.0022815
-0.00235449
-0.00243093
-0.00251086
-0.00259439
-0.00268147
-0.00277221
-0.00286646
-0.00296433
-0.00306554
-0.00317014
-0.00327777
-0.0033884
-0.00350159
-0.00361719
-0.00373476
-0.00385397
-0.00397449
-0.00409575
-0.0042176
-0.00433937
-0.0044611
-0.00458199
-0.00470261
-0.00482193
-0.00494093
-0.00505871
-0.00517539
-0.00529113
-0.00540457
-0.00551668
-0.00562892
-0.00573668
-0.00584298
-0.00594833
-0.0060484
-0.00614995
-0.00624974
-0.00634618
-0.00644114
-0.00653821
-0.00663521
-0.00673132
-0.00683154
-0.00693158
-0.00703536
-0.00714112
-0.00724698
-0.00735513
-0.0074562
-0.00260391
-0.00248108
-0.00191669
-0.00131465
-0.000857715
-0.000596659
-0.000524531
-0.000586996
-0.00071576
-0.000856211
-0.000976108
-0.00106163
-0.00111029
-0.00112797
-0.00112506
-0.00111252
-0.00109913
-0.00109059
-0.00108971
-0.00109715
-0.00111202
-0.0011325
-0.00115652
-0.00118227
-0.00120842
-0.00123421
-0.00125936
-0.00128399
-0.00130847
-0.00133328
-0.0013589
-0.00138574
-0.00141413
-0.00144425
-0.00147621
-0.00151006
-0.00154579
-0.00158339
-0.00162285
-0.0016642
-0.00170748
-0.00175277
-0.00180018
-0.00184982
-0.00190182
-0.0019563
-0.00201339
-0.00207323
-0.00213593
-0.0022016
-0.00227036
-0.00234226
-0.00241743
-0.0024959
-0.00257779
-0.00266307
-0.00275187
-0.00284405
-0.00293976
-0.00303878
-0.00314117
-0.00324668
-0.00335524
-0.00346658
-0.00358046
-0.00369667
-0.00381474
-0.00393453
-0.00405545
-0.00417729
-0.00429953
-0.00442189
-0.0045439
-0.00466571
-0.00478679
-0.0049077
-0.00502725
-0.00514568
-0.00526265
-0.00537828
-0.00549241
-0.00560632
-0.00571632
-0.00582381
-0.00593127
-0.00603405
-0.0061364
-0.00623777
-0.00633693
-0.00643327
-0.00653135
-0.00662996
-0.00672734
-0.00682838
-0.00692913
-0.00703351
-0.00713972
-0.00724588
-0.00735421
-0.00745544
0.000674224
0.000537571
-4.22488e-05
-0.000661308
-0.0011365
-0.00141676
-0.00150872
-0.00146644
-0.00135815
-0.00123858
-0.00114018
-0.00107702
-0.00105178
-0.00105882
-0.00108786
-0.00112804
-0.00117053
-0.00120962
-0.00124242
-0.00126827
-0.00128807
-0.00130367
-0.0013172
-0.00133057
-0.00134522
-0.00136204
-0.00138142
-0.00140338
-0.00142768
-0.00145396
-0.00148184
-0.00151101
-0.00154129
-0.00157257
-0.00160487
-0.00163827
-0.00167291
-0.00170895
-0.00174656
-0.00178587
-0.00182703
-0.00187015
-0.00191533
-0.00196266
-0.0020122
-0.00206406
-0.0021183
-0.00217502
-0.0022343
-0.00229623
-0.00236091
-0.00242844
-0.00249893
-0.00257243
-0.00264908
-0.00272884
-0.00281193
-0.00289817
-0.00298783
-0.00308062
-0.00317677
-0.00327599
-0.00337834
-0.00348361
-0.00359157
-0.00370221
-0.00381495
-0.00392988
-0.00404619
-0.00416386
-0.00428244
-0.00440145
-0.00452105
-0.00464067
-0.00475997
-0.00487936
-0.00499717
-0.00511484
-0.00523084
-0.00534585
-0.00546034
-0.0055738
-0.00568403
-0.00579239
-0.00590076
-0.00600552
-0.00610926
-0.00621176
-0.00631368
-0.00641283
-0.00651296
-0.00661405
-0.00671419
-0.00681763
-0.00692069
-0.00702733
-0.00713547
-0.00724318
-0.00735262
-0.00745479
)
;

boundaryField
{
    zeroGradient
    {
        type            zeroGradient;
    }
    inlet
    {
        type            zeroGradient;
    }
    fixedWalls
    {
        type            zeroGradient;
    }
    frontAndBack
    {
        type            empty;
    }
}


// ************************************************************************* //
