/*--------------------------------*- C++ -*----------------------------------*\
| =========                 |                                                 |
| \\      /  F ield         | OpenFOAM: The Open Source CFD Toolbox           |
|  \\    /   O peration     | Version:  2312                                  |
|   \\  /    A nd           | Website:  www.openfoam.com                      |
|    \\/     M anipulation  |                                                 |
\*---------------------------------------------------------------------------*/
FoamFile
{
    version     2.0;
    format      ascii;
    arch        "LSB;label=32;scalar=64";
    class       volScalarField;
    location    "0.1";
    object      p;
}
// * * * * * * * * * * * * * * * * * * * * * * * * * * * * * * * * * * * * * //

dimensions      [0 2 -2 0 0 0 0];

internalField   nonuniform List<scalar> 
5600
(
-2.43164e-10
0.00217127
0.00085662
0.00164469
0.00160426
0.00147123
0.00169204
0.00199625
0.0018521
0.00208593
0.0023635
0.00242239
0.00246863
0.00280056
0.00302341
0.00311666
0.00325088
0.0035433
0.00384764
0.0040341
0.004197
0.00448682
0.00489053
0.00519395
0.00541581
0.00567891
0.00604725
0.00644748
0.00692409
0.00739534
0.00781193
0.00829857
0.00893877
0.00954508
0.0101013
0.0105474
0.0109255
0.0112257
0.0114553
0.0113841
1.73515e-05
0.00215644
0.000864207
0.00164423
0.00160177
0.00147044
0.00169678
0.00199492
0.0018526
0.00208346
0.00236544
0.00242179
0.00247048
0.00279406
0.00302311
0.00311428
0.0032492
0.00354045
0.00384643
0.00403113
0.00419354
0.00447977
0.00485972
0.00518305
0.00540501
0.00566586
0.00603105
0.00642578
0.0068937
0.00733807
0.00770499
0.00810829
0.00855537
0.00900676
0.00941423
0.0097611
0.00998112
0.0100885
0.0100149
0.00961511
3.26903e-05
0.00216187
0.00086682
0.00163821
0.00160394
0.00147579
0.00170075
0.00199056
0.00185477
0.00208588
0.00236524
0.00242048
0.00247275
0.00279024
0.00302299
0.00311266
0.00324596
0.00354015
0.00384345
0.00402634
0.00418806
0.00446962
0.00484578
0.00516876
0.00539039
0.00564701
0.00600655
0.00639194
0.00684316
0.00726618
0.007608
0.00799263
0.00843964
0.00893024
0.0093232
0.00956371
0.00973928
0.00980223
0.00969762
0.00930559
5.95261e-05
0.0021563
0.00087169
0.001632
0.00160662
0.00147892
0.0017066
0.00198537
0.00185823
0.00208481
0.00236579
0.00241866
0.00247558
0.00278294
0.0030225
0.00310862
0.00324159
0.00353603
0.00383858
0.00401892
0.00417949
0.00445561
0.00482367
0.00514854
0.00536908
0.0056165
0.00596813
0.00634149
0.00677101
0.00716704
0.00746216
0.00777997
0.00813572
0.00851069
0.00880481
0.00897675
0.00906142
0.00902736
0.00883042
0.00837689
8.18859e-05
0.00215673
0.000875762
0.00162363
0.00161104
0.00148287
0.00171009
0.00198039
0.00186161
0.00208413
0.00236577
0.00241619
0.00247583
0.00277822
0.00302048
0.00310403
0.00323581
0.00353017
0.00383111
0.00400863
0.00416629
0.00443722
0.00479852
0.00512119
0.00533776
0.00557489
0.00591478
0.00627109
0.00667179
0.00704038
0.0072972
0.00756891
0.00788987
0.00822134
0.00847822
0.00862665
0.00868264
0.00863025
0.00842955
0.00799035
0.000111108
0.0021492
0.000883819
0.00161494
0.00161454
0.00148403
0.001716
0.00197529
0.00186472
0.00208031
0.00236714
0.00241322
0.00247498
0.00277135
0.00301655
0.00309773
0.00322733
0.00352146
0.00382057
0.00399522
0.00414874
0.00441336
0.00476581
0.00508529
0.00529723
0.00551746
0.00584169
0.00618113
0.00655039
0.00688839
0.00710881
0.00733542
0.00760287
0.00787854
0.00808781
0.00818419
0.00819268
0.00810336
0.00787385
0.00741785
0.000137569
0.0021444
0.000891825
0.00160372
0.00161955
0.00148587
0.00171914
0.00196974
0.00186769
0.00207673
0.00236668
0.00240946
0.00247136
0.00276427
0.00301085
0.00309063
0.00321695
0.00350893
0.00380628
0.00397784
0.00412532
0.00438272
0.00472768
0.00503953
0.00524327
0.0054457
0.00575007
0.00607037
0.00640498
0.00671091
0.00690114
0.00707927
0.00730293
0.0075439
0.00772655
0.00781019
0.00780997
0.00771943
0.00749709
0.00704829
0.000169787
0.00213219
0.00090428
0.00159179
0.00162391
0.00148505
0.00172418
0.00196476
0.00186975
0.00207047
0.00236634
0.00240633
0.00246612
0.00275562
0.00300263
0.0030813
0.0032033
0.00349381
0.00378801
0.00395645
0.00409634
0.00434514
0.00467918
0.00498192
0.00517736
0.00535646
0.00563494
0.00593656
0.00623664
0.00651056
0.00667139
0.00681028
0.00699852
0.0072029
0.00736404
0.0074368
0.00742797
0.00733954
0.0071347
0.00671879
0.000200373
0.0021211
0.000917499
0.00157693
0.00162964
0.0014848
0.00172592
0.00195918
0.00187183
0.00206431
0.00236311
0.00240201
0.00245808
0.00274432
0.00299345
0.00306999
0.00318717
0.00347206
0.00376452
0.00392937
0.00405998
0.00429887
0.00462207
0.00491303
0.0050957
0.00525222
0.00550242
0.00577897
0.00604274
0.00628171
0.00641822
0.00652452
0.00668447
0.00687769
0.00704138
0.0071305
0.00714636
0.00708344
0.00689394
0.00644749
0.000236357
0.00210229
0.000935415
0.001561
0.00163466
0.00148238
0.00172875
0.0019548
0.00187229
0.00205567
0.00235946
0.00239839
0.00244887
0.00272944
0.00298163
0.00305556
0.00316714
0.00344487
0.00373714
0.00389674
0.00401713
0.00424203
0.00455232
0.00482911
0.00499982
0.00513318
0.00534946
0.00560466
0.00583491
0.0060273
0.00612653
0.00618283
0.0062862
0.00643781
0.00659141
0.00669405
0.00675096
0.00681718
0.00698152
0.00737757
0.000271601
0.00208302
0.000955016
0.00154183
0.00164082
0.00148081
0.00172737
0.00194996
0.00187282
0.00204694
0.00235078
0.00239313
0.00243657
0.00271204
0.00296679
0.00303982
0.0031429
0.00341182
0.00370111
0.00385657
0.00396591
0.00417414
0.00446968
0.00473304
0.00488853
0.00499588
0.00517706
0.00540588
0.00561046
0.00577586
0.00586075
0.00590365
0.00599158
0.0061379
0.00630109
0.0064226
0.00650572
0.00659847
0.0067741
0.00713379
0.000312012
0.00205566
0.000979436
0.00152125
0.00164574
0.00147798
0.00172574
0.00194648
0.00187148
0.00203532
0.00234345
0.00238787
0.00242346
0.00268963
0.00294766
0.00302121
0.00311304
0.00337242
0.00365747
0.00381076
0.00390625
0.00409492
0.00437321
0.0046208
0.0047612
0.00484747
0.00499204
0.00519261
0.00537995
0.00552249
0.00559223
0.00562948
0.00571552
0.00586092
0.00601594
0.00613197
0.00621632
0.00632034
0.00651977
0.00691749
0.000352701
0.00202589
0.00100651
0.00149727
0.00165111
0.00147687
0.00171893
0.00194239
0.00187058
0.00202241
0.00232679
0.00237982
0.0024072
0.00266332
0.00292448
0.00299945
0.00307883
0.00332482
0.00360459
0.00375567
0.00383743
0.00400365
0.00426273
0.00449551
0.00462153
0.00468529
0.00479673
0.00497307
0.00514691
0.00527853
0.0053432
0.0053728
0.00544756
0.00557937
0.00572581
0.00584356
0.00593643
0.00605052
0.00625602
0.00665291
0.000398229
0.0019879
0.00103811
0.00147196
0.00165437
0.00147591
0.00171012
0.00193906
0.00186839
0.00200598
0.00231056
0.00237238
0.00238874
0.0026326
0.00289522
0.00297332
0.00303918
0.00326825
0.0035429
0.00369203
0.0037597
0.00389996
0.00413773
0.00435683
0.0044691
0.00451387
0.00459745
0.00474954
0.00491221
0.00503909
0.00509962
0.00511652
0.00517232
0.00529263
0.00543512
0.00555595
0.00565284
0.00576793
0.00596981
0.00636125
0.000445185
0.00194534
0.0010731
0.00144356
0.00165659
0.00147791
0.00169551
0.0019338
0.0018675
0.00198684
0.0022895
0.00236122
0.00236742
0.00259574
0.00286046
0.00294332
0.00299382
0.00320209
0.00346994
0.00361863
0.00367246
0.00378399
0.00399796
0.00420613
0.00431015
0.00433753
0.00439163
0.00451998
0.0046731
0.00479436
0.00485537
0.00486731
0.00490244
0.00500424
0.00514051
0.00526506
0.00536678
0.00548345
0.0056829
0.00607093
0.000496502
0.00189467
0.00111184
0.00141462
0.00165568
0.0014815
0.00167742
0.00192844
0.00186675
0.00196361
0.00226268
0.00234998
0.00234437
0.00255116
0.00281833
0.00290838
0.00294287
0.00312537
0.0033844
0.00353623
0.00357805
0.00365697
0.00384317
0.00404236
0.00414372
0.00415733
0.00418284
0.00428393
0.00442574
0.00454633
0.0046123
0.00462603
0.00464262
0.00471764
0.00484084
0.00496868
0.0050796
0.00520118
0.00540019
0.00578478
0.000550288
0.00183771
0.00115352
0.0013843
0.00165147
0.0014887
0.00165401
0.00191681
0.00186777
0.00193771
0.00222824
0.00233525
0.00232017
0.00249941
0.0027664
0.00286856
0.00288806
0.00303759
0.00328333
0.00344249
0.00347805
0.00352279
0.00367382
0.00386192
0.00396904
0.00397725
0.00397525
0.00404332
0.00417001
0.00429269
0.00436627
0.00438703
0.00439359
0.00444167
0.00454268
0.00466658
0.00478716
0.00491842
0.0051209
0.00550384
0.000607731
0.0017732
0.00119737
0.00135547
0.00164179
0.00149845
0.00162783
0.00189982
0.00186935
0.00190912
0.00218475
0.00231703
0.0022978
0.00244025
0.00270053
0.00282183
0.00283151
0.00294097
0.0031657
0.0033344
0.00337226
0.00338661
0.00349415
0.00366354
0.0037808
0.00379593
0.00377389
0.00380573
0.00390794
0.00402944
0.00411429
0.00414725
0.00415362
0.00418076
0.00425497
0.00436483
0.00448898
0.00463134
0.00484175
0.00522666
0.000667754
0.0017025
0.00124191
0.00132889
0.0016249
0.00151131
0.00159973
0.00187268
0.00187106
0.00188159
0.00213134
0.00229063
0.0022765
0.00237704
0.00261954
0.00276362
0.00277347
0.00283987
0.00303136
0.00320656
0.00325696
0.00325149
0.00331285
0.00345013
0.0035728
0.00360648
0.00358014
0.00357934
0.0036478
0.00375784
0.0038521
0.00390069
0.00391502
0.00393184
0.00398282
0.00407281
0.00419158
0.00434115
0.00456158
0.00495246
0.000730207
0.00162607
0.00128438
0.00130761
0.00159874
0.00152508
0.00157345
0.00183477
0.00186924
0.00185744
0.00207006
0.00225239
0.0022552
0.0023138
0.00252358
0.00268764
0.00271132
0.00274056
0.00288688
0.003057
0.00312599
0.00311652
0.00313749
0.00323297
0.00334598
0.00339994
0.00338647
0.00336708
0.00340027
0.0034859
0.00358022
0.00364292
0.00367042
0.0036876
0.00372418
0.00379543
0.00390323
0.0040535
0.00428117
0.00467881
0.000793652
0.00154652
0.00132202
0.00129303
0.00156258
0.00153758
0.00155154
0.00178558
0.0018595
0.00183913
0.0020052
0.00219767
0.00222686
0.00225405
0.00242013
0.00259072
0.00263627
0.00264441
0.00274072
0.00288749
0.00297328
0.00297423
0.00296938
0.00302203
0.0031103
0.00317414
0.00318145
0.00316251
0.00316961
0.00322495
0.00330558
0.00337442
0.00341543
0.00344016
0.00347228
0.00353106
0.0036273
0.00377342
0.00400382
0.0044064
0.000856626
0.00146668
0.00134823
0.00128664
0.0015193
0.0015428
0.00153586
0.00173109
0.0018372
0.00182481
0.00194207
0.00212506
0.00218442
0.00219842
0.00231604
0.00247293
0.00254126
0.00254747
0.00259971
0.00271015
0.00279869
0.00281649
0.00280373
0.00282156
0.00287833
0.00293578
0.00295935
0.00295273
0.00295043
0.00298007
0.00303914
0.00310283
0.00315188
0.00318638
0.00322141
0.00327499
0.00336272
0.00350303
0.00373281
0.00413796
0.000916553
0.00139146
0.00136037
0.00128834
0.00147331
0.00153642
0.00152649
0.00167569
0.00179986
0.00180678
0.00188291
0.00203992
0.00212366
0.00214081
0.00221534
0.00234352
0.00242421
0.0024395
0.00246392
0.00253488
0.0026096
0.00263992
0.00263189
0.00262983
0.00265665
0.00269742
0.00272517
0.00273093
0.00273087
0.00274672
0.00278569
0.00283733
0.00288655
0.00292805
0.00296872
0.00302257
0.00310635
0.00324216
0.00346978
0.00387543
0.000970902
0.00132495
0.00135622
0.00129493
0.00142963
0.00151605
0.00151657
0.00162381
0.00174778
0.00177762
0.00182815
0.00195119
0.00204369
0.00207176
0.0021179
0.0022113
0.00228861
0.00231484
0.00232713
0.00236525
0.00241745
0.00244836
0.00244791
0.00243899
0.00244491
0.00246636
0.00248838
0.00249994
0.00250493
0.00251629
0.00254259
0.00258203
0.00262652
0.00267035
0.00271569
0.00277226
0.00285557
0.00298913
0.00321487
0.00362012
0.00101704
0.00127074
0.00133796
0.00129855
0.00139093
0.00148393
0.00150096
0.00157639
0.00168637
0.00173451
0.00177327
0.00186272
0.00194899
0.00198723
0.00201893
0.0020805
0.00214296
0.00217365
0.00218264
0.00219941
0.00222851
0.00225081
0.0022533
0.00224358
0.00223802
0.00224353
0.00225544
0.00226595
0.00227377
0.00228466
0.00230486
0.00233583
0.0023745
0.00241746
0.0024653
0.00252471
0.00260929
0.00274249
0.00296732
0.00337218
0.00105293
0.00122888
0.00130921
0.00129521
0.00135779
0.00144388
0.00147578
0.00153121
0.00162055
0.00167651
0.00171214
0.00177497
0.00184602
0.0018872
0.00191247
0.00195046
0.00199375
0.00202059
0.0020282
0.00203266
0.00204338
0.00205343
0.00205296
0.00204275
0.00203165
0.00202663
0.00202841
0.00203397
0.00204141
0.00205237
0.00207009
0.0020964
0.00213071
0.00217174
0.00222028
0.00228164
0.00236792
0.00250188
0.00272676
0.00313163
0.00107752
0.0011967
0.00127475
0.0012822
0.00132671
0.0013994
0.00143981
0.00148387
0.00155265
0.00160706
0.00164169
0.00168591
0.00173869
0.0017753
0.00179649
0.00181865
0.0018439
0.00186168
0.00186575
0.00186271
0.00186062
0.00185869
0.00185196
0.00183934
0.00182481
0.00181325
0.00180722
0.00180681
0.00181131
0.001821
0.00183723
0.00186119
0.00189304
0.00193263
0.00198126
0.00204389
0.0021318
0.00226711
0.00249285
0.00289831
0.00109081
0.00117051
0.00123823
0.00125962
0.00129443
0.00135232
0.00139413
0.00143156
0.00148283
0.00152952
0.00156134
0.00159262
0.00162854
0.00165602
0.00167184
0.00168283
0.00169357
0.00170066
0.00169869
0.00168986
0.00167902
0.00166735
0.00165356
0.00163703
0.00161916
0.00160296
0.00159121
0.00158539
0.00158588
0.00159297
0.00160734
0.00162965
0.00166009
0.00169888
0.00174755
0.00181094
0.00189991
0.00203614
0.0022625
0.00266841
0.00109341
0.00114641
0.00120118
0.00122893
0.00125833
0.00130283
0.00134081
0.00137271
0.00141007
0.00144613
0.00147214
0.00149361
0.00151549
0.00153213
0.00154074
0.00154289
0.00154252
0.00153942
0.00153028
0.00151606
0.00149895
0.00148028
0.00146055
0.0014398
0.00141862
0.00139888
0.00138295
0.00137263
0.00136907
0.00137316
0.00138558
0.00140661
0.00143624
0.00147468
0.00152353
0.00158761
0.00167755
0.00181472
0.00204177
0.00244813
0.00108653
0.00112172
0.0011637
0.00119173
0.00121705
0.00125032
0.00128134
0.00130706
0.00133312
0.001358
0.00137613
0.00138897
0.00139939
0.00140562
0.00140628
0.00140064
0.00139147
0.00137908
0.00136222
0.00134182
0.00131827
0.0012928
0.00126654
0.00123988
0.00121352
0.00118899
0.00116818
0.00115286
0.00114462
0.00114489
0.00115467
0.00117442
0.00120425
0.00124437
0.00129632
0.00136445
0.00145884
0.00160037
0.00183136
0.00224112
0.00107115
0.00109435
0.00112508
0.00114945
0.00117027
0.00119405
0.0012168
0.00123527
0.00125158
0.00126586
0.0012752
0.00127952
0.00128039
0.00127762
0.00127109
0.00125947
0.00124533
0.00122789
0.00120788
0.00118544
0.00116023
0.00113339
0.00110533
0.00107625
0.00104682
0.00101823
0.000991678
0.000968824
0.000951597
0.000941781
0.000940719
0.000949284
0.000967891
0.000997252
0.00103902
0.00109766
0.00118342
0.00131744
0.00154245
0.00194851
0.00104815
0.00106302
0.00108406
0.00110263
0.00111799
0.00113341
0.00114742
0.00115793
0.00116527
0.00116977
0.00116999
0.0011659
0.00115756
0.0011457
0.00112978
0.00110992
0.00108698
0.0010608
0.00103267
0.00100223
0.00097011
0.000937165
0.000903515
0.000869978
0.000837345
0.000806343
0.000778283
0.000754903
0.000738037
0.000729798
0.000732257
0.000747124
0.000775618
0.000818419
0.000876802
0.000954267
0.00105948
0.00121183
0.00145263
0.00187093
0.00101812
0.00102723
0.00104033
0.00105228
0.00106151
0.00106916
0.00107488
0.00107733
0.00107658
0.00107257
0.00106537
0.00105464
0.00104095
0.001025
0.00100633
0.000986717
0.000964851
0.000942946
0.000920682
0.000898269
0.000876884
0.000856183
0.000836402
0.000817712
0.000799613
0.000781172
0.000761353
0.000738504
0.000710681
0.000675866
0.000632291
0.000578572
0.00051384
0.00043785
0.000349119
0.000243297
0.000110486
-6.99649e-05
-0.00034052
-0.000791114
0.000981935
0.000986348
0.000992452
0.000997365
0.000999645
0.000999537
0.000996774
0.000990838
0.000981255
0.000968377
0.000951687
0.000931726
0.000908133
0.000881621
0.00085238
0.000820317
0.000786659
0.000750819
0.000713938
0.000676318
0.00063794
0.000599797
0.000562149
0.000525514
0.000490832
0.000459089
0.000431473
0.000409674
0.000395589
0.000391077
0.000397893
0.000417506
0.000450359
0.000496499
0.000557053
0.000635836
0.000742
0.000895334
0.00113738
0.00155721
0.000941266
0.000942341
0.000942987
0.000941742
0.00093773
0.000930839
0.000921175
0.000908481
0.000892818
0.000874654
0.000853658
0.000831352
0.000806593
0.000781156
0.000754987
0.000727663
0.000701087
0.000674275
0.000647659
0.000621886
0.000596564
0.000571252
0.000545871
0.000519831
0.000491944
0.000460973
0.000425751
0.00038504
0.000337702
0.000283083
0.000221178
0.000152421
7.74524e-05
-4.07623e-06
-9.42434e-05
-0.000198415
-0.000327853
-0.000504407
-0.000770921
-0.00121671
0.000894741
0.000892286
0.000887224
0.000879155
0.000867706
0.000852976
0.00083491
0.000813613
0.00078902
0.00076117
0.000730825
0.000697243
0.000662149
0.000624592
0.000585401
0.000545579
0.000504073
0.000462415
0.000420772
0.00037905
0.000338009
0.00029845
0.000260758
0.000225674
0.000194559
0.000168787
0.0001495
0.000137965
0.000135401
0.000142447
0.000159013
0.000184167
0.000217375
0.000259006
0.000311087
0.000378901
0.000473698
0.000617335
0.000852639
0.00126893
0.000849776
0.000845348
0.000836675
0.000824058
0.000807749
0.000787931
0.000765128
0.000739468
0.000711652
0.000681983
0.000650786
0.000619077
0.000586272
0.000553748
0.000521329
0.000488833
0.00045748
0.000426511
0.000396041
0.000366581
0.000337636
0.000308773
0.000279866
0.000250352
0.000219145
0.000185083
0.000147117
0.000104062
5.47269e-05
-1.58644e-06
-6.48543e-05
-0.000134182
-0.000209054
-0.000289934
-0.000378997
-0.000481631
-0.000609049
-0.000783079
-0.00104665
-0.00148923
0.000794842
0.000787206
0.000773332
0.000754124
0.000730198
0.000702286
0.000670748
0.000636299
0.000599005
0.000559511
0.000518312
0.000475446
0.000432304
0.000388258
0.000344288
0.000300936
0.000257537
0.000215301
0.000174243
0.000134151
9.57421e-05
5.94506e-05
2.54326e-05
-5.63966e-06
-3.26886e-05
-5.46332e-05
-7.04233e-05
-7.88243e-05
-7.86762e-05
-6.93465e-05
-5.09039e-05
-2.41009e-05
1.04742e-05
5.315e-05
0.000105988
0.000174291
0.00026916
0.000412338
0.000646704
0.00106171
0.00075939
0.000750853
0.00073504
0.000713279
0.000686635
0.000655893
0.000621957
0.000585475
0.000547349
0.000508177
0.000468275
0.000428874
0.000389259
0.000351306
0.000314235
0.000278522
0.000245043
0.000212825
0.000182463
0.000154124
0.000127181
0.000101416
7.66808e-05
5.21346e-05
2.66896e-05
-7.59292e-07
-3.14305e-05
-6.68295e-05
-0.000108293
-0.000156605
-0.000211967
-0.000274009
-0.000342356
-0.000417389
-0.000501235
-0.000599277
-0.00072269
-0.000893308
-0.00115413
-0.00159477
0.000695668
0.0006838
0.00066267
0.000634058
0.000599324
0.000559856
0.000516558
0.000470794
0.000422739
0.000373647
0.000323578
0.000273598
0.000224527
0.000176415
0.000130281
8.62219e-05
4.40675e-05
4.79606e-06
-3.1967e-05
-6.62029e-05
-9.7359e-05
-0.000125518
-0.000150621
-0.000172119
-0.000189331
-0.00020161
-0.000208021
-0.000207381
-0.00019868
-0.00018141
-0.00015548
-0.000121182
-7.90794e-05
-2.92168e-05
3.00578e-05
0.000103693
0.00020245
0.000347821
0.000582465
0.000995678
0.0110565
0.0110161
0.011104
0.0110442
0.0107905
0.0103978
0.009959
0.00953501
0.00913952
0.00876343
0.00839994
0.00806548
0.0077813
0.00755482
0.00736059
0.00717212
0.00697371
0.00676517
0.00654987
0.00633179
0.00612538
0.00591245
0.00570167
0.005487
0.00526755
0.00506744
0.00484821
0.00464257
0.00443847
0.00423761
0.00406212
0.0038858
0.0037594
0.00357619
0.00339599
0.00323168
0.0029299
0.00265563
0.00233577
0.00192958
0.00173957
0.00173034
0.00148087
0.00100161
0.000641444
0.000331622
-3.43272e-05
-0.000438015
-0.000922987
-0.00142356
-0.00199024
-0.00264767
-0.00336619
-0.00420198
-0.00506132
-0.00593843
-0.00686682
-0.00732778
-0.00678982
-0.00576148
-0.00495576
-0.00467576
-0.00467459
-0.00471371
-0.00471959
-0.00471753
-0.004742
-0.00481272
-0.00492987
-0.00508166
-0.00525566
-0.00544459
-0.005646
-0.00585987
-0.00608674
-0.00632735
-0.00658228
-0.00685199
-0.00713696
-0.00743762
-0.00775448
-0.00808808
-0.00843896
-0.0088078
-0.0091952
-0.00960203
-0.0100287
-0.0104768
-0.0109459
-0.0114392
-0.0119538
-0.0124969
-0.0130603
-0.0136576
-0.0142758
-0.0149256
-0.0156092
-0.0162971
-0.017027
-0.0177271
0.00915773
0.00916399
0.00953363
0.00987627
0.0100286
0.00995537
0.00969623
0.00933774
0.00895508
0.00859077
0.00825448
0.00795089
0.00768379
0.00746038
0.00727056
0.00709571
0.00691244
0.00671838
0.00651156
0.00629229
0.00608466
0.00587261
0.00567102
0.00546006
0.00523947
0.00504157
0.00482207
0.00462018
0.00441752
0.00421844
0.0040429
0.00386455
0.00373851
0.00354839
0.00336622
0.00320507
0.00290269
0.00263368
0.002322
0.00190767
0.00172966
0.00171884
0.00145383
0.000974594
0.000626888
0.000320524
-4.6637e-05
-0.000454092
-0.000933665
-0.00143143
-0.00199679
-0.00264447
-0.00335469
-0.00418814
-0.00503045
-0.0058914
-0.00681888
-0.00728931
-0.00676248
-0.00574381
-0.00495263
-0.00467497
-0.00466873
-0.00470616
-0.00471834
-0.00471959
-0.00474497
-0.00481442
-0.00493041
-0.00508153
-0.00525544
-0.00544451
-0.00564602
-0.00585991
-0.00608676
-0.00632736
-0.00658228
-0.00685199
-0.00713696
-0.00743762
-0.00775448
-0.00808807
-0.00843896
-0.0088078
-0.0091952
-0.00960203
-0.0100287
-0.0104768
-0.0109459
-0.0114392
-0.0119537
-0.0124969
-0.0130603
-0.0136576
-0.0142758
-0.0149256
-0.0156092
-0.0162972
-0.017027
-0.0177273
0.00889267
0.0089414
0.00936609
0.00976578
0.00996929
0.00993651
0.00970048
0.00934502
0.00895255
0.0085758
0.00823406
0.00792966
0.00766127
0.00742896
0.00723003
0.00705087
0.0068702
0.00668048
0.00647839
0.00626074
0.00604529
0.00583718
0.00563493
0.00542839
0.00521079
0.00500564
0.00479837
0.00460401
0.00440656
0.004209
0.00403126
0.00384864
0.00369891
0.00350672
0.00331284
0.00312874
0.00285267
0.00258843
0.00229306
0.00194889
0.00174308
0.00164784
0.0013756
0.000950463
0.000616025
0.000292997
-7.72975e-05
-0.000481643
-0.000953542
-0.00144261
-0.00200585
-0.00263973
-0.00332432
-0.00413435
-0.00494365
-0.00573434
-0.00658414
-0.00704991
-0.00661138
-0.00569401
-0.00495959
-0.00469513
-0.00468661
-0.0047177
-0.00472016
-0.00471959
-0.00474528
-0.00481625
-0.00493259
-0.00508337
-0.00525654
-0.00544494
-0.00564611
-0.00585988
-0.00608674
-0.00632734
-0.00658227
-0.00685198
-0.00713695
-0.00743761
-0.00775447
-0.00808807
-0.00843895
-0.0088078
-0.00919519
-0.00960203
-0.0100287
-0.0104768
-0.0109459
-0.0114392
-0.0119537
-0.0124969
-0.0130603
-0.0136576
-0.0142758
-0.0149256
-0.0156092
-0.0162972
-0.0170272
-0.0177275
0.00794904
0.00799568
0.0084411
0.00889579
0.00918373
0.00925748
0.00913199
0.00887263
0.00855336
0.00822962
0.00792907
0.00766175
0.00742824
0.00722543
0.00704641
0.00688292
0.00672033
0.00654816
0.00636679
0.0061662
0.00596168
0.00575592
0.00555746
0.00536177
0.00515165
0.00495292
0.0047452
0.0045551
0.00436638
0.00416859
0.00398904
0.00380039
0.00364577
0.00345248
0.0032481
0.00306623
0.00280883
0.00254695
0.00227329
0.00194472
0.00170565
0.00158408
0.00132334
0.000929346
0.000593056
0.000261198
-0.000102116
-0.000507605
-0.000973493
-0.00144947
-0.00201161
-0.00262817
-0.00328119
-0.00407288
-0.0048475
-0.00557627
-0.0063884
-0.00687496
-0.00649943
-0.00565281
-0.00496261
-0.00470416
-0.00468158
-0.00470297
-0.00471343
-0.00471926
-0.00474954
-0.00482107
-0.00493618
-0.00508545
-0.00525759
-0.00544545
-0.00564641
-0.00586001
-0.00608676
-0.00632733
-0.00658225
-0.00685196
-0.00713693
-0.0074376
-0.00775446
-0.00808806
-0.00843894
-0.00880779
-0.00919519
-0.00960202
-0.0100287
-0.0104768
-0.0109459
-0.0114392
-0.0119537
-0.0124969
-0.0130603
-0.0136576
-0.0142758
-0.0149256
-0.0156092
-0.0162973
-0.0170273
-0.0177278
0.00758948
0.00765969
0.00813582
0.00862498
0.00894914
0.00905873
0.00896639
0.0087332
0.0084327
0.00812047
0.0078282
0.00756802
0.00734178
0.00714583
0.00697003
0.00680677
0.00664575
0.00647771
0.00630059
0.00611019
0.00590973
0.00570583
0.00550524
0.00531069
0.00511244
0.00491582
0.00471273
0.00452493
0.00434139
0.0041508
0.00396568
0.00377594
0.00360945
0.00341274
0.00320926
0.00301295
0.00276524
0.00251212
0.00224016
0.00194108
0.00171095
0.0015423
0.00126683
0.00089509
0.000570991
0.000234682
-0.000127582
-0.00053126
-0.000990316
-0.00145549
-0.00201118
-0.00261207
-0.00323658
-0.00400087
-0.0047441
-0.00541569
-0.00615554
-0.00661324
-0.00630437
-0.00556376
-0.0049472
-0.00471254
-0.00468958
-0.00470888
-0.00471103
-0.00471842
-0.00475102
-0.00482428
-0.0049395
-0.00508778
-0.00525883
-0.00544586
-0.00564632
-0.00585989
-0.00608669
-0.00632728
-0.0065822
-0.00685192
-0.0071369
-0.00743757
-0.00775444
-0.00808804
-0.00843893
-0.00880778
-0.00919518
-0.00960202
-0.0100287
-0.0104768
-0.0109459
-0.0114392
-0.0119537
-0.0124969
-0.0130603
-0.0136576
-0.0142758
-0.0149256
-0.0156092
-0.0162973
-0.0170274
-0.0177281
0.00701388
0.00708652
0.00757173
0.00807645
0.00842158
0.00855744
0.00849557
0.00829512
0.0080276
0.00774788
0.007487
0.00725752
0.00706102
0.00689325
0.00674442
0.0066034
0.0064619
0.00631049
0.00614836
0.00597298
0.00578688
0.005595
0.00539992
0.00521242
0.00502154
0.00483604
0.0046407
0.00445086
0.00427206
0.00408604
0.0039034
0.00370888
0.00353669
0.00334588
0.00313684
0.0029387
0.0027071
0.00245737
0.00219808
0.00192491
0.00167453
0.00147441
0.00120616
0.000861203
0.000544635
0.000199788
-0.000159372
-0.000556161
-0.00101115
-0.001463
-0.00200781
-0.00259719
-0.00318921
-0.00392254
-0.00463906
-0.00525269
-0.00593576
-0.00640966
-0.00618442
-0.00552365
-0.00495186
-0.00472146
-0.00468661
-0.0046945
-0.0047043
-0.00471692
-0.00475417
-0.00482888
-0.00494337
-0.00509032
-0.00526026
-0.00544669
-0.005647
-0.00586008
-0.00608669
-0.00632722
-0.00658214
-0.00685187
-0.00713685
-0.00743753
-0.0077544
-0.00808801
-0.00843891
-0.00880776
-0.00919516
-0.00960201
-0.0100287
-0.0104768
-0.0109459
-0.0114392
-0.0119537
-0.0124969
-0.0130603
-0.0136576
-0.0142758
-0.0149256
-0.0156092
-0.0162974
-0.0170276
-0.0177284
0.00664839
0.00672546
0.00721581
0.00772421
0.00807345
0.00821401
0.00815786
0.0079666
0.00771411
0.00745675
0.00722221
0.00702044
0.00685086
0.00670688
0.00657754
0.00645209
0.0063217
0.00617928
0.00602346
0.00585569
0.00567873
0.00549674
0.00531123
0.00512992
0.00494896
0.00477379
0.00458961
0.00440548
0.00422581
0.00404593
0.00386769
0.0036714
0.00349331
0.00330079
0.00309562
0.00289105
0.00266218
0.00242181
0.0021633
0.00190297
0.00165295
0.00143592
0.00116393
0.000828576
0.000519705
0.00017265
-0.000183731
-0.000573136
-0.00102564
-0.00146417
-0.00199641
-0.00257385
-0.00313466
-0.00383598
-0.00452205
-0.00508915
-0.00571704
-0.00616659
-0.00598408
-0.0054084
-0.00491133
-0.00471185
-0.00468446
-0.0046944
-0.00469848
-0.00471422
-0.00475457
-0.00483118
-0.00494593
-0.0050921
-0.00526106
-0.00544667
-0.00564647
-0.00585978
-0.00608651
-0.0063271
-0.00658205
-0.00685179
-0.00713678
-0.00743748
-0.00775436
-0.00808798
-0.00843888
-0.00880774
-0.00919515
-0.00960199
-0.0100287
-0.0104768
-0.0109459
-0.0114392
-0.0119537
-0.0124969
-0.0130603
-0.0136576
-0.0142758
-0.0149257
-0.0156092
-0.0162975
-0.0170278
-0.0177287
0.00634728
0.00644897
0.00695734
0.00746213
0.00778905
0.00789451
0.00780279
0.00758876
0.0073316
0.00708378
0.00687101
0.00669924
0.00656267
0.00644849
0.00634346
0.00623617
0.00611955
0.00598926
0.00584508
0.00568984
0.00552439
0.00535459
0.00517927
0.00500801
0.00483622
0.00466888
0.00449537
0.00431376
0.00413618
0.00395631
0.00378229
0.00359073
0.00340522
0.00321778
0.00301708
0.00281017
0.00259151
0.00235941
0.00210617
0.00186304
0.00161224
0.00137349
0.00110298
0.000784299
0.000483391
0.000136011
-0.000218601
-0.000598584
-0.00104385
-0.00147165
-0.00198592
-0.00254991
-0.00308431
-0.00374602
-0.00440528
-0.00493293
-0.00550162
-0.00594556
-0.00584669
-0.00536324
-0.004913
-0.00471973
-0.00468129
-0.00468197
-0.00469221
-0.00471278
-0.00475735
-0.00483563
-0.00494999
-0.00509497
-0.00526287
-0.00544781
-0.00564729
-0.00586003
-0.00608649
-0.00632699
-0.00658193
-0.00685168
-0.0071367
-0.00743741
-0.0077543
-0.00808793
-0.00843884
-0.00880771
-0.00919512
-0.00960198
-0.0100287
-0.0104768
-0.0109459
-0.0114392
-0.0119537
-0.0124969
-0.0130603
-0.0136577
-0.0142758
-0.0149257
-0.0156093
-0.0162975
-0.017028
-0.017729
0.0060112
0.00605731
0.00649994
0.00694799
0.00724158
0.00734529
0.00728275
0.00711828
0.00691839
0.00672725
0.00656411
0.00643151
0.00632119
0.00622127
0.00612192
0.00601761
0.00590461
0.00578204
0.00564926
0.00550856
0.00535918
0.0052058
0.00504732
0.00488995
0.00473096
0.0045735
0.00441017
0.00423682
0.0040644
0.00388815
0.00371885
0.00353415
0.00334895
0.00315957
0.00296327
0.00275819
0.00253813
0.00231421
0.00206442
0.00182623
0.00157703
0.00132758
0.0010622
0.000750259
0.000454061
0.000110788
-0.000244246
-0.000611904
-0.00105177
-0.00147106
-0.00196316
-0.00251591
-0.00302413
-0.00364557
-0.00427899
-0.00476877
-0.00528763
-0.0057147
-0.00565284
-0.00523424
-0.0048501
-0.00469052
-0.00466509
-0.00467092
-0.00468123
-0.00470643
-0.00475512
-0.00483594
-0.0049511
-0.00509572
-0.00526287
-0.00544716
-0.00564639
-0.00585945
-0.00608615
-0.00632677
-0.00658175
-0.00685154
-0.00713658
-0.00743731
-0.00775423
-0.00808787
-0.0084388
-0.00880767
-0.00919509
-0.00960195
-0.0100287
-0.0104768
-0.0109459
-0.0114391
-0.0119537
-0.0124969
-0.0130603
-0.0136577
-0.0142758
-0.0149257
-0.0156093
-0.0162976
-0.0170282
-0.0177294
0.00775881
0.00766878
0.00716718
0.00664337
0.00625847
0.00604817
0.00599273
0.0060321
0.0061024
0.00615845
0.00617727
0.0061513
0.0060847
0.00598955
0.00587838
0.00576135
0.00564342
0.00552646
0.00540706
0.00528457
0.00515615
0.00502399
0.00488605
0.00474414
0.00459743
0.00444748
0.00429181
0.00412386
0.00395481
0.00378272
0.0036141
0.003437
0.00325446
0.0030646
0.00287411
0.00267368
0.00245852
0.00224382
0.00200055
0.00176846
0.00152527
0.00126814
0.00100332
0.00070182
0.00041131
7.3486e-05
-0.000278763
-0.000636041
-0.00106512
-0.00147569
-0.00194616
-0.00248134
-0.00296853
-0.00354881
-0.00415141
-0.00461542
-0.00508542
-0.00549282
-0.00549662
-0.0051725
-0.00484315
-0.00469442
-0.00466265
-0.00466295
-0.00467698
-0.00470549
-0.00475788
-0.00484044
-0.00495543
-0.00509901
-0.00526516
-0.00544914
-0.00564743
-0.00585978
-0.00608607
-0.00632656
-0.00658155
-0.00685136
-0.00713643
-0.00743719
-0.00775413
-0.00808779
-0.00843873
-0.00880763
-0.00919506
-0.00960192
-0.0100287
-0.0104768
-0.0109459
-0.0114391
-0.0119537
-0.0124969
-0.0130603
-0.0136577
-0.0142759
-0.0149258
-0.0156094
-0.0162977
-0.0170284
-0.0177297
0.00744624
0.00729689
0.00672443
0.00613907
0.00571641
0.00550024
0.00547061
0.0055575
0.0056832
0.00579231
0.00585597
0.00586437
0.00581969
0.00573508
0.00562671
0.0055103
0.00539472
0.00528375
0.00517482
0.00506548
0.00495287
0.00483647
0.00471506
0.00458753
0.0044533
0.0043139
0.00416875
0.00401084
0.00384924
0.00368404
0.00352058
0.00334973
0.00317321
0.00298679
0.00279771
0.00260554
0.00239345
0.00218203
0.0019455
0.0017141
0.0014762
0.0012158
0.000955932
0.000664028
0.000375166
4.65889e-05
-0.000304486
-0.000650649
-0.00106631
-0.00147269
-0.00191764
-0.00243462
-0.00290457
-0.00344087
-0.00401535
-0.00445573
-0.00488013
-0.00526966
-0.00531105
-0.00504109
-0.00476363
-0.00464634
-0.0046301
-0.00463896
-0.00465794
-0.00469381
-0.00475165
-0.00483766
-0.00495423
-0.00509804
-0.005264
-0.00544695
-0.00564581
-0.00585875
-0.00608549
-0.00632619
-0.00658126
-0.00685113
-0.00713624
-0.00743704
-0.00775401
-0.0080877
-0.00843866
-0.00880756
-0.00919501
-0.00960189
-0.0100286
-0.0104767
-0.0109459
-0.0114391
-0.0119537
-0.0124969
-0.0130603
-0.0136577
-0.0142759
-0.0149258
-0.0156094
-0.0162978
-0.0170286
-0.0177301
0.00726276
0.00714002
0.00658435
0.0059896
0.00553434
0.00526821
0.00518373
0.00522618
0.00532637
0.00542892
0.00550033
0.00552624
0.00550374
0.00544067
0.00534972
0.00524546
0.00513852
0.00503518
0.00493565
0.00483731
0.00473719
0.00463351
0.00452533
0.00441121
0.0042896
0.004161
0.00402644
0.00387919
0.00372426
0.00356513
0.00340571
0.00323911
0.00306748
0.00288477
0.00269902
0.00251413
0.00231029
0.00210556
0.00187565
0.00164667
0.00141551
0.00115612
0.000898217
0.000615005
0.000330364
1.02162e-05
-0.000335966
-0.000671596
-0.00107214
-0.00147147
-0.00189427
-0.00238854
-0.00284182
-0.00333983
-0.0038806
-0.00430257
-0.00469156
-0.00505653
-0.00514234
-0.00495651
-0.00474031
-0.00464156
-0.00462585
-0.00463394
-0.0046541
-0.0046936
-0.00475442
-0.00484221
-0.00495895
-0.00510186
-0.00526662
-0.00544953
-0.0056472
-0.00585918
-0.00608535
-0.00632586
-0.00658094
-0.00685085
-0.00713601
-0.00743685
-0.00775386
-0.00808757
-0.00843856
-0.00880749
-0.00919495
-0.00960184
-0.0100286
-0.0104767
-0.0109458
-0.0114391
-0.0119537
-0.0124969
-0.0130603
-0.0136577
-0.0142759
-0.0149258
-0.0156095
-0.0162979
-0.0170289
-0.0177305
0.006989
0.00685807
0.00629063
0.00568129
0.00521019
0.00492849
0.00483058
0.00486415
0.00496133
0.00506693
0.00514687
0.00518586
0.00517995
0.00513456
0.00506055
0.00497023
0.00487472
0.00478056
0.00469032
0.00460137
0.00451097
0.00441668
0.00431819
0.00421534
0.00410607
0.00398905
0.00386555
0.00373079
0.00358505
0.00343357
0.00328035
0.00312091
0.00295572
0.00278016
0.00259883
0.00241952
0.00222499
0.00202635
0.00180327
0.00157434
0.00134988
0.00109558
0.000840471
0.000569942
0.000288461
-2.25135e-05
-0.000362033
-0.000689576
-0.00107043
-0.00146374
-0.00186552
-0.00233285
-0.00277291
-0.00323272
-0.00373953
-0.00414691
-0.00450145
-0.0048446
-0.00496375
-0.00482876
-0.00465235
-0.00457858
-0.00457812
-0.00459648
-0.00462638
-0.00467436
-0.00474273
-0.00483522
-0.00495425
-0.00509865
-0.0052631
-0.005446
-0.00564456
-0.00585751
-0.0060844
-0.00632527
-0.00658049
-0.00685049
-0.00713572
-0.00743662
-0.00775367
-0.00808742
-0.00843844
-0.0088074
-0.00919488
-0.00960179
-0.0100286
-0.0104767
-0.0109458
-0.0114391
-0.0119537
-0.0124969
-0.0130603
-0.0136577
-0.0142759
-0.0149259
-0.0156096
-0.016298
-0.0170292
-0.017731
0.00669375
0.00656071
0.00599176
0.00538165
0.00491038
0.00462853
0.00453019
0.00456305
0.00465997
0.00476629
0.00484856
0.00489136
0.004891
0.00485246
0.00478643
0.0047041
0.004616
0.00452871
0.00444547
0.00436483
0.00428328
0.00419831
0.00410857
0.00401519
0.00391644
0.0038101
0.00369656
0.00357319
0.003438
0.00329436
0.00314836
0.00299512
0.00283651
0.00266747
0.00249041
0.00231649
0.0021296
0.00194041
0.00172654
0.00149816
0.00127989
0.00103358
0.000781119
0.000519759
0.000244246
-5.73392e-05
-0.000388588
-0.000707282
-0.00106923
-0.00145307
-0.00183649
-0.00227716
-0.00270141
-0.00312943
-0.00360177
-0.00399363
-0.00432477
-0.00464486
-0.00479052
-0.00472165
-0.00460574
-0.00455917
-0.00456731
-0.00459067
-0.00462466
-0.0046749
-0.00474571
-0.00483974
-0.00495988
-0.0051024
-0.0052672
-0.00544911
-0.00564631
-0.00585802
-0.00608414
-0.00632476
-0.00657999
-0.00685006
-0.00713537
-0.00743633
-0.00775344
-0.00808724
-0.0084383
-0.00880729
-0.00919479
-0.00960172
-0.0100285
-0.0104766
-0.0109458
-0.0114391
-0.0119537
-0.0124969
-0.0130603
-0.0136577
-0.0142759
-0.0149259
-0.0156097
-0.0162981
-0.0170294
-0.0177315
0.00640213
0.00626822
0.00569885
0.00508877
0.00461757
0.00433535
0.00423604
0.0042674
0.0043631
0.00446896
0.00455223
0.00459739
0.00460073
0.00456681
0.00450624
0.00443001
0.00434808
0.00426703
0.00419008
0.00411704
0.00404416
0.0039687
0.00388791
0.00380289
0.00371276
0.00361606
0.00351162
0.00339831
0.00327409
0.00313909
0.00300052
0.00285475
0.00270352
0.00254335
0.00237274
0.00220428
0.00202606
0.00184411
0.00164189
0.00141621
0.00120019
0.000965573
0.000716867
0.000465709
0.000198596
-9.48447e-05
-0.000414098
-0.000726337
-0.00106875
-0.0014388
-0.00180785
-0.00221916
-0.00262667
-0.0030274
-0.00346331
-0.00384162
-0.004153
-0.00445053
-0.00461907
-0.00459895
-0.00451676
-0.00448772
-0.00450823
-0.00454208
-0.00458571
-0.00464657
-0.0047264
-0.00482688
-0.00494933
-0.00509544
-0.00526072
-0.00544366
-0.0056423
-0.00585551
-0.0060827
-0.00632385
-0.00657931
-0.00684953
-0.00713493
-0.00743598
-0.00775316
-0.00808702
-0.00843812
-0.00880715
-0.00919469
-0.00960164
-0.0100285
-0.0104766
-0.0109458
-0.0114391
-0.0119537
-0.0124969
-0.0130603
-0.0136577
-0.014276
-0.014926
-0.0156098
-0.0162983
-0.0170297
-0.0177319
0.00611289
0.00597703
0.00540623
0.00479538
0.00432408
0.00404214
0.00394315
0.00397459
0.00407023
0.00417629
0.00426045
0.00430764
0.00431405
0.00428428
0.00422843
0.00415769
0.00408127
0.00400595
0.00393448
0.00386768
0.00380216
0.0037351
0.00366308
0.00358583
0.00350356
0.00341505
0.00331951
0.00321486
0.00310109
0.00297532
0.00284422
0.0027065
0.00256225
0.00241187
0.00224863
0.00208646
0.00191618
0.00173942
0.0015497
0.00133166
0.0011172
0.000893742
0.000653556
0.000409702
0.000150626
-0.000132154
-0.000439135
-0.000742598
-0.001067
-0.00142163
-0.00177515
-0.00216012
-0.00254899
-0.00292503
-0.00332841
-0.00369068
-0.00398702
-0.00426766
-0.00444992
-0.00447598
-0.00444459
-0.00444829
-0.00448545
-0.00453047
-0.00458234
-0.00464779
-0.00473018
-0.004832
-0.00495577
-0.00510088
-0.00526556
-0.00544728
-0.00564433
-0.00585601
-0.00608223
-0.00632307
-0.00657856
-0.00684889
-0.00713441
-0.00743556
-0.00775282
-0.00808675
-0.00843791
-0.00880698
-0.00919456
-0.00960154
-0.0100284
-0.0104765
-0.0109457
-0.011439
-0.0119537
-0.0124969
-0.0130603
-0.0136577
-0.014276
-0.014926
-0.0156099
-0.0162984
-0.0170301
-0.0177325
0.00582891
0.00568991
0.00511612
0.00450371
0.00403229
0.00375137
0.00365391
0.00368676
0.00378337
0.00389016
0.00397518
0.00402397
0.00403288
0.00400661
0.00395478
0.00388848
0.00381661
0.00374581
0.00367883
0.00361675
0.00355712
0.00349698
0.00343293
0.00336324
0.00328822
0.00320693
0.00311931
0.00302285
0.00291807
0.00280202
0.0026783
0.00254851
0.00241126
0.00226935
0.00211618
0.00196055
0.00179905
0.00162799
0.00144807
0.00124205
0.00102892
0.000815077
0.000587055
0.000350281
0.000100243
-0.00017186
-0.000464423
-0.000757913
-0.00106713
-0.00140329
-0.00174258
-0.0021027
-0.00247067
-0.00282698
-0.00319882
-0.00354415
-0.0038311
-0.00409367
-0.00428621
-0.00435345
-0.00435704
-0.00437488
-0.00442025
-0.00447426
-0.00453524
-0.00461029
-0.00470205
-0.00481158
-0.00494026
-0.00508882
-0.00525569
-0.00543939
-0.00563863
-0.00585242
-0.00608014
-0.00632173
-0.00657757
-0.0068481
-0.00713378
-0.00743505
-0.00775242
-0.00808643
-0.00843766
-0.00880679
-0.00919441
-0.00960143
-0.0100283
-0.0104765
-0.0109457
-0.011439
-0.0119536
-0.0124968
-0.0130604
-0.0136577
-0.014276
-0.0149261
-0.0156101
-0.0162986
-0.0170304
-0.017733
0.00554985
0.00540807
0.00483107
0.00421668
0.00374477
0.00346472
0.00336892
0.00340358
0.00350162
0.00360946
0.00369531
0.00374526
0.00375596
0.00373231
0.00368373
0.00362107
0.00355306
0.00348604
0.00342302
0.00336489
0.00331015
0.00325568
0.00319854
0.00313593
0.00306777
0.00299313
0.00291241
0.00282366
0.00272673
0.00261999
0.00250391
0.00238178
0.00225185
0.00211796
0.00197568
0.00182775
0.00167492
0.00151083
0.00133832
0.00114452
0.000937601
0.000731805
0.000517012
0.000289274
4.64982e-05
-0.000213349
-0.00049063
-0.000773167
-0.0010671
-0.00138531
-0.00170856
-0.00204544
-0.00239317
-0.00272932
-0.00307348
-0.00340199
-0.00367858
-0.00392911
-0.00412868
-0.00422678
-0.0042663
-0.00431386
-0.00438129
-0.00445199
-0.00452534
-0.0046084
-0.00470463
-0.0048164
-0.00494616
-0.00509461
-0.00526081
-0.00544321
-0.00564066
-0.00585269
-0.0060793
-0.00632056
-0.00657647
-0.00684717
-0.00713302
-0.00743444
-0.00775193
-0.00808604
-0.00843735
-0.00880655
-0.00919422
-0.00960129
-0.0100282
-0.0104764
-0.0109456
-0.011439
-0.0119536
-0.0124968
-0.0130604
-0.0136577
-0.0142761
-0.0149262
-0.0156102
-0.0162987
-0.0170308
-0.0177336
0.00527591
0.00513199
0.0045515
0.0039345
0.00346141
0.00318173
0.00308746
0.00312413
0.00322402
0.00333329
0.00342019
0.00347107
0.00348304
0.00346125
0.00341526
0.00335563
0.00329103
0.00322745
0.00316801
0.00311344
0.00306266
0.00301285
0.00296129
0.00290503
0.00284319
0.00277496
0.00270048
0.00261882
0.00252903
0.00243063
0.00232255
0.00220768
0.00208578
0.00195933
0.00182724
0.0016881
0.00154383
0.0013887
0.00122229
0.00103974
0.000842599
0.000644732
0.000442613
0.000225132
-9.00901e-06
-0.00025685
-0.000518218
-0.000787522
-0.00106803
-0.00136753
-0.00167406
-0.00199075
-0.00231674
-0.00263539
-0.00295607
-0.00326543
-0.00353513
-0.00377633
-0.00397705
-0.00410265
-0.00417471
-0.00424065
-0.00431496
-0.00439219
-0.00447322
-0.0045644
-0.00466914
-0.00478875
-0.00492464
-0.00507758
-0.00524714
-0.00543257
-0.00563306
-0.00584785
-0.00607639
-0.00631865
-0.00657504
-0.00684604
-0.00713211
-0.00743371
-0.00775135
-0.00808558
-0.00843699
-0.00880627
-0.009194
-0.00960112
-0.0100281
-0.0104763
-0.0109455
-0.0114389
-0.0119536
-0.0124968
-0.0130604
-0.0136578
-0.0142761
-0.0149262
-0.0156104
-0.0162989
-0.0170312
-0.0177342
0.00500456
0.00486013
0.00427734
0.00365808
0.00318356
0.00290364
0.0028103
0.00284864
0.00295037
0.00306124
0.00314938
0.00320122
0.0032142
0.00319375
0.00314972
0.00309258
0.00303095
0.00297049
0.00291428
0.00286293
0.00281557
0.00276972
0.00272281
0.00267212
0.00261616
0.00255403
0.00248542
0.00241002
0.00232677
0.00223555
0.00213517
0.00202757
0.00191354
0.00179471
0.00167186
0.00154254
0.00140731
0.00126094
0.00110121
0.000928386
0.000743139
0.000554954
0.000364047
0.000158124
-6.67356e-05
-0.000302376
-0.000547633
-0.000803657
-0.00106996
-0.00135154
-0.00164164
-0.00193822
-0.00224401
-0.0025457
-0.00284441
-0.00313672
-0.00339827
-0.00363093
-0.00383426
-0.00398066
-0.00407762
-0.00416456
-0.00425918
-0.00435606
-0.0044529
-0.00455528
-0.00466715
-0.0047909
-0.00492885
-0.00508241
-0.00525162
-0.00543583
-0.00563451
-0.00584748
-0.0060749
-0.0063169
-0.00657346
-0.00684472
-0.00713104
-0.00743285
-0.00775066
-0.00808504
-0.00843656
-0.00880593
-0.00919374
-0.00960092
-0.0100279
-0.0104762
-0.0109455
-0.0114389
-0.0119536
-0.0124968
-0.0130604
-0.0136578
-0.0142762
-0.0149263
-0.0156105
-0.0162991
-0.0170316
-0.0177348
0.00473513
0.00459151
0.00400799
0.00338746
0.00291182
0.00263134
0.00253831
0.00257771
0.00268092
0.00279333
0.00288287
0.00293586
0.00294987
0.00293057
0.00288807
0.00283294
0.00277375
0.00271605
0.0026627
0.00261435
0.00257007
0.0025277
0.00248475
0.00243879
0.002388
0.00233137
0.0022683
0.00219854
0.00212135
0.00203645
0.00194332
0.00184284
0.00173646
0.00162556
0.00151142
0.00139208
0.00126565
0.00112772
0.000975765
0.000812214
0.00063896
0.00046197
0.000281899
8.66742e-05
-0.000127251
-0.000350104
-0.000580257
-0.00082142
-0.00107371
-0.00133829
-0.00161072
-0.00188952
-0.00217565
-0.0024599
-0.00274101
-0.00301609
-0.0032687
-0.00349724
-0.0037
-0.00386018
-0.00398091
-0.00408779
-0.00419345
-0.00429617
-0.00439893
-0.00450789
-0.00462684
-0.00475766
-0.00490195
-0.00506073
-0.0052343
-0.00542251
-0.00562499
-0.0058413
-0.00607104
-0.00631427
-0.00657146
-0.00684313
-0.00712976
-0.00743183
-0.00774984
-0.00808439
-0.00843605
-0.00880553
-0.00919344
-0.00960068
-0.0100277
-0.0104761
-0.0109454
-0.0114388
-0.0119535
-0.0124968
-0.0130604
-0.0136578
-0.0142762
-0.0149264
-0.0156107
-0.0162993
-0.017032
-0.0177354
0.00446923
0.0043269
0.00374366
0.00312276
0.00264653
0.00236558
0.00227252
0.00231246
0.00241668
0.00253037
0.00262124
0.00267545
0.00269055
0.00267233
0.00263107
0.00257751
0.00252027
0.00246487
0.00241406
0.00236842
0.00232698
0.00228772
0.00224824
0.0022063
0.00216007
0.00210845
0.00205059
0.00198612
0.00191447
0.00183536
0.00174864
0.00165493
0.0015559
0.00145303
0.00134745
0.0012374
0.00111952
0.000989841
0.000846414
0.000691758
0.000530091
0.000365815
0.000196201
1.12831e-05
-0.000190419
-0.000399889
-0.000615228
-0.00084204
-0.00108002
-0.0013277
-0.00158363
-0.00184509
-0.00211244
-0.00238069
-0.00264506
-0.00290446
-0.00314891
-0.0033718
-0.00357345
-0.00374545
-0.00388474
-0.00400686
-0.00412643
-0.00424624
-0.00436606
-0.00448846
-0.00461695
-0.0047541
-0.0049021
-0.00506266
-0.00523656
-0.00542398
-0.00562495
-0.00583967
-0.00606852
-0.0063117
-0.00656922
-0.00684129
-0.00712827
-0.00743062
-0.00774888
-0.00808363
-0.00843545
-0.00880507
-0.00919308
-0.00960041
-0.0100275
-0.0104759
-0.0109453
-0.0114387
-0.0119535
-0.0124967
-0.0130604
-0.0136578
-0.0142763
-0.0149265
-0.0156109
-0.0162996
-0.0170324
-0.0177361
0.00420826
0.00406702
0.00348441
0.00286365
0.00238727
0.00210607
0.00201293
0.00205313
0.00215801
0.00227266
0.00236464
0.00242002
0.00243623
0.00241909
0.00237898
0.00232677
0.00227115
0.00221768
0.00216907
0.00212587
0.00208704
0.00205062
0.00201428
0.0019759
0.00193376
0.0018866
0.00183354
0.00177396
0.00170738
0.0016335
0.00155251
0.00146519
0.00137322
0.00127826
0.00118091
0.00107948
0.000970023
0.000848456
0.0007133
0.000567912
0.000418296
0.00026674
0.000107419
-6.75503e-05
-0.000256623
-0.00045205
-0.000653641
-0.000866272
-0.00108951
-0.00132149
-0.00156077
-0.0018057
-0.00205607
-0.00230791
-0.00255743
-0.00280312
-0.00303757
-0.00325582
-0.00345759
-0.00363595
-0.00378864
-0.00392653
-0.00405915
-0.00418755
-0.00431291
-0.00444053
-0.00457467
-0.00471779
-0.00487165
-0.0050376
-0.00521642
-0.00540845
-0.00561376
-0.0058322
-0.0060636
-0.00630817
-0.00656648
-0.0068391
-0.00712651
-0.00742921
-0.00774776
-0.00808274
-0.00843475
-0.00880452
-0.00919265
-0.00960008
-0.0100273
-0.0104757
-0.0109451
-0.0114386
-0.0119534
-0.0124967
-0.0130604
-0.0136578
-0.0142764
-0.0149266
-0.0156112
-0.0162998
-0.0170329
-0.0177368
0.00395365
0.00381301
0.00323082
0.00261028
0.00213396
0.00185275
0.00175965
0.00180009
0.00190546
0.00202083
0.00211373
0.00217013
0.00218742
0.00217137
0.00213238
0.00208138
0.00202716
0.00197535
0.00192865
0.0018876
0.00185114
0.00181733
0.00178388
0.00174876
0.00171027
0.00166715
0.00161843
0.00156335
0.00150139
0.00143229
0.00135648
0.00127501
0.00118975
0.00110241
0.00101323
0.000920151
0.000818597
0.000704427
0.000577416
0.000441995
0.000304317
0.000164708
1.51614e-05
-0.000149835
-0.000325872
-0.000507364
-0.000695631
-0.000894418
-0.00110318
-0.0013196
-0.00154301
-0.0017724
-0.00200645
-0.00224303
-0.00247881
-0.00271122
-0.00293653
-0.00315017
-0.0033496
-0.0035323
-0.00369679
-0.00384679
-0.00398917
-0.00412887
-0.00426848
-0.00440969
-0.00455469
-0.00470583
-0.0048651
-0.00503423
-0.00521446
-0.00540655
-0.00561104
-0.00582851
-0.00605956
-0.00630448
-0.00656338
-0.00683656
-0.00712446
-0.00742757
-0.00774644
-0.00808169
-0.00843393
-0.00880388
-0.00919216
-0.0095997
-0.010027
-0.0104755
-0.010945
-0.0114385
-0.0119533
-0.0124967
-0.0130604
-0.0136579
-0.0142765
-0.0149267
-0.0156114
-0.0163001
-0.0170334
-0.0177375
0.00370598
0.00356553
0.00298346
0.00236301
0.00188679
0.0016057
0.00151277
0.00155351
0.00165933
0.00177533
0.001869
0.00192631
0.00194457
0.00192954
0.00189162
0.00184178
0.00178885
0.00173849
0.00169348
0.00165434
0.00162005
0.00158864
0.0015579
0.0015258
0.00149068
0.00145125
0.00140646
0.00135546
0.00129766
0.00123289
0.00116179
0.00108578
0.00100701
0.000927125
0.00084592
0.000760544
0.000665975
0.000558705
0.000439753
0.00031451
0.000188684
6.00844e-05
-8.02426e-05
-0.000234949
-0.000398022
-0.000565924
-0.000741339
-0.000926838
-0.00112124
-0.00132285
-0.00153128
-0.00174562
-0.0019647
-0.00218679
-0.0024092
-0.00262995
-0.00284613
-0.00305381
-0.00325136
-0.00343713
-0.00360848
-0.00376758
-0.00392054
-0.00407031
-0.00421713
-0.00436331
-0.00451302
-0.00466912
-0.00483347
-0.00500767
-0.00519283
-0.0053897
-0.00559867
-0.00581989
-0.00605346
-0.00629984
-0.0065597
-0.0068336
-0.00712207
-0.00742565
-0.00774491
-0.00808048
-0.00843297
-0.00880313
-0.00919158
-0.00959926
-0.0100267
-0.0104753
-0.0109448
-0.0114384
-0.0119533
-0.0124966
-0.0130604
-0.0136579
-0.0142765
-0.0149268
-0.0156116
-0.0163004
-0.0170339
-0.0177382
0.00346559
0.00332514
0.00274294
0.00212242
0.00164624
0.0013653
0.00127264
0.00131375
0.00142005
0.00153663
0.00163099
0.00168907
0.0017082
0.00169411
0.00165719
0.00160843
0.00155668
0.00150765
0.00146413
0.00142671
0.00139438
0.0013652
0.00133699
0.00130773
0.00127576
0.00123974
0.00119855
0.00115123
0.00109714
0.00103626
0.000969481
0.000898653
0.000826163
0.000753487
0.00067983
0.000601442
0.000513118
0.000412237
0.000301216
0.000186515
7.22979e-05
-4.65893e-05
-0.000178403
-0.000322513
-0.000472694
-0.000627805
-0.000791061
-0.000963648
-0.00114426
-0.00133179
-0.00152593
-0.00172606
-0.001931
-0.00213938
-0.00234939
-0.00255904
-0.00276606
-0.00296798
-0.00316286
-0.00334886
-0.00352487
-0.00369222
-0.0038534
-0.00401044
-0.00416593
-0.0043229
-0.00448302
-0.0046476
-0.00481838
-0.00499701
-0.00518481
-0.00538287
-0.0055921
-0.0058134
-0.00604749
-0.00629477
-0.00655553
-0.00683021
-0.00711933
-0.00742344
-0.00774315
-0.00807908
-0.00843187
-0.00880226
-0.00919091
-0.00959875
-0.0100263
-0.010475
-0.0109446
-0.0114382
-0.0119532
-0.0124966
-0.0130604
-0.0136579
-0.0142766
-0.014927
-0.0156119
-0.0163008
-0.0170344
-0.0177389
0.00323257
0.0030921
0.00250971
0.00188908
0.00141296
0.00113224
0.00103996
0.00108155
0.00118842
0.00130564
0.0014007
0.00145955
0.00147951
0.00146631
0.00143035
0.00138263
0.001332
0.00128422
0.00124208
0.00120623
0.00117569
0.00114858
0.00112274
0.00109615
0.00106713
0.00103429
0.000996346
0.000952257
0.000901369
0.000843854
0.000780961
0.000715035
0.000648651
0.000582975
0.00051636
0.000444067
0.000361028
0.00026595
0.000163013
5.91125e-05
-4.44556e-05
-0.000155155
-0.000278801
-0.000412003
-0.00054984
-0.00069319
-0.000844918
-0.00100519
-0.00117273
-0.00134691
-0.00152761
-0.0017143
-0.00190599
-0.00210161
-0.00229974
-0.0024988
-0.00269712
-0.00289271
-0.00308381
-0.00326927
-0.00344824
-0.0036206
-0.00378778
-0.00395212
-0.00411544
-0.00427874
-0.00444358
-0.00461246
-0.00478765
-0.00497078
-0.00516312
-0.00536564
-0.00557902
-0.00580365
-0.00603999
-0.00628879
-0.0065507
-0.0068263
-0.00711617
-0.0074209
-0.00774111
-0.00807746
-0.00843059
-0.00880126
-0.00919013
-0.00959815
-0.0100258
-0.0104747
-0.0109444
-0.0114381
-0.0119531
-0.0124965
-0.0130604
-0.0136579
-0.0142767
-0.0149271
-0.0156122
-0.0163011
-0.017035
-0.0177397
0.00300305
0.00286266
0.00228019
0.00165955
0.00118359
0.000903183
0.000811361
0.000853547
0.000961111
0.00107911
0.00117502
0.00123481
0.00125578
0.00124366
0.00120885
0.00116236
0.00111305
0.00106669
0.00102611
0.000992007
0.000963444
0.000938583
0.000915289
0.000891549
0.000865626
0.000835979
0.000801193
0.000760079
0.000712049
0.000657551
0.00059835
0.000537336
0.000477158
0.000418384
0.000358122
0.000290785
0.000211976
0.000122364
2.80414e-05
-6.5199e-05
-0.000159853
-0.000263877
-0.000379446
-0.000501804
-0.0006283
-0.000761056
-0.000901926
-0.00105036
-0.0012055
-0.00136722
-0.00153541
-0.00170956
-0.00188892
-0.00207262
-0.00225961
-0.0024487
-0.00263852
-0.00282757
-0.00301455
-0.00319835
-0.00337809
-0.00355362
-0.00372583
-0.00389593
-0.00406495
-0.00423445
-0.00440649
-0.00458276
-0.00476434
-0.00495243
-0.00514831
-0.00535317
-0.0055681
-0.00579412
-0.00603197
-0.00628217
-0.00654528
-0.00682188
-0.00711259
-0.00741802
-0.00773881
-0.00807563
-0.00842915
-0.00880014
-0.00918926
-0.00959749
-0.0100253
-0.0104743
-0.0109441
-0.0114379
-0.011953
-0.0124965
-0.0130604
-0.013658
-0.0142769
-0.0149273
-0.0156125
-0.0163015
-0.0170355
-0.0177405
0.00278296
0.00264247
0.00205967
0.00143874
0.000962589
0.000682161
0.000590476
0.000632942
0.0007409
0.000859382
0.000955859
0.00101627
0.00103792
0.00102655
0.000992549
0.000946929
0.00089858
0.000853277
0.000813909
0.000781212
0.000754336
0.000731502
0.000710598
0.000689588
0.000666614
0.000639934
0.000607898
0.000569201
0.000523409
0.000471472
0.000415907
0.000360089
0.000306467
0.000254451
0.00019957
0.000135897
6.06597e-05
-2.28566e-05
-0.000107596
-0.000190875
-0.000278463
-0.000376427
-0.000483343
-0.000594986
-0.000711147
-0.000834052
-0.000964419
-0.00110162
-0.00124526
-0.00139534
-0.00155174
-0.00171407
-0.0018818
-0.00205424
-0.00223062
-0.00241002
-0.0025914
-0.00277367
-0.00295573
-0.00313667
-0.00331582
-0.00349291
-0.00366817
-0.0038423
-0.00401628
-0.00419134
-0.00436875
-0.00454961
-0.00473531
-0.00492737
-0.00512717
-0.0053358
-0.0055541
-0.00578282
-0.00602275
-0.00627461
-0.00653908
-0.00681681
-0.00710845
-0.00741466
-0.00773609
-0.00807345
-0.00842741
-0.00879877
-0.0091882
-0.00959667
-0.0100247
-0.0104738
-0.0109438
-0.0114377
-0.0119528
-0.0124964
-0.0130603
-0.013658
-0.014277
-0.0149275
-0.0156128
-0.0163019
-0.0170361
-0.0177412
0.00257817
0.00243895
0.00185723
0.00123732
0.000762232
0.00048291
0.000392378
0.000436027
0.000545173
0.000664828
0.000762452
0.000823982
0.000846731
0.000836427
0.000803491
0.000758943
0.000711679
0.000667495
0.000629329
0.000597991
0.000572718
0.000551793
0.000533124
0.00051458
0.000494079
0.000469549
0.000439024
0.000401206
0.00035614
0.000305712
0.000253452
0.000202983
0.000155638
0.000108749
5.64573e-05
-6.16745e-06
-7.86774e-05
-0.000155186
-0.000230533
-0.000306786
-0.000390186
-0.000482624
-0.000580999
-0.000683426
-0.000791137
-0.000905465
-0.00102639
-0.00115355
-0.00128688
-0.00142643
-0.0015721
-0.00172364
-0.0018807
-0.00204282
-0.00220942
-0.00237983
-0.00255328
-0.00272891
-0.0029059
-0.00308349
-0.00326111
-0.00343838
-0.00361534
-0.00379239
-0.00397016
-0.00414946
-0.00433126
-0.00451673
-0.00470714
-0.00490364
-0.00510727
-0.00531907
-0.00554003
-0.00577107
-0.00601301
-0.00626659
-0.00653251
-0.00681146
-0.00710412
-0.00741117
-0.0077333
-0.00807124
-0.00842568
-0.00879742
-0.00918716
-0.00959588
-0.0100241
-0.0104734
-0.0109435
-0.0114374
-0.0119527
-0.0124963
-0.0130603
-0.0136581
-0.0142771
-0.0149277
-0.0156131
-0.0163023
-0.0170367
-0.017742
0.00228471
0.00214504
0.00156381
0.000946439
0.000475944
0.000203051
0.000120244
0.000171956
0.000288647
0.000414855
0.00051791
0.000583761
0.000609872
0.000602312
0.000571881
0.000529924
0.000485555
0.000444695
0.00041037
0.00038347
0.00036326
0.000347976
0.000335235
0.000322367
0.000306577
0.000285155
0.000256047
0.00021869
0.000174762
0.000128021
8.27047e-05
4.10276e-05
1.17594e-06
-4.2214e-05
-9.42199e-05
-0.00015557
-0.000222057
-0.00028874
-0.000355631
-0.000427313
-0.000506581
-0.000591948
-0.000681563
-0.00077581
-0.000875786
-0.000981796
-0.00109372
-0.00121155
-0.00133538
-0.00146522
-0.00160102
-0.00174265
-0.00188987
-0.00204239
-0.00219977
-0.00236152
-0.00252707
-0.0026958
-0.0028671
-0.00304043
-0.0032153
-0.0033914
-0.00356862
-0.00374715
-0.00392734
-0.00410974
-0.0042951
-0.00448436
-0.00467853
-0.00487859
-0.00508557
-0.00530048
-0.00552424
-0.00575774
-0.0060018
-0.00625719
-0.00652467
-0.00680495
-0.00709874
-0.00740676
-0.0077297
-0.00806832
-0.00842334
-0.00879556
-0.0091857
-0.00959475
-0.0100233
-0.0104727
-0.010943
-0.0114371
-0.0119525
-0.0124962
-0.0130603
-0.0136581
-0.0142772
-0.0149279
-0.0156134
-0.0163028
-0.0170373
-0.0177428
0.00221396
0.00207865
0.00150092
0.000884555
0.000411952
0.000133591
4.22919e-05
8.38473e-05
0.000190354
0.000307576
0.000403497
0.000464323
0.000487463
0.000478532
0.000447609
0.000405269
0.000360054
0.000317643
0.000281206
0.000252024
0.000229753
0.000212795
0.000198727
0.000184528
0.000166877
0.000142649
0.000110204
7.0474e-05
2.68127e-05
-1.62816e-05
-5.58325e-05
-9.2786e-05
-0.000131806
-0.000178013
-0.000232293
-0.000290425
-0.00034865
-0.000408268
-0.000472722
-0.000542775
-0.000617072
-0.000695272
-0.000778222
-0.000866345
-0.000959513
-0.00105785
-0.00116172
-0.00127125
-0.00138646
-0.00150736
-0.00163402
-0.00176642
-0.00190445
-0.00204793
-0.00219657
-0.00235009
-0.00250815
-0.00267033
-0.00283615
-0.00300514
-0.00317691
-0.00335117
-0.00352779
-0.00370682
-0.00388846
-0.00407309
-0.00426125
-0.00445367
-0.00465113
-0.0048545
-0.00506467
-0.00528253
-0.00550897
-0.00574485
-0.005991
-0.00624821
-0.00651726
-0.00679887
-0.0070938
-0.00740277
-0.00772651
-0.00806579
-0.00842135
-0.00879402
-0.00918451
-0.00959386
-0.0100226
-0.0104723
-0.0109426
-0.0114369
-0.0119523
-0.0124961
-0.0130603
-0.0136582
-0.0142774
-0.0149281
-0.0156138
-0.0163032
-0.0170379
-0.0177435
-0.00116052
-0.00104352
-0.000486306
0.000107468
0.000555951
0.000809069
0.000874305
0.000806148
0.00067258
0.000527702
0.000403272
0.000312787
0.000258473
0.000234329
0.000230023
0.000234887
0.000240455
0.00024129
0.000234532
0.000219191
0.000195697
0.000165375
0.000130041
9.17579e-05
5.2693e-05
1.50315e-05
-1.96019e-05
-5.08923e-05
-8.03445e-05
-0.000111275
-0.000147687
-0.000191991
-0.000242985
-0.0002962
-0.000347148
-0.000395731
-0.000447204
-0.000506525
-0.00057247
-0.000640458
-0.000709446
-0.000782374
-0.000861176
-0.000944999
-0.00103289
-0.00112534
-0.00122311
-0.00132631
-0.00143482
-0.00154876
-0.00166826
-0.00179332
-0.0019239
-0.00205992
-0.00220126
-0.00234769
-0.002499
-0.0026549
-0.00281511
-0.00297932
-0.00314729
-0.00331878
-0.00349367
-0.00367194
-0.00385372
-0.00403931
-0.00422909
-0.0044236
-0.00462346
-0.00482941
-0.0050422
-0.00526264
-0.00549154
-0.00572971
-0.00597796
-0.00623706
-0.00650779
-0.00679089
-0.00708711
-0.00739722
-0.00772194
-0.00806206
-0.00841834
-0.00879161
-0.00918261
-0.00959237
-0.0100215
-0.0104714
-0.010942
-0.0114364
-0.011952
-0.0124959
-0.0130602
-0.0136582
-0.0142775
-0.0149283
-0.0156141
-0.0163037
-0.0170385
-0.0177443
0.00190133
0.00176653
0.00118897
0.000572435
9.93487e-05
-0.000179802
-0.000272012
-0.000231256
-0.000125287
-8.28862e-06
8.77091e-05
0.000148895
0.000172706
0.000164749
0.000135048
9.40938e-05
5.03166e-05
9.20943e-06
-2.62251e-05
-5.48183e-05
-7.68515e-05
-9.36539e-05
-0.000107299
-0.000120385
-0.000135895
-0.000156761
-0.000185007
-0.000220655
-0.000261149
-0.000302105
-0.000339431
-0.00037245
-0.000405143
-0.000443609
-0.000491214
-0.000545062
-0.000598861
-0.000650593
-0.000704361
-0.000764139
-0.000829931
-0.00089974
-0.00097216
-0.00104766
-0.00112801
-0.00121396
-0.00130478
-0.0014001
-0.00150043
-0.00160621
-0.00171745
-0.00183411
-0.00195625
-0.00208391
-0.00221709
-0.00235575
-0.00249977
-0.002649
-0.00280326
-0.00296237
-0.00312614
-0.00329439
-0.00346701
-0.00364396
-0.00382532
-0.00401125
-0.00420202
-0.00439803
-0.00459977
-0.00480782
-0.00502283
-0.00524551
-0.00547657
-0.00571679
-0.00596692
-0.00622773
-0.00649997
-0.0067844
-0.00708178
-0.00739287
-0.00771844
-0.00805928
-0.00841614
-0.00878991
-0.00918131
-0.0095914
-0.0100207
-0.0104709
-0.0109417
-0.0114362
-0.0119519
-0.0124959
-0.0130603
-0.0136583
-0.0142777
-0.0149286
-0.0156145
-0.0163041
-0.0170391
-0.017745
-0.00158108
-0.00146011
-0.000897346
-0.000296446
0.000160077
0.000421576
0.000494916
0.000434049
0.000306783
0.000167354
4.77802e-05
-3.82236e-05
-8.82421e-05
-0.00010801
-0.000107712
-9.80167e-05
-8.74877e-05
-8.16254e-05
-8.3202e-05
-9.29624e-05
-0.000110203
-0.000133402
-0.00016081
-0.000190918
-0.000222573
-0.000254977
-0.000287474
-0.000319512
-0.000350701
-0.000380983
-0.000411093
-0.000442728
-0.000478504
-0.000520677
-0.00056951
-0.0006227
-0.000675959
-0.000726653
-0.000776653
-0.00083085
-0.000893852
-0.000964793
-0.00103714
-0.00110826
-0.0011832
-0.00126576
-0.0013539
-0.00144537
-0.00154103
-0.00164213
-0.00174869
-0.00186045
-0.00197751
-0.00210002
-0.00222804
-0.00236152
-0.00250042
-0.00264471
-0.0027943
-0.00294912
-0.00310906
-0.00327407
-0.0034441
-0.00361916
-0.00379932
-0.00398472
-0.00417559
-0.00437225
-0.00457509
-0.00478459
-0.0050013
-0.00522582
-0.00545881
-0.00570094
-0.00595294
-0.00621552
-0.00648941
-0.00677537
-0.00707412
-0.00738644
-0.0077131
-0.00805488
-0.00841257
-0.00878703
-0.00917903
-0.00958961
-0.0100194
-0.0104698
-0.0109409
-0.0114357
-0.0119515
-0.0124956
-0.0130601
-0.0136583
-0.0142778
-0.0149288
-0.0156148
-0.0163046
-0.0170397
-0.0177457
0.00161196
0.00147662
0.000898476
0.000281528
-0.000191563
-0.000470117
-0.000561063
-0.000518534
-0.000410565
-0.000291591
-0.000193773
-0.000130941
-0.000105609
-0.000112112
-0.000140294
-0.000179493
-0.000221156
-0.000259803
-0.000292743
-0.000319336
-0.000340424
-0.000357678
-0.000373008
-0.000388107
-0.000404335
-0.000422734
-0.000444184
-0.000469431
-0.000498975
-0.000532859
-0.000570353
-0.000609926
-0.000649388
-0.000687158
-0.000723493
-0.000760787
-0.000803116
-0.00085307
-0.000909496
-0.000968354
-0.00102512
-0.00108076
-0.00114245
-0.00121313
-0.00128784
-0.00136334
-0.00144227
-0.00152709
-0.00161719
-0.00171169
-0.00181093
-0.00191543
-0.00202529
-0.00214055
-0.00226134
-0.00238775
-0.00251984
-0.00265765
-0.0028012
-0.00295051
-0.00310556
-0.00326634
-0.00343286
-0.00360515
-0.00378327
-0.00396734
-0.00415752
-0.00435407
-0.00455728
-0.00476755
-0.00498532
-0.0052111
-0.00544548
-0.00568905
-0.00594248
-0.00620644
-0.00648162
-0.00676877
-0.0070686
-0.00738188
-0.00770938
-0.00805189
-0.0084102
-0.00878518
-0.00917762
-0.00958856
-0.0100186
-0.0104693
-0.0109405
-0.0114354
-0.0119514
-0.0124956
-0.0130602
-0.0136584
-0.014278
-0.014929
-0.0156152
-0.0163051
-0.0170402
-0.0177464
-0.00185101
-0.00172809
-0.00116311
-0.000560179
-0.000102066
0.000160452
0.000234253
0.000173492
4.62502e-05
-9.30021e-05
-0.000212101
-0.000297242
-0.000345949
-0.000363976
-0.000361607
-0.000349658
-0.00033683
-0.000328747
-0.000328242
-0.000336078
-0.00035152
-0.000372986
-0.000398657
-0.000426906
-0.000456481
-0.00048647
-0.000516145
-0.000544956
-0.000572586
-0.000599277
-0.000625994
-0.000654445
-0.000687022
-0.000725528
-0.000770064
-0.000818453
-0.000866742
-0.000912521
-0.000957205
-0.00100566
-0.00106301
-0.00112786
-0.00119308
-0.00125674
-0.00132436
-0.00139914
-0.00147876
-0.00156128
-0.0016477
-0.00173919
-0.00183576
-0.00193724
-0.00204379
-0.00215565
-0.00227296
-0.00239582
-0.00252435
-0.00265862
-0.00279872
-0.00294472
-0.00309668
-0.00325466
-0.00341872
-0.00358896
-0.00376547
-0.00394838
-0.00413788
-0.00433418
-0.00453756
-0.00474837
-0.00496699
-0.00519387
-0.00542951
-0.00567447
-0.00592934
-0.00619474
-0.00647134
-0.00675984
-0.00706093
-0.00737538
-0.00770392
-0.00804736
-0.00840649
-0.00878219
-0.00917523
-0.00958668
-0.0100171
-0.0104682
-0.0109397
-0.0114348
-0.011951
-0.0124954
-0.0130601
-0.0136583
-0.014278
-0.0149292
-0.0156154
-0.0163054
-0.0170407
-0.017747
0.00140357
0.00126729
0.000688102
7.03325e-05
-0.00040315
-0.000681552
-0.000771804
-0.000728206
-0.000619022
-0.000498885
-0.000400092
-0.000336555
-0.000310842
-0.000317253
-0.000345535
-0.000384897
-0.000426668
-0.000465265
-0.000497902
-0.000523894
-0.000544079
-0.000560165
-0.000574116
-0.000587732
-0.000602435
-0.00061934
-0.000639383
-0.000663327
-0.000691692
-0.00072435
-0.000760405
-0.000798119
-0.000835159
-0.000869986
-0.000902934
-0.000936931
-0.000976444
-0.00102386
-0.00107748
-0.00113201
-0.0011829
-0.00123331
-0.00129094
-0.0013567
-0.00142493
-0.00149363
-0.00156591
-0.00164369
-0.00172608
-0.00181243
-0.00190321
-0.00199892
-0.00209971
-0.00220566
-0.00231697
-0.00243383
-0.00255642
-0.00268487
-0.00281936
-0.00296001
-0.00310697
-0.00326036
-0.00342033
-0.003587
-0.00376049
-0.00394097
-0.00412858
-0.00432353
-0.00452606
-0.00473645
-0.00495503
-0.0051822
-0.00541838
-0.00566408
-0.00591982
-0.00618618
-0.00646376
-0.00675323
-0.00705526
-0.00737058
-0.00769994
-0.00804411
-0.00840389
-0.00878015
-0.00917367
-0.00958552
-0.0100163
-0.0104676
-0.0109393
-0.0114346
-0.0119509
-0.0124953
-0.0130601
-0.0136585
-0.0142782
-0.0149295
-0.0156158
-0.0163059
-0.0170413
-0.0177476
-0.00195574
-0.00183241
-0.00126742
-0.000665202
-0.000208581
5.16646e-05
0.000122575
5.86651e-05
-7.16217e-05
-0.000213586
-0.000334962
-0.000421923
-0.000472
-0.00049106
-0.00048955
-0.000478442
-0.00046656
-0.000459614
-0.000460492
-0.000469962
-0.000487254
-0.000510705
-0.0005384
-0.000568602
-0.000599956
-0.000631404
-0.000662075
-0.000691282
-0.000718706
-0.000744782
-0.000770817
-0.000799089
-0.00083223
-0.000871759
-0.000916979
-0.000964431
-0.00100984
-0.00105183
-0.00109353
-0.00114126
-0.00119844
-0.00126001
-0.00131936
-0.00137831
-0.0014428
-0.0015135
-0.00158743
-0.00166392
-0.00174444
-0.00182968
-0.00191944
-0.00201373
-0.00211285
-0.00221706
-0.00232653
-0.00244144
-0.00256199
-0.00268836
-0.00282074
-0.00295931
-0.00310424
-0.00325571
-0.00341391
-0.00357899
-0.00375112
-0.00393046
-0.0041172
-0.00431158
-0.00451386
-0.00472427
-0.00494311
-0.00517071
-0.00540749
-0.00565391
-0.00591046
-0.00617769
-0.00645618
-0.00674657
-0.00704949
-0.00736566
-0.00769579
-0.00804067
-0.00840107
-0.00877786
-0.00917184
-0.00958408
-0.0100152
-0.0104668
-0.0109387
-0.0114342
-0.0119506
-0.0124951
-0.01306
-0.0136584
-0.0142783
-0.0149296
-0.015616
-0.0163062
-0.0170416
-0.017748
0.00133477
0.0011963
0.000614414
-6.38158e-06
-0.000482904
-0.000764105
-0.000856728
-0.000815025
-0.000707373
-0.0005886
-0.000491195
-0.000429226
-0.0004054
-0.00041407
-0.000444951
-0.000487154
-0.000531882
-0.000573385
-0.000608752
-0.000637192
-0.000659474
-0.000677287
-0.000692622
-0.00070733
-0.000722944
-0.000740773
-0.00076199
-0.000787588
-0.000818083
-0.000853114
-0.000891232
-0.000929878
-0.000966367
-0.000999477
-0.00103074
-0.0010646
-0.00110563
-0.00115476
-0.00120783
-0.00125822
-0.00130463
-0.00135399
-0.00141173
-0.00147458
-0.00153783
-0.00160237
-0.00167115
-0.00174456
-0.00182167
-0.00190246
-0.00198745
-0.00207698
-0.00217118
-0.00227024
-0.00237442
-0.00248394
-0.00259904
-0.00271995
-0.00284692
-0.00298018
-0.00311998
-0.00326665
-0.00342061
-0.00358204
-0.00375099
-0.0039276
-0.00411207
-0.00430455
-0.00450525
-0.00471445
-0.00493249
-0.00515969
-0.00539643
-0.00564312
-0.0059002
-0.00616814
-0.00644749
-0.0067388
-0.00704268
-0.0073598
-0.00769085
-0.00803659
-0.00839779
-0.00877529
-0.0091699
-0.00958266
-0.0100142
-0.0104661
-0.0109383
-0.0114339
-0.0119504
-0.0124951
-0.0130601
-0.0136586
-0.0142785
-0.0149299
-0.0156164
-0.0163066
-0.0170421
-0.0177486
)
;

boundaryField
{
    zeroGradient
    {
        type            zeroGradient;
    }
    inlet
    {
        type            zeroGradient;
    }
    fixedWalls
    {
        type            zeroGradient;
    }
    frontAndBack
    {
        type            empty;
    }
}


// ************************************************************************* //
