/*--------------------------------*- C++ -*----------------------------------*\
| =========                 |                                                 |
| \\      /  F ield         | OpenFOAM: The Open Source CFD Toolbox           |
|  \\    /   O peration     | Version:  2312                                  |
|   \\  /    A nd           | Website:  www.openfoam.com                      |
|    \\/     M anipulation  |                                                 |
\*---------------------------------------------------------------------------*/
FoamFile
{
    version     2.0;
    format      ascii;
    arch        "LSB;label=32;scalar=64";
    class       volScalarField;
    location    "0.8";
    object      p;
}
// * * * * * * * * * * * * * * * * * * * * * * * * * * * * * * * * * * * * * //

dimensions      [0 2 -2 0 0 0 0];

internalField   nonuniform List<scalar> 
5600
(
1.71546e-08
0.000473887
0.000303598
0.000443004
0.000370321
0.000527501
0.000507528
0.000651145
0.000670304
0.00080535
0.000864809
0.000994616
0.00107785
0.00120612
0.00131651
0.00144988
0.00157355
0.00171304
0.00185748
0.00200975
0.00216741
0.00233597
0.00251327
0.002704
0.00290028
0.00310782
0.00331978
0.00354375
0.0037747
0.00402064
0.00427802
0.00455405
0.00484342
0.00514352
0.00544233
0.00573052
0.00601524
0.00629461
0.00650557
0.00647368
2.64188e-06
0.000470957
0.000305453
0.000440178
0.000372862
0.000523791
0.000510179
0.000647058
0.000672983
0.00080067
0.000866944
0.00098973
0.00107859
0.00120117
0.00131578
0.00144477
0.00157007
0.00170722
0.00185238
0.00200521
0.00216201
0.00232958
0.00250473
0.00269195
0.00288664
0.00309106
0.00330243
0.00352385
0.00375388
0.00399359
0.00423904
0.00448486
0.00472424
0.00495822
0.00518912
0.00540754
0.00558688
0.00568401
0.00562757
0.00529382
5.00163e-06
0.000469277
0.000306462
0.000439014
0.000373867
0.000522068
0.000511
0.00064524
0.000673494
0.000798725
0.000867123
0.000987866
0.00107812
0.00119948
0.00131439
0.00144286
0.00156778
0.00170473
0.00184922
0.00200096
0.00215728
0.00232417
0.00249773
0.00268369
0.0028765
0.00307929
0.00328777
0.00350482
0.00372707
0.00395572
0.00418636
0.00441363
0.00463228
0.00484579
0.00505456
0.00524719
0.00539624
0.00546481
0.00539131
0.00506866
8.97833e-06
0.000465104
0.000308848
0.000435251
0.00037691
0.000517091
0.000514271
0.000639954
0.000676711
0.000792819
0.000869611
0.000981705
0.00107868
0.00119322
0.0013131
0.00143756
0.00156334
0.00169944
0.00184297
0.00199354
0.00214931
0.00231345
0.00248575
0.00266788
0.0028582
0.00305684
0.00326241
0.00347423
0.00368778
0.0038967
0.00409821
0.00429579
0.00449168
0.0046823
0.0048565
0.00499679
0.00507826
0.00506703
0.00491062
0.0045156
1.25722e-05
0.000461293
0.000310829
0.00043268
0.000378995
0.000513442
0.000515871
0.000636198
0.00067762
0.000789282
0.000869656
0.000978508
0.00107758
0.00118985
0.00130986
0.00143394
0.00155839
0.00169338
0.00183608
0.00198528
0.00213951
0.00230147
0.00247124
0.00265012
0.0028365
0.00302959
0.00322688
0.00342688
0.00362665
0.00382231
0.00400802
0.00418425
0.00435634
0.00452188
0.00466823
0.00477753
0.00482789
0.0047911
0.00462126
0.00423111
1.75293e-05
0.000455205
0.000314308
0.000427664
0.000383049
0.000506827
0.000520048
0.000629559
0.000680931
0.00078216
0.000871041
0.000972444
0.00107519
0.00118665
0.0013053
0.00142775
0.00155134
0.00168513
0.00182693
0.001974
0.00212648
0.00228536
0.00245177
0.00262595
0.00280699
0.00299383
0.00318327
0.00337006
0.00354828
0.00371853
0.0038847
0.00404886
0.00420835
0.00435601
0.00448007
0.00456518
0.00459134
0.00453051
0.00433719
0.00392483
2.24294e-05
0.000448827
0.000317525
0.000423522
0.000386261
0.000500981
0.000522128
0.000624057
0.000681806
0.000777944
0.000870167
0.000969317
0.00107145
0.00118199
0.00129952
0.0014208
0.00154316
0.00167564
0.00181572
0.0019605
0.00211027
0.00226569
0.00242752
0.00259586
0.00276887
0.00294447
0.00311954
0.00329142
0.00345597
0.00361038
0.00376019
0.00390955
0.0040543
0.00418565
0.00429259
0.00436208
0.00437627
0.00430868
0.00411337
0.00370004
2.87197e-05
0.000440009
0.000322347
0.000416991
0.000391536
0.000492613
0.000526833
0.000616314
0.000683061
0.000771863
0.000867273
0.000966643
0.00106633
0.0011756
0.00129226
0.00141252
0.00153302
0.00166384
0.00180165
0.00194379
0.00209
0.00224137
0.00239727
0.00255804
0.00272093
0.00288431
0.00304369
0.00319445
0.00333876
0.00348153
0.00362369
0.00376315
0.00389476
0.00401198
0.00410566
0.00416534
0.00417539
0.00411166
0.00392994
0.00354212
3.52691e-05
0.000430247
0.000327038
0.000411141
0.000395559
0.000484578
0.000528536
0.000610289
0.000682674
0.00076895
0.000863541
0.000961751
0.00106038
0.00116817
0.00128391
0.00140238
0.00152102
0.00164935
0.00178481
0.00192334
0.00206536
0.00221152
0.00236113
0.00251299
0.00266245
0.00280484
0.00294116
0.00307588
0.00321036
0.00334412
0.0034758
0.0036046
0.00372856
0.00384489
0.00394759
0.00402668
0.00406429
0.00402891
0.00385896
0.0034308
4.32632e-05
0.000417873
0.000333071
0.000403317
0.000401806
0.000474855
0.000532174
0.000602666
0.000678521
0.000765882
0.000859492
0.000955196
0.00105366
0.00115907
0.00127408
0.00138975
0.0015068
0.00163162
0.00176464
0.00189849
0.00203547
0.00217403
0.00231402
0.0024522
0.00258441
0.00271075
0.00283546
0.00296017
0.00308252
0.0031977
0.0033021
0.00339489
0.0034798
0.00356424
0.00365157
0.00373273
0.00380607
0.00389806
0.00408008
0.00449155
5.18184e-05
0.000403866
0.000339243
0.000395931
0.000405508
0.000465711
0.000531511
0.000600466
0.000674462
0.000760828
0.000853603
0.000947785
0.00104517
0.0011486
0.00126201
0.00137521
0.00148954
0.0016107
0.00174
0.00186881
0.00199911
0.00212824
0.00225392
0.00237457
0.00249261
0.00261016
0.00272686
0.00283968
0.0029466
0.00304648
0.00314111
0.00323511
0.00333417
0.00343753
0.00353553
0.00362333
0.0037099
0.00382247
0.00401433
0.00438632
6.18682e-05
0.000387115
0.000345613
0.000388406
0.000411057
0.000458165
0.000525414
0.000596709
0.000670523
0.000755164
0.000846301
0.000939108
0.00103462
0.00113641
0.00124733
0.00135825
0.00146886
0.001586
0.00170998
0.00183178
0.0019517
0.00206806
0.00217928
0.00228841
0.00239836
0.00250863
0.00261636
0.00271882
0.00281537
0.00290907
0.00300548
0.00310584
0.00320264
0.0032892
0.00336521
0.00343874
0.00352674
0.00365828
0.00388351
0.00429824
7.25945e-05
0.000368743
0.000352005
0.00038059
0.000411084
0.000454708
0.00051964
0.000591389
0.000665005
0.000748878
0.000838229
0.000928906
0.00102219
0.00112191
0.00123
0.001338
0.00144445
0.00155647
0.00167436
0.00178687
0.00189216
0.00199356
0.0020951
0.00219676
0.00229659
0.00239436
0.00249276
0.00259609
0.00270308
0.00280735
0.00290334
0.00298869
0.00306388
0.00313172
0.00319718
0.00326991
0.00336577
0.00350978
0.00374603
0.00416251
8.4823e-05
0.000346959
0.000356956
0.000377554
0.000408882
0.000450816
0.00051393
0.000583995
0.000656572
0.000740838
0.000828674
0.000916931
0.00100757
0.00110479
0.00120966
0.0013139
0.00141516
0.00151969
0.00162788
0.00172832
0.00182229
0.00191693
0.0020143
0.00211277
0.00221004
0.00230457
0.00239486
0.00248034
0.00256149
0.00264196
0.00272697
0.00281556
0.0028991
0.00297262
0.00303996
0.00311237
0.00320699
0.00334956
0.00358384
0.00399664
9.75662e-05
0.000326238
0.000358367
0.000373778
0.000403763
0.000445634
0.000508647
0.000577919
0.000648388
0.000730637
0.000816634
0.000902595
0.000990346
0.00108458
0.00118576
0.00128505
0.00137957
0.00147431
0.00157068
0.00166171
0.00174924
0.0018377
0.00192684
0.00201434
0.00209894
0.00218295
0.00227005
0.00236248
0.00245548
0.00254281
0.00262074
0.00268888
0.00274905
0.0028051
0.00286292
0.00293163
0.00302549
0.00316813
0.00340237
0.00381554
0.000111278
0.000305043
0.000354482
0.000371356
0.000400274
0.000440554
0.000502257
0.000570065
0.000637942
0.000718157
0.00080229
0.000885581
0.000970077
0.00106063
0.00115718
0.00124964
0.00133499
0.00141926
0.0015074
0.00159274
0.00167364
0.00175272
0.00183115
0.00190977
0.00199056
0.00207651
0.00216693
0.0022573
0.00234181
0.00241654
0.00248023
0.00253436
0.00258236
0.00262923
0.00268145
0.00274785
0.00284166
0.00298523
0.00322041
0.00363394
0.000125224
0.000285521
0.000346084
0.000367943
0.00039587
0.000434233
0.000494424
0.000560747
0.000626108
0.000703845
0.000785541
0.000865544
0.00094613
0.0010321
0.00112238
0.0012061
0.00128163
0.00135863
0.00144111
0.00152124
0.00159677
0.00167097
0.00174527
0.00181853
0.00188933
0.00195858
0.00202884
0.0021036
0.00218221
0.00225755
0.0023227
0.00237581
0.00242038
0.00246277
0.00251069
0.00257367
0.00266516
0.00280739
0.00304192
0.00345526
0.000139152
0.000266653
0.000333132
0.000363326
0.000391751
0.000427883
0.000485838
0.000550191
0.000612535
0.000687169
0.000765821
0.00084139
0.000916968
0.000997251
0.00107977
0.00115511
0.0012247
0.00129625
0.00137199
0.00144312
0.0015063
0.00156656
0.00162984
0.00169988
0.00177633
0.00185517
0.00193205
0.00200397
0.00206855
0.00212471
0.00217256
0.00221374
0.00225106
0.0022891
0.00233417
0.00239505
0.00248483
0.0026256
0.00285892
0.0032715
0.000153005
0.000250201
0.000314596
0.00035638
0.000386935
0.00042084
0.000476186
0.000537971
0.00059663
0.000667575
0.000742986
0.000813243
0.000881024
0.000952767
0.00102881
0.00110032
0.00116564
0.00123066
0.00129897
0.0013641
0.00142266
0.00147843
0.00153515
0.0015937
0.00165338
0.00171556
0.00178238
0.00185217
0.0019178
0.00197324
0.00201691
0.00205161
0.00208257
0.00211572
0.00215759
0.00221641
0.00230477
0.00244444
0.002677
0.00308927
0.000163557
0.000236547
0.000296715
0.000344691
0.000379696
0.000412534
0.000465512
0.000524991
0.000579058
0.000643671
0.000712765
0.000776635
0.000839274
0.000906486
0.000977641
0.00104337
0.00110177
0.001159
0.00121902
0.0012759
0.00132498
0.00136995
0.00141659
0.00146866
0.0015271
0.00159168
0.00165887
0.0017234
0.00178003
0.00182583
0.0018611
0.0018891
0.00191482
0.00194401
0.00198306
0.00204009
0.00212736
0.00226638
0.00249852
0.00291059
0.000170958
0.000227187
0.000278253
0.00032715
0.000368796
0.000402352
0.000452807
0.000509099
0.000557843
0.000616329
0.000680166
0.000738354
0.000794854
0.000855916
0.000920409
0.000979315
0.00103016
0.00107918
0.00113115
0.00118135
0.00122509
0.00126522
0.00130719
0.00135405
0.00140589
0.00146257
0.00152278
0.00158083
0.00163057
0.00166912
0.00169769
0.00172028
0.00174208
0.0017686
0.0018059
0.00186172
0.00194817
0.00208658
0.00231821
0.00272992
0.000175366
0.000218079
0.000260821
0.000307727
0.00035337
0.000388529
0.000436815
0.000490304
0.000534373
0.000586597
0.000644791
0.000696149
0.000745023
0.000799067
0.000856429
0.000908496
0.000952276
0.000993306
0.00103722
0.00108022
0.00111733
0.00115076
0.00118754
0.0012329
0.00128697
0.00134449
0.00139829
0.00144375
0.00147954
0.00150672
0.00152779
0.00154618
0.00156587
0.00159133
0.00162796
0.0016833
0.00176932
0.00190736
0.00213874
0.00255047
0.000176515
0.000209008
0.000244682
0.000287905
0.000332931
0.000369362
0.000416584
0.000468009
0.000507662
0.00055358
0.000605708
0.000649934
0.000690111
0.000736527
0.000786888
0.000831671
0.000868435
0.000901687
0.000937693
0.000974243
0.00100692
0.00103728
0.00107181
0.00111576
0.00116799
0.00122048
0.00126508
0.00129869
0.00132275
0.00134063
0.00135572
0.001371
0.00138946
0.00141465
0.00145133
0.00150666
0.00159251
0.00173027
0.00196141
0.0023731
0.000174235
0.000199339
0.00022865
0.000267198
0.000309706
0.000345089
0.000390902
0.000441173
0.00047709
0.000516651
0.000562831
0.000600306
0.00063125
0.000668649
0.000711686
0.000748899
0.000778423
0.000804391
0.000833227
0.000864429
0.00089416
0.000923071
0.000956528
0.000998866
0.00104634
0.00109029
0.00112404
0.00114668
0.00116144
0.00117266
0.00118374
0.00119716
0.00121509
0.00124027
0.00127695
0.00133208
0.00141757
0.00155492
0.00178574
0.00219738
0.000168203
0.000188374
0.000212438
0.000246093
0.000285282
0.000316744
0.000357945
0.000406989
0.000440587
0.000474463
0.000515022
0.000547326
0.00057029
0.000597406
0.000632105
0.000661792
0.000683538
0.000702081
0.000724269
0.000751372
0.000780169
0.00081004
0.000843418
0.000881479
0.000920342
0.000953671
0.000977081
0.000990933
0.000998935
0.00100549
0.00101389
0.00102609
0.00104362
0.00106868
0.00110519
0.00115997
0.001245
0.00138193
0.00161256
0.00202428
0.000158756
0.000175015
0.000194742
0.000223214
0.000259168
0.000287992
0.000323051
0.000366697
0.000396352
0.000423098
0.000457661
0.000487638
0.000506527
0.000524116
0.000549405
0.000571833
0.000585822
0.000596453
0.000611841
0.000635387
0.000664187
0.000695044
0.000725945
0.000756872
0.000786105
0.000810043
0.00082582
0.000833885
0.000837499
0.000840724
0.000846725
0.000857417
0.000874163
0.000898858
0.000935111
0.00098962
0.00107432
0.00121091
0.00144121
0.00185284
0.000145759
0.000158905
0.000174864
0.000198202
0.000229722
0.000254948
0.000283585
0.000322066
0.000348619
0.000369121
0.000396634
0.000422021
0.000437189
0.000447119
0.000463306
0.0004801
0.000489627
0.000494855
0.000503822
0.000521511
0.00054587
0.000573133
0.00059992
0.000624964
0.00064725
0.000664778
0.000675693
0.00068022
0.000680962
0.000681564
0.000685232
0.000694092
0.00070962
0.000733637
0.000769574
0.000823922
0.000908523
0.0010451
0.00127558
0.00168764
0.000128751
0.000139431
0.00015211
0.000170303
0.00019691
0.000218791
0.000241329
0.000273683
0.000297254
0.000311965
0.000331396
0.00035034
0.000360911
0.000363665
0.000369349
0.000378198
0.000382697
0.000382822
0.000385677
0.000398225
0.000420382
0.000446819
0.000470874
0.000489951
0.000504471
0.00051489
0.000520906
0.00052266
0.000521747
0.000520877
0.000522897
0.000530052
0.000544084
0.000566975
0.00060215
0.000656011
0.000740333
0.00087679
0.00110733
0.0015197
0.000108663
0.00011652
0.000125767
0.000139055
0.00016053
0.000178826
0.000195542
0.00022108
0.000241268
0.000251268
0.000263799
0.000277368
0.000285183
0.000285139
0.000284744
0.00028771
0.000288964
0.000286288
0.00028411
0.000289437
0.000304615
0.000325547
0.000344563
0.000357405
0.000364492
0.000367871
0.000368908
0.000368178
0.000366491
0.000365389
0.000366887
0.000373014
0.000385719
0.000407289
0.000441314
0.00049418
0.000577511
0.000712927
0.000942395
0.00135373
8.3222e-05
8.95771e-05
9.6237e-05
0.000105114
0.000121285
0.000135522
0.000146378
0.00016388
0.000179213
0.000184072
0.00018786
0.000192317
0.000192438
0.000185183
0.000175062
0.00016778
0.000162614
0.000158147
0.000156769
0.000163244
0.00017801
0.000195588
0.000209536
0.000217004
0.000219067
0.000218176
0.000216006
0.000213203
0.000210368
0.000208742
0.000210212
0.000216815
0.000230567
0.000253821
0.000290132
0.000345751
0.000432118
0.000570647
0.000803182
0.00121757
5.60847e-05
5.7059e-05
6.04542e-05
6.59636e-05
7.88211e-05
8.98624e-05
9.65787e-05
0.000106924
0.000118253
0.000121509
0.00012277
0.000125341
0.000126529
0.000122733
0.000115451
0.000108018
0.00010028
8.98281e-05
7.6427e-05
6.2487e-05
5.10476e-05
4.40191e-05
4.28043e-05
4.82786e-05
5.82839e-05
6.79964e-05
7.30646e-05
7.14636e-05
6.37967e-05
5.25184e-05
4.10452e-05
3.29503e-05
3.16401e-05
4.04919e-05
6.37472e-05
0.00010799
0.000184822
0.000315754
0.000542875
0.000954556
2.07188e-05
2.35949e-05
2.48184e-05
2.48946e-05
2.98576e-05
3.46797e-05
3.5446e-05
3.81779e-05
4.17917e-05
3.86228e-05
3.06141e-05
2.16844e-05
1.08449e-05
-3.96408e-06
-2.18909e-05
-3.94217e-05
-5.43829e-05
-6.61503e-05
-7.35591e-05
-7.43531e-05
-6.7878e-05
-5.77362e-05
-4.93366e-05
-4.63225e-05
-4.89869e-05
-5.53056e-05
-6.27079e-05
-6.92038e-05
-7.35275e-05
-7.47662e-05
-7.19574e-05
-6.38581e-05
-4.8776e-05
-2.42702e-05
1.35195e-05
7.11484e-05
0.000160282
0.000302487
0.000539769
0.000960221
-2.47826e-05
-1.72663e-05
-1.30193e-05
-1.31182e-05
-1.222e-05
-1.33771e-05
-1.84925e-05
-2.02137e-05
-1.85458e-05
-1.92523e-05
-2.34554e-05
-2.77062e-05
-3.25058e-05
-3.94028e-05
-4.88352e-05
-5.89079e-05
-6.89035e-05
-7.93086e-05
-9.10135e-05
-0.000103683
-0.000116766
-0.000130063
-0.000144274
-0.000160117
-0.000178108
-0.000198181
-0.000220191
-0.000244137
-0.000270422
-0.000299602
-0.0003324
-0.000369685
-0.000412849
-0.000464223
-0.000527875
-0.000610758
-0.000725033
-0.000892719
-0.00115625
-0.00160419
-6.02626e-05
-6.04064e-05
-6.42037e-05
-7.23984e-05
-7.90464e-05
-8.4167e-05
-9.28638e-05
-0.000102087
-0.000110716
-0.000123187
-0.000140621
-0.000160296
-0.000180704
-0.000202282
-0.000224388
-0.000244361
-0.000259236
-0.000267559
-0.000270081
-0.000269947
-0.000270381
-0.000273478
-0.000279965
-0.00028926
-0.000299732
-0.000309394
-0.000316633
-0.000320491
-0.000320595
-0.00031684
-0.00030899
-0.000296347
-0.000277482
-0.000249931
-0.000209622
-0.000149746
-5.84599e-05
8.58542e-05
0.000325128
0.000747298
-0.000107966
-0.000108374
-0.00011147
-0.000118278
-0.000125283
-0.00013005
-0.000137259
-0.000145748
-0.000152771
-0.000160681
-0.00017103
-0.000182497
-0.000193787
-0.000205744
-0.000219338
-0.000234429
-0.000250446
-0.000267501
-0.000286207
-0.000306924
-0.000329502
-0.000353668
-0.000379443
-0.000407172
-0.000437232
-0.000469612
-0.000504031
-0.0005402
-0.00057804
-0.00061778
-0.000659975
-0.000705555
-0.000755989
-0.000813657
-0.000882522
-0.000969346
-0.00108599
-0.00125413
-0.00151574
-0.00195878
-0.000159617
-0.000163973
-0.000173414
-0.000187075
-0.000203502
-0.000218819
-0.000235258
-0.000254075
-0.000273472
-0.000294494
-0.000318059
-0.000343077
-0.000367335
-0.000389587
-0.000408823
-0.000423405
-0.000432015
-0.000436177
-0.000439723
-0.000445962
-0.000455891
-0.000468415
-0.000481625
-0.000493814
-0.000503925
-0.000511454
-0.000516139
-0.000517798
-0.000516256
-0.000511299
-0.000502536
-0.000489217
-0.000469956
-0.000442359
-0.000402384
-0.000343197
-0.0002529
-0.000109825
0.000127977
0.00054845
-0.000210327
-0.0002129
-0.000219881
-0.000229006
-0.000240474
-0.000252379
-0.000264048
-0.000276895
-0.000290191
-0.000304435
-0.00032001
-0.000336525
-0.000353108
-0.000369898
-0.000387654
-0.00040678
-0.000427099
-0.000448449
-0.000471068
-0.000495375
-0.000521582
-0.000549608
-0.000579277
-0.000610555
-0.000643403
-0.000677773
-0.000713581
-0.000750738
-0.000789233
-0.000829245
-0.000871251
-0.000916153
-0.000965463
-0.00102164
-0.00108874
-0.00117356
-0.00128799
-0.00145368
-0.00171262
-0.00215278
-0.000278356
-0.000284531
-0.000299059
-0.000317951
-0.000339393
-0.000363624
-0.000388509
-0.000414037
-0.000439633
-0.00046544
-0.00049074
-0.000513614
-0.000531725
-0.000543978
-0.00055201
-0.000559045
-0.000567405
-0.000577756
-0.00058981
-0.000602908
-0.000616235
-0.000628848
-0.000639834
-0.000648497
-0.000654616
-0.000658288
-0.000659703
-0.000658948
-0.000655916
-0.000650264
-0.000641379
-0.000628293
-0.000609476
-0.000582472
-0.000543244
-0.000484984
-0.000395816
-0.000254083
-1.78294e-05
0.000400905
-0.000326544
-0.000327196
-0.000332686
-0.000342478
-0.000354488
-0.000369582
-0.000386635
-0.000404816
-0.000424156
-0.000445638
-0.000469725
-0.000494303
-0.000516547
-0.000535097
-0.000550924
-0.000565596
-0.0005805
-0.000596198
-0.000613021
-0.000631113
-0.000650669
-0.000671741
-0.000694364
-0.000718525
-0.000744179
-0.000771241
-0.000799708
-0.000829624
-0.000861158
-0.000894617
-0.000930561
-0.000969914
-0.00101419
-0.00106586
-0.00112897
-0.00121036
-0.00132194
-0.00148541
-0.0017428
-0.00218219
-0.000413192
-0.000419273
-0.000433191
-0.000454438
-0.000480537
-0.000509994
-0.000540899
-0.000570715
-0.000598256
-0.000622482
-0.000643396
-0.000660754
-0.000674894
-0.00068609
-0.000694996
-0.000702063
-0.000707773
-0.000712315
-0.000715842
-0.000718316
-0.000719716
-0.000719932
-0.000718901
-0.000716501
-0.000712696
-0.000707472
-0.000700859
-0.000692813
-0.000683207
-0.000671728
-0.000657831
-0.000640586
-0.000618487
-0.000589075
-0.00054832
-0.000489426
-0.000400569
-0.000260175
-2.64482e-05
0.000388323
0.00623553
0.00630878
0.00658931
0.00676787
0.00676613
0.00658904
0.00629574
0.00595649
0.00562341
0.00532493
0.00507205
0.00486478
0.00469551
0.00455336
0.00442768
0.00430994
0.00419424
0.00407719
0.00395733
0.00383464
0.00370995
0.00358454
0.00345969
0.00333646
0.00321548
0.00309694
0.00298062
0.00286593
0.00275213
0.00263837
0.00252387
0.00240792
0.00229003
0.00216973
0.00204678
0.00192083
0.00179156
0.00165839
0.00152069
0.00137758
0.00122812
0.00107128
0.000905909
0.000730784
0.000544214
0.000344099
0.000127333
-0.000110524
-0.000374434
-0.000668392
-0.00099583
-0.00136067
-0.00176882
-0.00222727
-0.0027496
-0.00335474
-0.00404508
-0.00480081
-0.00557929
-0.00630914
-0.00689195
-0.00722621
-0.00724878
-0.00699075
-0.00657843
-0.00613285
-0.00574427
-0.00544545
-0.00525131
-0.00515546
-0.00512284
-0.00513743
-0.00518816
-0.00525439
-0.00533059
-0.00541616
-0.00550349
-0.00559683
-0.00569441
-0.00579161
-0.00589536
-0.00599961
-0.00610384
-0.00621066
-0.00631746
-0.00642386
-0.00652924
-0.00663106
-0.00673326
-0.00682846
-0.00691727
-0.00700325
-0.00708492
-0.00715531
-0.00722411
-0.00728717
-0.00734633
-0.00739959
-0.00745147
-0.00749403
0.00492315
0.00499724
0.00545002
0.00589206
0.00615838
0.0062092
0.00606921
0.00581035
0.0055091
0.00521903
0.00496712
0.00476193
0.00459988
0.00446947
0.00435715
0.00425159
0.00414539
0.00403488
0.00391914
0.00379895
0.00367597
0.00355203
0.00342866
0.00330693
0.00318742
0.00307022
0.00295506
0.00284137
0.00272841
0.00261534
0.0025014
0.00238588
0.00226829
0.00214816
0.00202527
0.0018994
0.0017703
0.00163736
0.00149994
0.00135714
0.00120798
0.00105144
0.000886344
0.000711479
0.000525155
0.000325298
0.000108861
-0.000128513
-0.000391693
-0.000684617
-0.0010106
-0.00137377
-0.00177986
-0.00223555
-0.00275353
-0.00335308
-0.00403574
-0.00478268
-0.00555364
-0.00627692
-0.00685602
-0.00719153
-0.00721891
-0.00696713
-0.00656054
-0.00611936
-0.00573391
-0.00543685
-0.00524368
-0.00514872
-0.00511672
-0.00513168
-0.00518282
-0.00524954
-0.00532616
-0.00541214
-0.00549993
-0.00559371
-0.00569165
-0.00578919
-0.00589328
-0.00599782
-0.00610229
-0.00620933
-0.00631633
-0.00642288
-0.00652841
-0.00663035
-0.00673266
-0.00682796
-0.00691684
-0.00700289
-0.00708462
-0.00715506
-0.0072239
-0.007287
-0.00734619
-0.00739949
-0.00745138
-0.00749397
0.00473191
0.00483717
0.00533169
0.00581853
0.00612565
0.00620926
0.00608976
0.00583783
0.00553282
0.00523313
0.00497
0.00475466
0.00458548
0.00445153
0.00433849
0.00423365
0.00412834
0.00401807
0.00390161
0.00377985
0.0036548
0.00352872
0.00340347
0.00328029
0.00315977
0.00304193
0.00292636
0.00281236
0.00269912
0.00258576
0.0024715
0.00235568
0.00223785
0.00211761
0.00199469
0.00186859
0.00173897
0.00160534
0.00146718
0.00132372
0.00117402
0.00101704
0.000851561
0.000676309
0.000489626
0.000289357
7.26828e-05
-0.000164497
-0.000426684
-0.000717842
-0.00104149
-0.00140158
-0.00180397
-0.00225497
-0.00276538
-0.00335278
-0.00401827
-0.00474128
-0.0054829
-0.00617859
-0.00674045
-0.00707798
-0.00712716
-0.00690463
-0.00652402
-0.0061034
-0.00573218
-0.00544196
-0.00525085
-0.00515584
-0.00512265
-0.00513622
-0.00518605
-0.00525154
-0.0053273
-0.0054127
-0.0054999
-0.00559323
-0.00569089
-0.00578817
-0.00589205
-0.00599646
-0.00610086
-0.00620788
-0.0063149
-0.00642152
-0.00652713
-0.00662916
-0.00673159
-0.00682702
-0.00691603
-0.00700221
-0.00708407
-0.00715463
-0.00722356
-0.00728676
-0.00734601
-0.00739937
-0.00745132
-0.00749393
0.00414234
0.00422692
0.00471632
0.005224
0.0055748
0.00572034
0.00567139
0.00548672
0.00523791
0.00498137
0.00474991
0.00455721
0.00440482
0.00428522
0.00418628
0.00409591
0.00400495
0.00390807
0.00380328
0.00369103
0.00357338
0.00345298
0.00333232
0.00321316
0.00309643
0.00298228
0.00287026
0.00275953
0.00264914
0.00253814
0.00242578
0.00231146
0.00219482
0.00207551
0.00195332
0.0018279
0.00169896
0.00156599
0.00142844
0.00128552
0.0011363
0.0009797
0.000814532
0.000639431
0.000452822
0.000252497
3.58615e-05
-0.000200911
-0.00046199
-0.000751287
-0.00107249
-0.0014293
-0.00182758
-0.00227316
-0.00277474
-0.00334737
-0.00399177
-0.00468834
-0.00540101
-0.00606975
-0.00661392
-0.00695162
-0.00702093
-0.00682774
-0.00647375
-0.00607427
-0.00571753
-0.00543513
-0.0052467
-0.00515261
-0.00511952
-0.00513246
-0.00518156
-0.00524673
-0.00532234
-0.00540772
-0.00549516
-0.00558876
-0.00568666
-0.00578422
-0.00588839
-0.00599306
-0.00609771
-0.00620495
-0.00631216
-0.00641895
-0.00652474
-0.00662693
-0.00672952
-0.00682512
-0.0069143
-0.00700066
-0.00708267
-0.00715341
-0.00722251
-0.00728589
-0.00734528
-0.00739883
-0.00745093
-0.00749365
0.00387673
0.00397983
0.00449426
0.00503
0.00540976
0.00558382
0.00556106
0.00539822
0.00516587
0.00492064
0.00469632
0.00450776
0.00435778
0.00424021
0.00414385
0.0040568
0.00396958
0.00387627
0.00377435
0.00366396
0.00354707
0.00342657
0.00330532
0.00318549
0.0030683
0.00295397
0.002842
0.00273137
0.00262097
0.00250974
0.00239693
0.00228198
0.00216463
0.00204465
0.00192188
0.00179602
0.00166671
0.0015334
0.00139544
0.00125204
0.0011023
0.000945165
0.000779492
0.000603876
0.000416794
0.000216055
-8.23859e-07
-0.000237373
-0.000497601
-0.000785192
-0.00110397
-0.00145735
-0.00185108
-0.00229041
-0.0027823
-0.00333934
-0.00396212
-0.00463214
-0.00531455
-0.0059535
-0.00647629
-0.00681006
-0.00689704
-0.00673543
-0.0064139
-0.00604042
-0.00570234
-0.00543188
-0.00524851
-0.00515609
-0.00512286
-0.00513477
-0.00518262
-0.00524653
-0.00532117
-0.00540596
-0.00549285
-0.00558596
-0.00568362
-0.00578093
-0.00588487
-0.00598946
-0.00609406
-0.0062013
-0.00630858
-0.00641543
-0.00652127
-0.00662356
-0.00672627
-0.00682208
-0.00691147
-0.00699808
-0.00708034
-0.00715139
-0.00722074
-0.00728444
-0.00734404
-0.00739789
-0.00745022
-0.00749312
0.00355537
0.00364992
0.00415974
0.00469619
0.00508163
0.00526578
0.00525638
0.00510884
0.00489282
0.00466444
0.00445719
0.00428556
0.00415205
0.00405013
0.00396825
0.00389436
0.00381896
0.00373624
0.00364382
0.003542
0.00343294
0.00331968
0.00320517
0.00309164
0.00298029
0.00287134
0.00276427
0.002658
0.00255141
0.00244348
0.00233352
0.00222105
0.0021059
0.0019879
0.00186696
0.00174277
0.00161498
0.00148299
0.00134621
0.00120381
0.00105496
0.000898592
0.00073364
0.000558654
0.000372162
0.000172021
-4.41827e-05
-0.000279654
-0.00053824
-0.000823344
-0.00113888
-0.00148805
-0.00187616
-0.00230808
-0.00278932
-0.00332996
-0.00393057
-0.00457319
-0.00522465
-0.00583389
-0.0063361
-0.00666678
-0.0067719
-0.00664295
-0.00635373
-0.00600587
-0.00568618
-0.0054268
-0.00524745
-0.00515525
-0.00512167
-0.00513252
-0.00517904
-0.00524209
-0.00531617
-0.0054006
-0.0054874
-0.00558051
-0.00567823
-0.00577567
-0.0058797
-0.00598446
-0.00608922
-0.00619659
-0.00630399
-0.00641099
-0.00651697
-0.00661941
-0.00672225
-0.00681828
-0.00690788
-0.00699474
-0.00707723
-0.00714864
-0.00721825
-0.00728234
-0.0073422
-0.00739646
-0.00744907
-0.00749223
0.00332809
0.00342248
0.00393131
0.00446323
0.00484218
0.0050202
0.00500808
0.00486408
0.00465887
0.00444779
0.00426274
0.00411588
0.00400714
0.0039273
0.00386311
0.0038022
0.00373579
0.00365927
0.00357145
0.0034737
0.00336888
0.00326027
0.00315064
0.00304181
0.00293463
0.00282904
0.0027244
0.00261973
0.00251409
0.00240667
0.00229697
0.00218466
0.00206961
0.00195167
0.00183074
0.00170652
0.00157863
0.00144647
0.00130945
0.00116676
0.00101761
0.000860894
0.000695622
0.000520328
0.000333576
0.000133308
-8.28313e-05
-0.000317733
-0.000575096
-0.000858056
-0.00117052
-0.00151545
-0.00189771
-0.00232177
-0.00279195
-0.003316
-0.00389406
-0.00450919
-0.00513029
-0.00571063
-0.00619271
-0.0065192
-0.00663971
-0.00654127
-0.00628486
-0.0059642
-0.00566436
-0.00541775
-0.0052442
-0.00515401
-0.00512084
-0.0051315
-0.00517741
-0.0052396
-0.00531299
-0.00539709
-0.00548358
-0.00557635
-0.00567395
-0.00577125
-0.00587509
-0.00597981
-0.00608456
-0.00619191
-0.00629933
-0.0064064
-0.00651244
-0.00661495
-0.00671787
-0.0068141
-0.0069039
-0.00699101
-0.00707373
-0.00714552
-0.00721542
-0.00727995
-0.00734008
-0.0073948
-0.00744771
-0.00749117
0.00319436
0.00331066
0.00383497
0.00436034
0.00471344
0.00485138
0.00479608
0.00461965
0.00440003
0.00419129
0.00401949
0.00389225
0.0038047
0.00374355
0.00369348
0.0036421
0.00358188
0.0035098
0.00342612
0.00333333
0.0032348
0.00313367
0.00303216
0.00293143
0.00283173
0.00273264
0.00263338
0.0025331
0.0024311
0.00232686
0.00222009
0.00211058
0.00199825
0.00188293
0.00176444
0.00164244
0.00151656
0.00138618
0.00125076
0.00110948
0.000961634
0.000806124
0.000641968
0.000467773
0.00028207
8.29783e-05
-0.000131865
-0.000365009
-0.000620013
-0.000899761
-0.00120801
-0.00154758
-0.0019228
-0.00233765
-0.00279564
-0.00330221
-0.00385703
-0.00444449
-0.0050354
-0.00558733
-0.00604912
-0.00637037
-0.00650468
-0.00643661
-0.00621443
-0.00592196
-0.0056425
-0.00540916
-0.00524185
-0.0051532
-0.0051202
-0.0051301
-0.00517484
-0.00523604
-0.00530853
-0.00539198
-0.00547814
-0.00557071
-0.00566823
-0.0057655
-0.0058693
-0.00597412
-0.00607897
-0.00618642
-0.00629396
-0.00640116
-0.0065073
-0.00660994
-0.00671298
-0.00680946
-0.00689947
-0.00698687
-0.00706985
-0.00714206
-0.00721226
-0.00727726
-0.00733768
-0.0073929
-0.00744614
-0.00748994
0.0030079
0.00306143
0.00351205
0.00397267
0.00428479
0.00441383
0.00438256
0.004253
0.00408902
0.00393368
0.00380691
0.00371307
0.00364583
0.00359347
0.00354502
0.00349314
0.0034339
0.00336605
0.00329021
0.00320811
0.00312172
0.00303274
0.00294226
0.00285081
0.00275841
0.00266483
0.00256965
0.00247247
0.00237296
0.0022709
0.00216612
0.00205848
0.00194787
0.00183407
0.00171688
0.00159592
0.00147086
0.0013411
0.00120615
0.0010652
0.00091761
0.000762325
0.000598371
0.000424422
0.000239002
4.03835e-05
-0.000173735
-0.000405653
-0.000658708
-0.000935576
-0.00123982
-0.00157404
-0.00194211
-0.00234744
-0.00279291
-0.00328197
-0.00381366
-0.00437373
-0.00493512
-0.00545946
-0.00590117
-0.00621671
-0.0063634
-0.00632416
-0.00613601
-0.00587245
-0.00561419
-0.00539532
-0.00523555
-0.00514947
-0.00511714
-0.00512683
-0.00517099
-0.00523149
-0.00530339
-0.00538659
-0.00547257
-0.00556496
-0.00566254
-0.00575986
-0.00586358
-0.00596845
-0.00607336
-0.00618085
-0.00628845
-0.00639576
-0.00650198
-0.00660473
-0.00670786
-0.00680457
-0.0068948
-0.00698249
-0.00706573
-0.00713838
-0.0072089
-0.0072744
-0.00733514
-0.00739087
-0.00744446
-0.00748862
0.0048857
0.00480541
0.00431771
0.00381205
0.00344863
0.00326271
0.00323277
0.00329754
0.00339275
0.00347429
0.00352098
0.00352739
0.00349889
0.00344667
0.00338166
0.00331148
0.0032405
0.00317051
0.00310148
0.0030324
0.00296189
0.00288875
0.00281219
0.00273188
0.00264786
0.00256038
0.00246975
0.00237625
0.00228008
0.00218127
0.00207978
0.00197541
0.00186797
0.00175714
0.00164267
0.00152414
0.00140127
0.00127349
0.00114033
0.00100106
0.000855005
0.000701235
0.000538727
0.000366269
0.000182347
-1.46029e-05
-0.000226794
-0.000456337
-0.000706281
-0.00097916
-0.00127824
-0.00160589
-0.00196563
-0.00236018
-0.00279193
-0.00326278
-0.00377083
-0.00430344
-0.00483571
-0.00533309
-0.00575502
-0.00606425
-0.00622165
-0.0062094
-0.00605525
-0.00582154
-0.00558528
-0.00538158
-0.00523014
-0.0051467
-0.00511493
-0.00512431
-0.00516764
-0.00522732
-0.00529854
-0.00538122
-0.00546687
-0.00555901
-0.00565647
-0.00575371
-0.00585732
-0.00596223
-0.0060672
-0.00617472
-0.00628239
-0.00638982
-0.00649614
-0.00659902
-0.00670227
-0.00679925
-0.00688971
-0.00697773
-0.00706126
-0.00713438
-0.00720525
-0.00727128
-0.00733237
-0.00738865
-0.00744261
-0.00748715
0.00470687
0.00456337
0.00399986
0.00342738
0.00302135
0.00282534
0.00281831
0.00292885
0.00307854
0.00321187
0.00330112
0.00333783
0.00332616
0.00327901
0.00321183
0.00313749
0.00306409
0.0029953
0.00293164
0.00287146
0.00281211
0.00275097
0.00268605
0.00261619
0.002541
0.00246068
0.00237582
0.00228707
0.00219499
0.0020999
0.00200193
0.00190093
0.00179672
0.00168889
0.00157718
0.0014611
0.00134037
0.00121443
0.00108287
0.000944984
0.000800149
0.000647524
0.000486126
0.000314825
0.000132145
-6.33817e-05
-0.00027381
-0.000501102
-0.000748036
-0.00101691
-0.0013108
-0.00163171
-0.00198287
-0.00236635
-0.002784
-0.00323664
-0.00372135
-0.00422706
-0.00473097
-0.00520241
-0.00560499
-0.00590733
-0.00607395
-0.00608666
-0.00596598
-0.00576287
-0.00554951
-0.00536198
-0.00522007
-0.00514027
-0.00510963
-0.00511908
-0.00516208
-0.00522133
-0.00529207
-0.00537449
-0.00546004
-0.00555203
-0.00564951
-0.00574682
-0.00585038
-0.00595538
-0.00606048
-0.00616809
-0.00627587
-0.00638345
-0.0064899
-0.00659293
-0.00669631
-0.00679357
-0.00688429
-0.00697266
-0.00705649
-0.00713011
-0.00720136
-0.00726795
-0.00732943
-0.00738626
-0.00744062
-0.00748558
0.00465137
0.00453286
0.00398429
0.00340131
0.00296215
0.00271559
0.00265236
0.00271589
0.00283656
0.00295941
0.00305242
0.00310221
0.00310745
0.00307612
0.00302084
0.00295418
0.00288565
0.00282066
0.00276109
0.00270627
0.00265388
0.00260096
0.00254488
0.00248382
0.00241689
0.00234398
0.0022655
0.00218215
0.00209464
0.0020035
0.00190906
0.00181133
0.00171024
0.00160543
0.00149661
0.0013833
0.00126515
0.00114162
0.00101224
0.000876366
0.000733371
0.000582512
0.000422853
0.000253345
7.2597e-05
-0.000120804
-0.000328716
-0.000552973
-0.000796095
-0.00106011
-0.00134794
-0.00166116
-0.00200277
-0.00237428
-0.00277691
-0.00321083
-0.00367217
-0.00415119
-0.00462742
-0.00507375
-0.00545752
-0.00575253
-0.00592697
-0.00596259
-0.00587432
-0.00570215
-0.00551237
-0.00534163
-0.00521004
-0.00513448
-0.00510507
-0.00511457
-0.00515716
-0.0052159
-0.00528613
-0.00536815
-0.00545344
-0.00554518
-0.00564258
-0.00573986
-0.0058433
-0.00594834
-0.00605351
-0.00616116
-0.00626901
-0.00637674
-0.0064833
-0.00658646
-0.00668996
-0.00678752
-0.00687851
-0.00696723
-0.0070514
-0.00712553
-0.0071972
-0.00726436
-0.00732626
-0.00738368
-0.00743846
-0.00748384
0.00450614
0.00437813
0.00381528
0.00321452
0.00275623
0.00249081
0.00241114
0.00246295
0.0025779
0.00270105
0.00279965
0.00285941
0.00287753
0.00285989
0.00281722
0.00276094
0.00270024
0.00264099
0.00258587
0.00253514
0.00248735
0.00244006
0.00239074
0.00233732
0.00227844
0.00221348
0.00214245
0.00206577
0.00198411
0.00189805
0.00180811
0.00171446
0.00161716
0.00151595
0.00141058
0.00130055
0.00118547
0.00106481
0.000938126
0.000804841
0.000664325
0.000515857
0.000358551
0.000191407
1.31357e-05
-0.000177589
-0.000382486
-0.00060316
-0.000841994
-0.00110061
-0.00138187
-0.00168689
-0.00201837
-0.00237747
-0.00276462
-0.00317974
-0.00361808
-0.00407107
-0.00452047
-0.00494261
-0.00530817
-0.00559531
-0.00577611
-0.00583229
-0.00577481
-0.00563378
-0.00546845
-0.00531542
-0.00519516
-0.00512488
-0.00509735
-0.0051072
-0.00514971
-0.00520833
-0.00527828
-0.00536011
-0.00544534
-0.00553697
-0.00563441
-0.0057318
-0.00583522
-0.00594036
-0.00604569
-0.00615345
-0.00626143
-0.00636934
-0.00647606
-0.00657941
-0.00668307
-0.00678096
-0.00687226
-0.00696136
-0.0070459
-0.00712059
-0.0071927
-0.00726049
-0.00732285
-0.00738087
-0.00743612
-0.00748195
0.00433631
0.00420477
0.00363763
0.00303296
0.00257144
0.00230342
0.0022216
0.00227152
0.00238492
0.00250712
0.00260567
0.00266649
0.00268682
0.00267237
0.00263354
0.0025813
0.00252456
0.00246902
0.00241744
0.00237026
0.0023263
0.0022834
0.00223917
0.0021915
0.00213886
0.00208036
0.00201574
0.00194515
0.0018691
0.0017881
0.0017027
0.00161316
0.00151966
0.00142205
0.0013201
0.00121339
0.00110153
0.000983963
0.000860224
0.000729713
0.000591836
0.000445888
0.000291077
0.000126461
-4.91246e-05
-0.000236882
-0.000438435
-0.000655104
-0.0008892
-0.00114194
-0.00141604
-0.00171236
-0.00203308
-0.00237922
-0.00275044
-0.00314648
-0.00356221
-0.00398987
-0.00441342
-0.00481252
-0.00516071
-0.00543981
-0.00562575
-0.00570041
-0.00567184
-0.00556166
-0.00542141
-0.00528683
-0.00517873
-0.00511469
-0.00508953
-0.00509985
-0.00514233
-0.00520091
-0.00527066
-0.00535228
-0.0054374
-0.00552887
-0.00562628
-0.00572373
-0.00582706
-0.00593227
-0.0060377
-0.00614553
-0.0062536
-0.00636167
-0.00646853
-0.00657203
-0.00667584
-0.00677406
-0.00686567
-0.00695518
-0.00704008
-0.00711536
-0.00718794
-0.00725636
-0.00731923
-0.00737788
-0.0074336
-0.0074799
0.00415592
0.00402396
0.00345542
0.00284894
0.0023854
0.00211518
0.00203109
0.00207885
0.00219033
0.00231104
0.00240868
0.00246928
0.0024902
0.00247715
0.00244045
0.00239097
0.00233746
0.00228551
0.00223777
0.00219467
0.00215502
0.00211669
0.00207735
0.00203489
0.00198776
0.00193501
0.00187624
0.00181148
0.00174108
0.00166547
0.00158513
0.00150033
0.00141125
0.0013178
0.00121983
0.00111695
0.00100878
0.000894787
0.000774498
0.000647303
0.00051264
0.000369821
0.000218122
5.66908e-05
-0.000115568
-0.00029966
-0.000497184
-0.00070913
-0.000937759
-0.00118393
-0.00145014
-0.00173711
-0.0020464
-0.00237905
-0.00273398
-0.00311084
-0.00350436
-0.0039074
-0.00430595
-0.00468284
-0.00501435
-0.00528507
-0.00547483
-0.00556588
-0.00556405
-0.00548373
-0.00536877
-0.00525323
-0.00515805
-0.00510117
-0.00507911
-0.00509018
-0.00513277
-0.00519155
-0.0052613
-0.00534289
-0.00542803
-0.00551943
-0.0056169
-0.00571449
-0.00581782
-0.00592313
-0.00602874
-0.0061367
-0.0062449
-0.00635318
-0.00646023
-0.00656394
-0.00666793
-0.00676653
-0.0068585
-0.00694843
-0.00703378
-0.00710967
-0.00718277
-0.00725188
-0.0073153
-0.0073746
-0.00743084
-0.00747764
0.0039738
0.00384122
0.00327151
0.00266357
0.00219841
0.00192649
0.00184075
0.00188707
0.00199745
0.00211746
0.00221489
0.00227577
0.00229749
0.00228575
0.00225085
0.00220363
0.00215276
0.00210378
0.00205932
0.00201975
0.00198388
0.00194957
0.0019145
0.00187656
0.00183419
0.00178641
0.00173277
0.00167322
0.00160802
0.00153753
0.00146214
0.00138209
0.00129755
0.00120843
0.00111462
0.00101573
0.000911443
0.000801222
0.000684621
0.000561032
0.000429921
0.000290635
0.000142474
-1.52941e-05
-0.000183747
-0.000363663
-0.000556624
-0.00076332
-0.000985894
-0.00122498
-0.00148271
-0.00175982
-0.00205722
-0.00237597
-0.0027145
-0.00307225
-0.00344412
-0.00382349
-0.00419801
-0.00455352
-0.00486912
-0.00513142
-0.00532395
-0.00542946
-0.00545198
-0.00540038
-0.00531093
-0.00521522
-0.00513379
-0.00508504
-0.00506694
-0.00507925
-0.00512217
-0.00518133
-0.00525132
-0.00533301
-0.00541829
-0.00550966
-0.0056072
-0.00570496
-0.00580828
-0.0059137
-0.00601948
-0.00612756
-0.00623587
-0.00634436
-0.0064516
-0.00655549
-0.00665967
-0.00675866
-0.00685099
-0.00694136
-0.00702715
-0.00710368
-0.00717734
-0.00724714
-0.00731116
-0.00737112
-0.0074279
-0.00747521
0.00379505
0.00366185
0.00309081
0.00248138
0.00201483
0.0017417
0.00165503
0.00170071
0.00181076
0.00193072
0.00202834
0.00208966
0.00211204
0.00210119
0.0020674
0.00202152
0.00197226
0.00192517
0.00188289
0.00184581
0.00181272
0.00178151
0.00174982
0.00171555
0.00167712
0.00163351
0.00158427
0.00152928
0.00146877
0.00140299
0.00133231
0.0012569
0.0011769
0.00109221
0.0010027
0.000908023
0.000807848
0.000701672
0.000589049
0.000469417
0.000342224
0.000206908
6.27356e-05
-9.0859e-05
-0.000254981
-0.000430183
-0.000617998
-0.000818911
-0.00103482
-0.0012663
-0.00151498
-0.00178169
-0.00206675
-0.00237117
-0.00269313
-0.00303181
-0.00338246
-0.00373917
-0.00409097
-0.00442632
-0.00472688
-0.00498065
-0.00517462
-0.00529239
-0.00533657
-0.00531226
-0.00524808
-0.00517267
-0.00510573
-0.00506589
-0.00505267
-0.00506668
-0.00511002
-0.00516969
-0.00524005
-0.00532198
-0.00540751
-0.00549891
-0.00559651
-0.00569447
-0.00579784
-0.00590337
-0.00600935
-0.00611756
-0.00622601
-0.00633472
-0.00644218
-0.0065463
-0.00665068
-0.0067501
-0.00684284
-0.00693368
-0.00701996
-0.00709718
-0.00717143
-0.00724198
-0.00730665
-0.00736731
-0.00742466
-0.00747251
0.0036111
0.00347741
0.0029054
0.002295
0.00182763
0.0015539
0.00146686
0.00151242
0.00162253
0.00174271
0.00184069
0.00190251
0.00192552
0.00191545
0.00188259
0.00183782
0.00178987
0.00174434
0.00170388
0.00166889
0.0016382
0.00160968
0.00158096
0.00154993
0.001515
0.00147514
0.00142987
0.00137903
0.00132282
0.00126147
0.00119529
0.00112441
0.00104895
0.000968784
0.000883752
0.000793506
0.000697712
0.0005959
0.000487605
0.000372337
0.000249501
0.000118651
-2.10007e-05
-0.000169861
-0.000329044
-0.000498938
-0.000680958
-0.000875493
-0.0010841
-0.00130741
-0.00154651
-0.00180229
-0.00207465
-0.00236444
-0.00266981
-0.0029897
-0.00331971
-0.00365476
-0.00398499
-0.00430104
-0.00458719
-0.00483238
-0.00502672
-0.00515493
-0.0052184
-0.00521942
-0.00517989
-0.00512507
-0.00507325
-0.00504316
-0.00503581
-0.00505216
-0.00509612
-0.00515643
-0.00522735
-0.00530972
-0.00539568
-0.00548726
-0.00558502
-0.00568324
-0.00578667
-0.00589237
-0.00599859
-0.00610699
-0.00621558
-0.00632453
-0.00643225
-0.00653661
-0.00664121
-0.00674109
-0.00683425
-0.00692559
-0.0070124
-0.00709033
-0.00716521
-0.00723654
-0.00730189
-0.00736327
-0.00742122
-0.00746962
0.00342878
0.00329468
0.00272183
0.00211058
0.00164251
0.0013683
0.00128102
0.00132653
0.00143677
0.00155719
0.0016555
0.00171775
0.00174129
0.00173184
0.00169972
0.00165583
0.00160893
0.00156464
0.00152565
0.00149238
0.00146366
0.00143738
0.00141118
0.00138292
0.00135102
0.00131442
0.00127264
0.00122552
0.0011732
0.00111591
0.00105391
0.000987327
0.000916231
0.000840486
0.000759897
0.000674133
0.000582815
0.000485528
0.000381763
0.000271111
0.000152941
2.68993e-05
-0.000107807
-0.000251493
-0.000405198
-0.000569255
-0.00074487
-0.000932452
-0.00113317
-0.00134774
-0.00157678
-0.00182122
-0.00208067
-0.00235574
-0.00264467
-0.00294625
-0.00325638
-0.00357071
-0.00388055
-0.00417823
-0.00445067
-0.00468749
-0.00488122
-0.00501811
-0.00509833
-0.00512253
-0.00510669
-0.00507251
-0.0050364
-0.00501674
-0.00501618
-0.00503564
-0.0050805
-0.00514161
-0.00521321
-0.00529616
-0.00538277
-0.00547468
-0.00557266
-0.00567119
-0.00577477
-0.00588062
-0.0059871
-0.0060957
-0.00620444
-0.00631364
-0.00642164
-0.00652626
-0.00663108
-0.00673143
-0.00682507
-0.00691691
-0.00700429
-0.00708295
-0.00715851
-0.00723064
-0.00729674
-0.00735887
-0.00741743
-0.00746642
0.00324985
0.0031152
0.00254136
0.00192915
0.00146033
0.00118559
0.00109802
0.00114344
0.00125374
0.00137431
0.00147287
0.00153542
0.00155934
0.00155034
0.00151878
0.00147556
0.00142947
0.00138616
0.00134832
0.00131642
0.00128931
0.00126486
0.00124074
0.00121481
0.00118548
0.00115169
0.00111295
0.00106909
0.00102026
0.000966642
0.000908495
0.000845935
0.000778989
0.000707528
0.000631312
0.000550029
0.000463254
0.000370613
0.000271564
0.000165754
5.25399e-05
-6.83779e-05
-0.000197752
-0.000335863
-0.000483614
-0.000641353
-0.000810038
-0.00099014
-0.00118247
-0.00138778
-0.00160641
-0.00183915
-0.0020855
-0.00234583
-0.00261848
-0.0029022
-0.00319318
-0.00348784
-0.00377853
-0.00405878
-0.00431805
-0.0045466
-0.00473881
-0.00488263
-0.00497723
-0.00502223
-0.00502874
-0.00501488
-0.0049949
-0.0049863
-0.00499334
-0.0050168
-0.00506303
-0.00512508
-0.0051975
-0.0052812
-0.00536862
-0.005461
-0.00555933
-0.00565826
-0.005762
-0.00586805
-0.00597481
-0.00608364
-0.00619254
-0.006302
-0.00641033
-0.00651522
-0.0066203
-0.00672116
-0.0068153
-0.00690768
-0.00699567
-0.00707513
-0.0071514
-0.00722438
-0.00729128
-0.00735418
-0.00741339
-0.00746297
0.00306911
0.00293407
0.00235947
0.00174651
0.00127711
0.001002
0.000914265
0.000959711
0.00107015
0.00119096
0.00128981
0.00135272
0.00137705
0.00136853
0.00133752
0.00129494
0.00124962
0.0012072
0.00117042
0.00113976
0.00111408
0.00109128
0.00106902
0.00104517
0.00101814
0.000986895
0.000950904
0.000910019
0.000864357
0.000814131
0.000759556
0.000700764
0.000637752
0.000570408
0.000498461
0.000421616
0.000339421
0.000251518
0.000157362
5.66045e-05
-5.13592e-05
-0.000166839
-0.000290495
-0.000422642
-0.000564009
-0.000714996
-0.000876315
-0.00104847
-0.001232
-0.00142763
-0.00163552
-0.0018563
-0.00208943
-0.00233508
-0.00259167
-0.00285805
-0.00313073
-0.0034067
-0.00367938
-0.00394315
-0.00418974
-0.00441016
-0.00460005
-0.00474917
-0.00485592
-0.00491926
-0.00494649
-0.00495231
-0.00494868
-0.00495168
-0.004967
-0.00499542
-0.00504355
-0.00510682
-0.00518015
-0.00526467
-0.0053531
-0.00544617
-0.00554495
-0.00564435
-0.00574836
-0.00585464
-0.00596168
-0.0060708
-0.00617989
-0.00628962
-0.00639829
-0.00650351
-0.00660886
-0.00671026
-0.00680495
-0.00689789
-0.00698653
-0.0070668
-0.00714384
-0.00721769
-0.00728544
-0.00734913
-0.00740901
-0.00745919
0.00288972
0.00275441
0.00217916
0.00156557
0.00109568
0.000820274
0.000732446
0.000777964
0.000888593
0.00100967
0.00110883
0.0011721
0.00119684
0.00118876
0.00115825
0.00111626
0.0010716
0.00102996
0.000994094
0.000964488
0.000940023
0.000918621
0.000897944
0.000875883
0.00085084
0.000821786
0.000788199
0.00074994
0.00070712
0.000659961
0.000608668
0.000553381
0.000494084
0.000430672
0.000362864
0.000290364
0.000212719
0.000129563
4.03698e-05
-5.52203e-05
-0.000157758
-0.000267578
-0.000385243
-0.0005111
-0.000645728
-0.000789554
-0.000943114
-0.00110691
-0.00128131
-0.00146694
-0.00166388
-0.00187257
-0.00209251
-0.00232367
-0.0025646
-0.00281426
-0.00306945
-0.00332766
-0.00358339
-0.00383168
-0.00406609
-0.00427858
-0.00446555
-0.00461847
-0.00473528
-0.00481448
-0.0048606
-0.00488513
-0.0048978
-0.00491281
-0.00493694
-0.00497118
-0.00502194
-0.00508675
-0.0051611
-0.00524655
-0.00533613
-0.00543001
-0.00552941
-0.00562945
-0.00573378
-0.00584034
-0.00594771
-0.00605716
-0.00616645
-0.00627645
-0.00638554
-0.00649108
-0.00659671
-0.0066987
-0.00679396
-0.00688748
-0.00697681
-0.00705793
-0.00713576
-0.00721053
-0.00727918
-0.0073437
-0.00740426
-0.00745508
0.00271239
0.0025768
0.00200094
0.00138674
0.000916403
0.000640719
0.0005528
0.000598381
0.000709178
0.000830486
0.000929926
0.000993505
0.00101858
0.00101089
0.000980805
0.000939298
0.000895208
0.000854239
0.000819148
0.000790454
0.000767046
0.000746863
0.000727574
0.000707085
0.000683801
0.000656704
0.000625277
0.000589392
0.000549164
0.000504822
0.000456577
0.000404567
0.000348785
0.000289122
0.000225309
0.000157036
8.3874e-05
5.43162e-06
-7.87773e-05
-0.00016914
-0.000266145
-0.000370155
-0.000481645
-0.000600977
-0.000728625
-0.000865
-0.00101054
-0.00116567
-0.00133071
-0.00150612
-0.00169196
-0.00188853
-0.00209534
-0.00231228
-0.00253798
-0.00277154
-0.00301013
-0.00325157
-0.00349135
-0.00372507
-0.00394775
-0.00415239
-0.00433588
-0.00449121
-0.00461609
-0.00470881
-0.0047718
-0.00481376
-0.00484236
-0.0048696
-0.00490299
-0.00494382
-0.00499795
-0.00506476
-0.00514035
-0.00522674
-0.00531758
-0.00541247
-0.00551267
-0.00561342
-0.00571823
-0.00582515
-0.00593285
-0.00604267
-0.00615222
-0.0062625
-0.00637202
-0.00647795
-0.00658387
-0.00668649
-0.00678238
-0.00687649
-0.00696656
-0.00704857
-0.00712723
-0.00720295
-0.00727255
-0.00733792
-0.00739918
-0.00745061
0.00253674
0.00240094
0.00182455
0.00120982
0.000739077
0.00046315
0.000375155
0.0004208
0.000531758
0.000653289
0.000752991
0.000816863
0.000842264
0.000834925
0.000805238
0.000764184
0.000720618
0.00068026
0.000645882
0.000618019
0.000595575
0.000576499
0.000558475
0.000539414
0.000517733
0.000492419
0.000462968
0.000429259
0.00039142
0.000349687
0.000304281
0.000255346
0.000202887
0.000146795
8.6818e-05
2.26433e-05
-4.614e-05
-0.000119931
-0.000199191
-0.000284313
-0.00037575
-0.00047386
-0.000579074
-0.00069173
-0.000812254
-0.000940996
-0.00107835
-0.00122466
-0.00138021
-0.0015453
-0.00172002
-0.00190454
-0.00209837
-0.00230141
-0.00251238
-0.0027306
-0.00295348
-0.00317919
-0.00340395
-0.00362398
-0.00383538
-0.00403215
-0.00421169
-0.0043681
-0.00449923
-0.00460318
-0.00468093
-0.00473879
-0.00478262
-0.00482215
-0.00486509
-0.00491304
-0.00497135
-0.00504073
-0.00511779
-0.0052052
-0.0052974
-0.0053934
-0.00549454
-0.00559622
-0.00570159
-0.00580894
-0.00591699
-0.00602725
-0.00613708
-0.00624762
-0.00635765
-0.00646399
-0.00657022
-0.00667349
-0.00677007
-0.00686481
-0.00695565
-0.00703859
-0.00711813
-0.00719484
-0.00726545
-0.00733171
-0.00739372
-0.00744583
0.00236376
0.00222779
0.00165094
0.00103575
0.000564658
0.000288527
0.000200484
0.000246211
0.000357342
0.000479102
0.000579072
0.00064324
0.000668965
0.00066198
0.000632684
0.00059207
0.000549009
0.000509233
0.00047553
0.000448446
0.000426898
0.000408849
0.000391992
0.000374246
0.000354038
0.000330361
0.000302723
0.000271013
0.000235371
0.000196045
0.000153273
0.000107206
5.78663e-05
5.15017e-06
-5.11757e-05
-0.000111417
-0.000175969
-0.000245222
-0.000319624
-0.000399552
-0.000485443
-0.00057763
-0.000676527
-0.000782435
-0.000895754
-0.00101678
-0.00114587
-0.0012833
-0.00142931
-0.00158415
-0.00174783
-0.00192052
-0.0021017
-0.00229132
-0.00248813
-0.00269163
-0.00289961
-0.00311047
-0.0033212
-0.00352843
-0.00372917
-0.00391825
-0.00409351
-0.00424999
-0.00438562
-0.0044986
-0.0045889
-0.00466101
-0.0047192
-0.00477085
-0.00482343
-0.00487895
-0.0049421
-0.00501463
-0.00509363
-0.00518218
-0.00527576
-0.00537297
-0.00547522
-0.00557795
-0.00568402
-0.00579194
-0.00590039
-0.00601107
-0.00612125
-0.00623206
-0.00634258
-0.00644941
-0.00655593
-0.00665989
-0.00675719
-0.00685255
-0.00694421
-0.0070281
-0.00710851
-0.0071862
-0.00725784
-0.007325
-0.00738772
-0.00744045
0.00219248
0.00205642
0.00147922
0.00086366
0.000392286
0.000115994
2.79184e-05
7.37283e-05
0.000185027
0.000307012
0.000407244
0.000471707
0.000497754
0.000491119
0.000462209
0.000422028
0.00037946
0.000340249
0.000307196
0.000280861
0.000260173
0.000243106
0.000227363
0.000210872
0.000192068
0.000169954
0.000144044
0.000114238
8.06861e-05
4.36518e-05
3.38279e-06
-3.99493e-05
-8.63134e-05
-0.000135791
-0.000188611
-0.000245054
-0.000305511
-0.000370347
-0.000440005
-0.000514837
-0.000595269
-0.0006816
-0.000774223
-0.000873404
-0.00097951
-0.0010928
-0.00121359
-0.00134215
-0.00147863
-0.00162331
-0.00177608
-0.0019372
-0.00210606
-0.00228274
-0.00246601
-0.00265552
-0.00284935
-0.0030461
-0.00324348
-0.00343846
-0.00362892
-0.00381033
-0.00398096
-0.00413664
-0.0042754
-0.0043956
-0.00449638
-0.00458077
-0.00465199
-0.00471535
-0.00477761
-0.00484103
-0.00490955
-0.00498585
-0.00506728
-0.00515714
-0.00525219
-0.00535063
-0.00545408
-0.00555806
-0.005665
-0.00577368
-0.00588258
-0.00599378
-0.00610438
-0.00621545
-0.00632655
-0.00643392
-0.0065408
-0.00664548
-0.00674362
-0.00683969
-0.00693222
-0.00701714
-0.0070985
-0.00717727
-0.00725002
-0.0073181
-0.00738159
-0.007435
0.00202768
0.00189173
0.00131437
0.000698557
0.000226939
-4.95407e-05
-0.000137715
-9.19058e-05
1.94764e-05
0.000141607
0.000242029
0.000306714
0.000333012
0.000326654
0.000298052
0.000258219
0.000216051
0.000177305
0.000144794
0.000119091
9.91362e-05
8.29158e-05
6.81421e-05
5.27553e-05
3.51966e-05
1.44805e-05
-9.87246e-06
-3.79479e-05
-6.95875e-05
-0.000104513
-0.00014247
-0.000183276
-0.000226899
-0.000273402
-0.000323
-0.000375948
-0.000432617
-0.000493344
-0.000558548
-0.000628559
-0.000703778
-0.000784491
-0.000871052
-0.000963727
-0.00106282
-0.00116862
-0.00128133
-0.00140128
-0.0015285
-0.00166335
-0.0018056
-0.00195558
-0.00211269
-0.00227701
-0.00244752
-0.00262383
-0.00280449
-0.0029881
-0.00317306
-0.0033566
-0.00353722
-0.00371105
-0.0038766
-0.00403052
-0.00417084
-0.00429618
-0.0044054
-0.00450026
-0.00458312
-0.00465757
-0.0047292
-0.00480059
-0.00487484
-0.00495526
-0.00503962
-0.00513107
-0.0052276
-0.00532727
-0.00543189
-0.00553718
-0.00564507
-0.00575463
-0.0058641
-0.00597577
-0.00608686
-0.00619814
-0.00630969
-0.00641763
-0.0065248
-0.0066302
-0.00672917
-0.00682589
-0.00691926
-0.00700521
-0.00708753
-0.00716735
-0.00724122
-0.00731028
-0.0073745
-0.00742856
0.00186012
0.00172417
0.00114656
0.000530563
5.89326e-05
-0.000217366
-0.000305176
-0.000258861
-0.000146882
-2.41009e-05
7.70062e-05
0.000142405
0.000169443
0.000163855
0.000136058
9.70746e-05
5.58062e-05
1.80199e-05
-1.34664e-05
-3.80732e-05
-5.68556e-05
-7.18206e-05
-8.52535e-05
-9.92069e-05
-0.000115237
-0.000134322
-0.000156938
-0.000183159
-0.00021282
-0.000245624
-0.000281303
-0.000319647
-0.000360606
-0.00040422
-0.000450688
-0.000500248
-0.000553246
-0.000610006
-0.000670915
-0.000736301
-0.000806518
-0.000881862
-0.000962627
-0.00104909
-0.00114149
-0.00124013
-0.00134514
-0.00145686
-0.00157528
-0.00170074
-0.00183302
-0.00197242
-0.00211843
-0.0022711
-0.00242963
-0.00259356
-0.0027619
-0.00293325
-0.00310657
-0.00327935
-0.00345054
-0.00361695
-0.00377722
-0.00392874
-0.00406962
-0.00419867
-0.00431464
-0.00441831
-0.00451134
-0.00459602
-0.00467668
-0.00475601
-0.00483633
-0.00492129
-0.00500925
-0.00510277
-0.00520109
-0.00530216
-0.005408
-0.00551472
-0.0056237
-0.00573447
-0.00584475
-0.00595705
-0.00606879
-0.00618033
-0.00629243
-0.00640109
-0.00650868
-0.00661482
-0.00671475
-0.00681217
-0.00690645
-0.0069935
-0.00707678
-0.00715769
-0.00723273
-0.00730271
-0.00736768
-0.00742237
0.00169325
0.00155648
0.000977919
0.000361199
-0.000110861
-0.000387313
-0.00047505
-0.000428523
-0.000316266
-0.000193174
-9.17357e-05
-2.59823e-05
1.44039e-06
-3.7213e-06
-3.10385e-05
-6.94774e-05
-0.000110125
-0.000147204
-0.000177888
-0.000201589
-0.000219354
-0.000233184
-0.000245359
-0.000257927
-0.00027244
-0.00028987
-0.000310688
-0.000334965
-0.000362526
-0.000393065
-0.000426301
-0.000462015
-0.000500133
-0.00054069
-0.00058386
-0.000629876
-0.000679054
-0.000731718
-0.000788212
-0.000848868
-0.00091399
-0.000983885
-0.00105879
-0.00113899
-0.00122466
-0.00131612
-0.00141345
-0.00151699
-0.0016267
-0.00174291
-0.00186545
-0.00199454
-0.00212984
-0.00227129
-0.00241839
-0.00257056
-0.00272724
-0.00288705
-0.00304933
-0.00321196
-0.00337405
-0.00353314
-0.00368786
-0.00383621
-0.00397648
-0.00410756
-0.00422832
-0.00433885
-0.0044402
-0.00453382
-0.00462274
-0.0047096
-0.00479597
-0.00488544
-0.00497706
-0.00507285
-0.00517297
-0.00527542
-0.00538237
-0.00549049
-0.00560049
-0.00571241
-0.00582359
-0.00593642
-0.00604886
-0.00616071
-0.00627324
-0.00638266
-0.00649064
-0.0065975
-0.00669846
-0.00679664
-0.00689182
-0.00698003
-0.00706436
-0.00714638
-0.00722265
-0.00729371
-0.00735943
-0.00741482
0.00155944
0.00142412
0.000846744
0.000230946
-0.000240355
-0.000516154
-0.000603292
-0.000556175
-0.000443324
-0.000319647
-0.000217647
-0.000151363
-0.000123447
-0.000128147
-0.000155023
-0.000193029
-0.000233243
-0.000269881
-0.000300117
-0.000323366
-0.00034068
-0.000354061
-0.000365788
-0.000377903
-0.000391946
-0.000408873
-0.000429133
-0.000452772
-0.000479586
-0.000509247
-0.000541439
-0.000575926
-0.000612604
-0.000651497
-0.000692748
-0.000736588
-0.000783301
-0.000833207
-0.000886614
-0.000943848
-0.00100517
-0.00107088
-0.00114118
-0.00121634
-0.0012965
-0.00138194
-0.00147275
-0.00156922
-0.00167135
-0.00177939
-0.00189328
-0.00201313
-0.0021388
-0.00227014
-0.00240691
-0.00254848
-0.00269455
-0.00284389
-0.00299603
-0.00314927
-0.00330282
-0.00345485
-0.00360413
-0.00374914
-0.00388832
-0.00402063
-0.00414501
-0.00426112
-0.00436948
-0.00447099
-0.00456754
-0.00466155
-0.00475409
-0.00484839
-0.00494414
-0.00504281
-0.00514518
-0.0052494
-0.00535758
-0.00546713
-0.0055782
-0.00569129
-0.00580357
-0.00591705
-0.00603028
-0.00614254
-0.00625542
-0.00636554
-0.00647394
-0.00658145
-0.00668346
-0.00678235
-0.00687836
-0.00696769
-0.00705297
-0.00713601
-0.00721346
-0.00728543
-0.00735185
-0.0074078
0.00129642
0.00116117
0.000584738
-2.80694e-05
-0.000494296
-0.000763139
-0.000841943
-0.000786073
-0.000664946
-0.000533998
-0.00042591
-0.000354718
-0.00032291
-0.000324372
-0.000348245
-0.000383139
-0.000419937
-0.000452794
-0.000478918
-0.000497817
-0.000510676
-0.00051964
-0.000527109
-0.000535207
-0.000545505
-0.00055896
-0.000575982
-0.000596564
-0.000620428
-0.00064718
-0.000676443
-0.000707938
-0.000741524
-0.00077721
-0.000815113
-0.000855452
-0.000898471
-0.000944475
-0.000993741
-0.00104659
-0.00110325
-0.00116401
-0.00122903
-0.00129858
-0.00137277
-0.00145184
-0.0015359
-0.00162515
-0.00171969
-0.00181966
-0.0019251
-0.00203604
-0.00215246
-0.00227413
-0.00240095
-0.00253235
-0.00266817
-0.00280747
-0.00294984
-0.00309402
-0.00323929
-0.00338429
-0.00352785
-0.00366878
-0.00380575
-0.00393779
-0.00406396
-0.00418375
-0.00429724
-0.00440503
-0.00450809
-0.00460847
-0.00470685
-0.00480589
-0.00490576
-0.0050075
-0.00511228
-0.00521848
-0.00532799
-0.00543901
-0.00555125
-0.00566553
-0.00577913
-0.00589349
-0.00600767
-0.0061206
-0.00623397
-0.00634492
-0.00645387
-0.00656212
-0.00666538
-0.0067652
-0.00686214
-0.0069528
-0.00703921
-0.00712342
-0.0072022
-0.00727533
-0.00734254
-0.00739921
0.00130756
0.00117591
0.000602263
-1.03461e-05
-0.000479675
-0.000755219
-0.000844003
-0.000799993
-0.000690877
-0.00057075
-0.000471524
-0.000406866
-0.000379254
-0.00038299
-0.000407973
-0.000443639
-0.000481549
-0.000516311
-0.000545291
-0.000567939
-0.000585199
-0.000598876
-0.000611004
-0.000623399
-0.000637411
-0.000653875
-0.000673165
-0.000695318
-0.000720144
-0.000747371
-0.000776729
-0.000808033
-0.000841196
-0.000876258
-0.000913337
-0.000952647
-0.000994421
-0.00103894
-0.00108642
-0.00113713
-0.00119125
-0.001249
-0.00131056
-0.00137612
-0.00144582
-0.00151989
-0.00159845
-0.0016817
-0.00176975
-0.00186274
-0.00196076
-0.00206382
-0.00217198
-0.00228505
-0.00240301
-0.00252543
-0.00265218
-0.00278255
-0.00291619
-0.00305215
-0.00318979
-0.00332808
-0.00346606
-0.00360272
-0.00373701
-0.00386804
-0.00399498
-0.00411726
-0.00423465
-0.00434747
-0.00445605
-0.00456199
-0.00466565
-0.00476912
-0.00487288
-0.00497763
-0.00508475
-0.00519293
-0.0053037
-0.00541601
-0.00552919
-0.00564433
-0.00575898
-0.00587402
-0.00598899
-0.00610244
-0.0062161
-0.00632768
-0.00643691
-0.00654558
-0.00664992
-0.00675048
-0.00684812
-0.00693987
-0.0070272
-0.00711227
-0.00719219
-0.00726622
-0.00733405
-0.00739116
-0.00197358
-0.00185731
-0.00130102
-0.000707515
-0.000258441
-3.85904e-06
6.35735e-05
-1.93073e-06
-0.000132635
-0.000274587
-0.000396099
-0.000483724
-0.000535264
-0.00055677
-0.000558571
-0.000551288
-0.00054328
-0.000539814
-0.000543452
-0.000554739
-0.000572777
-0.000595872
-0.000622137
-0.000649942
-0.00067813
-0.00070608
-0.000733624
-0.000760947
-0.000788445
-0.000816614
-0.000845928
-0.000876801
-0.000909541
-0.000944372
-0.000981431
-0.00102082
-0.00106262
-0.0011069
-0.00115377
-0.00120336
-0.00125581
-0.00131132
-0.00137007
-0.0014323
-0.00149819
-0.00156796
-0.0016418
-0.00171988
-0.00180236
-0.00188935
-0.00198099
-0.00207726
-0.00217827
-0.00228388
-0.00239409
-0.0025086
-0.00262729
-0.00274967
-0.00287543
-0.00300391
-0.00313454
-0.00326657
-0.00339921
-0.00353164
-0.003663
-0.00379253
-0.00391942
-0.00404322
-0.00416339
-0.00428018
-0.00439343
-0.00450432
-0.00461303
-0.00472101
-0.00482894
-0.00493717
-0.00504715
-0.00515786
-0.0052705
-0.00538457
-0.00549924
-0.00561558
-0.00573169
-0.00584787
-0.00596403
-0.00607859
-0.00619286
-0.00630553
-0.00641551
-0.00652471
-0.00663046
-0.00673219
-0.00683081
-0.00692405
-0.00701255
-0.00709878
-0.0071801
-0.00725538
-0.00732402
-0.00738187
0.00109559
0.000964324
0.00039065
-0.000222409
-0.000692599
-0.000969416
-0.00105969
-0.00101713
-0.000909234
-0.000790041
-0.000691484
-0.000627281
-0.000599897
-0.000603644
-0.000628478
-0.000663938
-0.000701706
-0.000736488
-0.00076567
-0.000788665
-0.000806328
-0.000820357
-0.000832686
-0.000845053
-0.00085876
-0.000874616
-0.000892993
-0.000913932
-0.000937262
-0.000962719
-0.000990042
-0.00101904
-0.00104961
-0.00108175
-0.00111556
-0.00115119
-0.00118883
-0.00122869
-0.00127098
-0.0013159
-0.00136366
-0.00141444
-0.00146839
-0.0015257
-0.00158651
-0.00165097
-0.00171925
-0.00179146
-0.00186777
-0.00194826
-0.00203308
-0.00212223
-0.00221582
-0.00231378
-0.00241613
-0.00252267
-0.0026333
-0.0027477
-0.00286559
-0.00298653
-0.00311002
-0.0032355
-0.00336234
-0.00348988
-0.00361738
-0.00374423
-0.00386969
-0.00399333
-0.00411457
-0.00423344
-0.00434964
-0.00446384
-0.00457617
-0.00468744
-0.00479846
-0.0049093
-0.00502129
-0.00513382
-0.00524763
-0.00536278
-0.00547829
-0.00559517
-0.00571202
-0.00582874
-0.00594543
-0.00606064
-0.00617509
-0.00628821
-0.00639873
-0.00650796
-0.00661433
-0.00671697
-0.00681621
-0.00691043
-0.00699981
-0.00708663
-0.00716901
-0.0072452
-0.00731433
-0.00737247
-0.00232197
-0.00220059
-0.00163741
-0.00103561
-0.000577595
-0.000313989
-0.000237997
-0.000295854
-0.000419945
-0.000556163
-0.000672551
-0.000755416
-0.00080234
-0.000819042
-0.000815651
-0.000802769
-0.000788881
-0.000779426
-0.000777124
-0.000782655
-0.000795232
-0.000813227
-0.000834773
-0.000858213
-0.000882341
-0.000906461
-0.000930335
-0.00095407
-0.000978001
-0.00100257
-0.00102823
-0.00105537
-0.0010843
-0.00111522
-0.00114828
-0.00118356
-0.00122111
-0.00126098
-0.00130321
-0.00134789
-0.00139511
-0.001445
-0.00149769
-0.00155333
-0.0016121
-0.00167414
-0.00173962
-0.00180869
-0.00188148
-0.00195812
-0.00203871
-0.00212333
-0.00221204
-0.00230483
-0.00240173
-0.00250264
-0.00260746
-0.002716
-0.00282804
-0.00294328
-0.00306134
-0.00318181
-0.00330418
-0.00342794
-0.0035525
-0.00367733
-0.00380182
-0.00392556
-0.00404797
-0.00416895
-0.00428815
-0.00440582
-0.00452205
-0.0046372
-0.00475197
-0.00486633
-0.00498128
-0.0050966
-0.00521265
-0.00532974
-0.00544711
-0.00556533
-0.00568368
-0.0058017
-0.00591951
-0.00603609
-0.00615145
-0.00626559
-0.00637731
-0.00648724
-0.00659453
-0.00669837
-0.00679895
-0.0068947
-0.00698522
-0.00707315
-0.00715685
-0.00723437
-0.00730448
-0.00736335
0.00089525
0.000762755
0.00018762
-0.000426617
-0.000897376
-0.00117398
-0.00126327
-0.00121918
-0.00110957
-0.000988723
-0.000888749
-0.000823442
-0.000795297
-0.000798652
-0.000823382
-0.000858866
-0.000896601
-0.000931152
-0.000959843
-0.000982078
-0.000998749
-0.00101161
-0.00102267
-0.00103372
-0.0010461
-0.00106064
-0.0010777
-0.00109731
-0.00111927
-0.00114327
-0.00116901
-0.00119625
-0.00122486
-0.00125481
-0.00128616
-0.00131903
-0.0013536
-0.00139005
-0.00142859
-0.00146938
-0.0015126
-0.00155839
-0.00160689
-0.00165824
-0.00171256
-0.00176996
-0.00183059
-0.00189455
-0.00196197
-0.00203296
-0.00210763
-0.00218606
-0.00226834
-0.00235449
-0.00244455
-0.00253848
-0.00263623
-0.00273767
-0.00284266
-0.00295097
-0.00306234
-0.00317644
-0.00329289
-0.00341129
-0.00353115
-0.00365205
-0.00377346
-0.003895
-0.00401615
-0.00413671
-0.00425631
-0.00437497
-0.00449267
-0.00460952
-0.00472597
-0.00484202
-0.00495832
-0.00507487
-0.00519184
-0.00530958
-0.00542757
-0.00554613
-0.00566478
-0.00578321
-0.00590115
-0.00601812
-0.00613379
-0.00624803
-0.00636036
-0.00647042
-0.00657774
-0.00668216
-0.0067833
-0.00688015
-0.00697142
-0.00705945
-0.00714396
-0.00722239
-0.00729283
-0.00735188
-0.00251361
-0.00239042
-0.00182519
-0.00122154
-0.000762164
-0.000497833
-0.000421745
-0.000479925
-0.000604459
-0.000740983
-0.000857374
-0.000939844
-0.00098592
-0.00100134
-0.000996328
-0.000981651
-0.000965946
-0.000954785
-0.000950954
-0.000955143
-0.000966527
-0.000983412
-0.00100385
-0.00102612
-0.00104896
-0.00107163
-0.00109389
-0.00111583
-0.00113781
-0.00116027
-0.00118369
-0.00120847
-0.00123492
-0.00126325
-0.00129359
-0.00132599
-0.0013605
-0.00139712
-0.00143589
-0.00147684
-0.00152004
-0.00156558
-0.00161359
-0.00166417
-0.00171746
-0.0017736
-0.00183273
-0.00189496
-0.00196043
-0.00202924
-0.0021015
-0.00217727
-0.00225665
-0.00233967
-0.00242638
-0.00251675
-0.00261079
-0.0027084
-0.00280952
-0.00291397
-0.00302159
-0.00313213
-0.0032453
-0.00336081
-0.00347826
-0.00359733
-0.00371753
-0.00383857
-0.00395995
-0.00408146
-0.00420267
-0.00432351
-0.00444381
-0.00456355
-0.00468295
-0.00480194
-0.00492097
-0.00504001
-0.00515929
-0.0052789
-0.00539874
-0.00551876
-0.00563874
-0.00575842
-0.0058774
-0.00599552
-0.00611233
-0.00622756
-0.00634096
-0.00645205
-0.00656013
-0.00666547
-0.00676798
-0.00686647
-0.00695914
-0.00704798
-0.00713347
-0.00721331
-0.00728465
-0.00734417
0.00074625
0.000612655
3.63091e-05
-0.000578918
-0.00105023
-0.00132683
-0.00141554
-0.00137048
-0.00125975
-0.00113787
-0.0010371
-0.000971322
-0.000943098
-0.000946727
-0.000971971
-0.00100807
-0.00104638
-0.00108133
-0.00111017
-0.00113229
-0.00114861
-0.00116094
-0.00117135
-0.0011817
-0.00119339
-0.00120726
-0.0012237
-0.00124272
-0.00126408
-0.00128746
-0.00131251
-0.00133896
-0.00136664
-0.00139549
-0.00142556
-0.00145695
-0.00148982
-0.00152434
-0.00156068
-0.00159901
-0.00163947
-0.00168218
-0.00172725
-0.00177479
-0.00182489
-0.00187764
-0.00193315
-0.0019915
-0.0020528
-0.00211715
-0.00218465
-0.0022554
-0.00232947
-0.00240694
-0.00248787
-0.00257228
-0.00266019
-0.00275157
-0.00284637
-0.00294451
-0.00304586
-0.00315028
-0.00325752
-0.0033674
-0.00347959
-0.00359386
-0.00370979
-0.00382715
-0.0039455
-0.00406461
-0.00418413
-0.00430381
-0.00442356
-0.0045431
-0.00466267
-0.00478196
-0.00490144
-0.00502086
-0.0051405
-0.00526041
-0.00538033
-0.00550058
-0.00562043
-0.00574021
-0.00585901
-0.00597713
-0.00609421
-0.00620949
-0.00632289
-0.0064336
-0.00654192
-0.00664762
-0.00674999
-0.00684926
-0.00694291
-0.00703207
-0.00711797
-0.00719859
-0.00727056
-0.0073303
-0.00254308
-0.00242014
-0.00185563
-0.00125346
-0.000796381
-0.000535165
-0.000462861
-0.000525133
-0.000653691
-0.000793922
-0.000913588
-0.000998861
-0.00104727
-0.00106466
-0.00106147
-0.00104864
-0.00103494
-0.00102607
-0.00102484
-0.00103193
-0.00104641
-0.00106648
-0.00109008
-0.00111539
-0.00114107
-0.00116635
-0.00119097
-0.00121504
-0.00123892
-0.00126308
-0.00128803
-0.00131416
-0.00134179
-0.00137111
-0.00140223
-0.00143519
-0.00146997
-0.00150656
-0.00154496
-0.00158519
-0.00162728
-0.00167132
-0.0017174
-0.00176564
-0.00181615
-0.00186907
-0.00192452
-0.00198262
-0.00204349
-0.00210723
-0.00217395
-0.00224374
-0.00231667
-0.00239282
-0.00247225
-0.00255501
-0.00264112
-0.0027306
-0.00282341
-0.00291954
-0.00301888
-0.00312134
-0.00322676
-0.00333497
-0.00344573
-0.00355882
-0.00367394
-0.00379079
-0.00390909
-0.00402847
-0.00414872
-0.00426942
-0.00439053
-0.00451164
-0.00463289
-0.00475402
-0.0048752
-0.00499651
-0.00511771
-0.00523923
-0.00536031
-0.00548161
-0.00560229
-0.0057229
-0.00584304
-0.005962
-0.00608022
-0.00619598
-0.00631004
-0.00642186
-0.00653081
-0.0066376
-0.00674009
-0.00684016
-0.00693585
-0.00702517
-0.00711102
-0.007193
-0.00726565
-0.00732547
0.000729597
0.000593115
1.34697e-05
-0.000605407
-0.00108042
-0.00136049
-0.00145225
-0.00140978
-0.00130128
-0.00118148
-0.00108286
-0.00101946
-0.000993964
-0.00100074
-0.00102951
-0.00106938
-0.00111156
-0.00115031
-0.00118276
-0.00120823
-0.00122763
-0.00124281
-0.0012559
-0.00126879
-0.00128294
-0.00129924
-0.00131807
-0.00133945
-0.00136314
-0.00138877
-0.00141597
-0.00144443
-0.00147395
-0.00150443
-0.00153588
-0.00156839
-0.00160209
-0.00163714
-0.00167369
-0.0017119
-0.00175189
-0.00179379
-0.00183767
-0.00188363
-0.00193174
-0.00198208
-0.00203473
-0.00208977
-0.00214729
-0.00220737
-0.00227011
-0.00233561
-0.00240396
-0.00247524
-0.00254954
-0.00262691
-0.00270743
-0.00279111
-0.00287799
-0.00296806
-0.0030613
-0.00315764
-0.00325702
-0.00335931
-0.00346439
-0.00357205
-0.00368211
-0.00379431
-0.0039084
-0.00402404
-0.00414099
-0.00425895
-0.00437774
-0.0044972
-0.00461714
-0.00473754
-0.00485808
-0.00497889
-0.00509959
-0.00522051
-0.00534122
-0.00546201
-0.00558268
-0.00570293
-0.00582287
-0.00594151
-0.00605921
-0.006175
-0.0062888
-0.00640089
-0.00650984
-0.00661649
-0.00671958
-0.00681952
-0.00691608
-0.00700699
-0.0070927
-0.00717494
-0.00724885
-0.00730904
)
;

boundaryField
{
    zeroGradient
    {
        type            zeroGradient;
    }
    inlet
    {
        type            zeroGradient;
    }
    fixedWalls
    {
        type            zeroGradient;
    }
    frontAndBack
    {
        type            empty;
    }
}


// ************************************************************************* //
